lat,lon,mu,std,ep
63.43436037176624,10.37014203833637,,,
63.43436037176624,10.370784807493992,,,
63.43436037176624,10.371427576651614,,,
63.43436037176624,10.372070345809236,,,
63.43436037176624,10.372713114966858,,,
63.43460932030402,10.369177643376027,,,
63.43460932030402,10.369820418119188,,,
63.43460932030402,10.370463192862347,,,
63.43460932030402,10.371105967605509,,,
63.43460932030402,10.37174874234867,,,
63.43460932030402,10.37239151709183,,,
63.43460932030402,10.37303429183499,,,
63.43460932030402,10.38074758875292,,,
63.4348582688418,10.359214307050866,,,
63.4348582688418,10.368213231654186,,,
63.4348582688418,10.368856011982995,,,
63.4348582688418,10.369498792311804,,,
63.4348582688418,10.370141572640613,,,
63.4348582688418,10.370784352969421,,,
63.4348582688418,10.37142713329823,,,
63.4348582688418,10.372069913627039,,,
63.4348582688418,10.372712693955847,,,
63.4348582688418,10.373355474284656,,,
63.4348582688418,10.379783277572741,,,
63.4348582688418,10.38042605790155,,,
63.4348582688418,10.381068838230359,,,
63.4348582688418,10.381711618559168,,,
63.43510721737958,10.358892586281003,,,
63.43510721737958,10.35953537219557,,,
63.43510721737958,10.360178158110134,,,
63.43510721737958,10.367248803170359,25.454228999355518,1.4999999369274375,0.8145017632836933
63.43510721737958,10.367891589084925,25.646512210431958,1.5000000050821474,0.7782901379244489
63.43510721737958,10.36853437499949,25.818863569307457,1.500000126537569,0.7430782967952765
63.43510721737958,10.369177160914056,25.939922392725432,1.5000002513542272,0.7149925707380322
63.43510721737958,10.369819946828622,26.020790212917266,1.5000002162031691,0.6958931508603617
63.43510721737958,10.370462732743187,26.069056559920966,1.499999879410262,0.6881738095954525
63.43510721737958,10.371105518657753,26.09422299927446,1.4999991350404203,0.6912502170502905
63.43510721737958,10.37174830457232,26.06216637553609,1.4999986262633085,0.704633273865889
63.43510721737958,10.372391090486884,25.923231552543513,1.4999991029706958,0.729467184780647
63.43510721737958,10.37303387640145,25.64039319440929,1.5000009352166692,0.7653591421105688
63.43510721737958,10.373676662316017,25.27239290370995,1.5000060724589572,0.8006784481010198
63.43510721737958,10.374319448230581,24.8397254105318,1.500013829409236,0.8347853422250197
63.43510721737958,10.379461735547109,22.38353306786096,1.5000162782343562,0.9991078553932183
63.43510721737958,10.380104521461675,22.62495609317651,1.4999931156441164,0.996301772875817
63.43510721737958,10.38074730737624,22.978653823773325,1.4999589513259974,0.9910937855338351
63.43510721737958,10.381390093290806,23.395941251949058,1.499939042233548,0.9837924101192469
63.43510721737958,10.382032879205372,23.78532502971393,1.499971602906191,0.9753569594209224
63.43510721737958,10.382675665119937,,,
63.43535616591737,10.357928068418433,,,
63.43535616591737,10.358570859918865,,,
63.43535616591737,10.359213651419298,,,
63.43535616591737,10.35985644291973,,,
63.43535616591737,10.360499234420162,,,
63.43535616591737,10.361142025920593,,,
63.43535616591737,10.366284357924052,25.07979922152769,1.4999999253017282,0.8666544983691528
63.43535616591737,10.366927149424482,25.285624851369782,1.4999999622335751,0.8348051534296441
63.43535616591737,10.367569940924914,25.59605055576367,1.4999999964767723,0.7878462641030867
63.43535616591737,10.368212732425347,25.799414563740505,1.5000000337332506,0.7453164345729494
63.43535616591737,10.36885552392578,25.943680290826467,1.5000001309866167,0.7144116329725445
63.43535616591737,10.369498315426211,26.03350149700032,1.50000019841382,0.6925817078891586
63.43535616591737,10.370141106926644,26.077419302612114,1.500000026238756,0.6837329588345451
63.43535616591737,10.370783898427076,26.082586672259072,1.4999997562732832,0.6854123860322693
63.43535616591737,10.371426689927508,26.058329346750163,1.4999990899698825,0.6980703247442419
63.43535616591737,10.37206948142794,25.95289292072997,1.4999988827757795,0.7226146970905039
63.43535616591737,10.372712272928371,25.724041761171186,1.4999998012819784,0.7623098574193652
63.43535616591737,10.373355064428804,25.390475411076288,1.50000088327583,0.8056454093266223
63.43535616591737,10.373997855929236,24.915968686842795,1.5000016845276574,0.8445615605867768
63.43535616591737,10.374640647429668,24.488473586988633,1.5000059491439564,0.8781593948168959
63.43535616591737,10.3752834389301,24.02246582683717,1.5000132110046247,0.9088589619019825
63.43535616591737,10.375926230430533,23.551504474142618,1.5000213451504425,0.9364346328476597
63.43535616591737,10.37785460493183,22.476010566520205,1.5000316518705337,0.9953059011355447
63.43535616591737,10.378497396432262,22.379759136204594,1.5000256156190146,1.0027898023605775
63.43535616591737,10.379140187932693,22.468744654238453,1.5000147362059377,1.0009969879893315
63.43535616591737,10.379782979433125,22.703555079439937,1.5000000680280376,0.9952978078356298
63.43535616591737,10.380425770933558,23.025457936648106,1.499988598179892,0.9904781268467974
63.43535616591737,10.38106856243399,23.34451901503178,1.499973093733314,0.9852261587444747
63.43535616591737,10.381711353934422,23.67028715220531,1.4999894808952419,0.9785575793113855
63.43535616591737,10.382354145434855,23.819523237046056,1.500030738269257,0.9757607764828673
63.43535616591737,10.382996936935287,24.14056986568249,1.5001976154205285,0.9590833852517439
63.43535616591737,10.38363972843572,,,
63.43560511445515,10.357606330877879,,,
63.43560511445515,10.358249127964287,,,
63.43560511445515,10.358891925050694,,,
63.43560511445515,10.359534722137102,,,
63.43560511445515,10.36017751922351,,,
63.43560511445515,10.360820316309917,,,
63.43560511445515,10.361463113396326,24.963768011693617,1.4999998670771009,0.9065826433806657
63.43560511445515,10.362105910482732,24.783797260489678,1.499999869227457,0.9326564453570328
63.43560511445515,10.362748707569141,24.649305582430085,1.4999999046882124,0.9495243834699002
63.43560511445515,10.365319895914771,24.690122940421496,1.4999999518651927,0.9193763690542793
63.43560511445515,10.36596269300118,24.890386837157582,1.4999999723771822,0.8900613687855939
63.43560511445515,10.366605490087586,25.268743792426903,1.4999999788827285,0.840449772892697
63.43560511445515,10.367248287173995,25.57060944751609,1.499999996405154,0.794712000915471
63.43560511445515,10.367891084260403,25.780901180044626,1.5000000120259533,0.7508157213800938
63.43560511445515,10.36853388134681,25.95013376367414,1.5000000288472175,0.7126408441148258
63.43560511445515,10.369176678433218,26.05522301350418,1.5000000999300198,0.6885676683781383
63.43560511445515,10.369819475519625,26.10089803024384,1.5000000483217502,0.677725701406693
63.43560511445515,10.370462272606034,26.101471963098575,1.4999999309728742,0.6782874229637856
63.43560511445515,10.371105069692442,26.06453402792707,1.49999976976527,0.6889517182251028
63.43560511445515,10.371747866778849,25.985054250183264,1.4999993182308313,0.7116522063669968
63.43560511445515,10.372390663865257,25.79865450666565,1.499999652760893,0.7497317539835012
63.43560511445515,10.373033460951664,25.546908138011318,1.5000001026654453,0.8001300726908013
63.43560511445515,10.373676258038072,25.182669128189925,1.5000005835679453,0.8461458115196544
63.43560511445515,10.37431905512448,24.621007384463955,1.5000003614093338,0.8874147349950268
63.43560511445515,10.374961852210888,24.11107285265611,1.500000888721141,0.9206446440440542
63.43560511445515,10.375604649297296,23.67123112530046,1.5000045583285864,0.9485420405005703
63.43560511445515,10.376247446383703,23.21960314009375,1.5000105859644712,0.9725421074240667
63.43560511445515,10.376890243470111,22.82156221942492,1.5000157324512469,0.9916803868469004
63.43560511445515,10.377533040556518,22.569582559817896,1.500016603082581,1.0038056372543493
63.43560511445515,10.378175837642926,22.489275589251474,1.5000133054846654,1.0067133086576425
63.43560511445515,10.378818634729335,22.54487026997944,1.5000095450457156,1.000920803005028
63.43560511445515,10.379461431815741,22.75805796024802,1.5000008424004208,0.994792010870192
63.43560511445515,10.38010422890215,23.107596308457616,1.499995448321429,0.9887267842417926
63.43560511445515,10.380747025988557,23.40126034966262,1.4999926512488133,0.9842864028582128
63.43560511445515,10.381389823074965,23.65599752708528,1.4999957819740428,0.9797877695775561
63.43560511445515,10.382032620161374,23.77168430156601,1.5000232892184187,0.977942428754933
63.43560511445515,10.38267541724778,23.70612923443172,1.5000011322855555,0.9823742893764784
63.43560511445515,10.383318214334189,24.10988873508856,1.500240674806342,0.9576040945802267
63.43560511445515,10.383961011420595,,,
63.43585406299293,10.356641785072119,,,
63.43585406299293,10.357284587744612,,,
63.43585406299293,10.357927390417105,,,
63.43585406299293,10.358570193089596,25.441582201405847,1.4999999712753622,0.8151742633408762
63.43585406299293,10.359212995762089,25.204812014459325,1.4999999716326042,0.8564125063613869
63.43585406299293,10.359855798434582,24.982308237792,1.4999999776830464,0.8933728065328483
63.43585406299293,10.360498601107075,24.817701960120694,1.4999999827520343,0.9184257395208681
63.43585406299293,10.361141403779566,24.703596361680574,1.4999999863817548,0.930310272670521
63.43585406299293,10.361784206452059,24.605566611287095,1.499999986834784,0.9362214768621168
63.43585406299293,10.362427009124552,24.535859083063393,1.4999999859599364,0.9394493343726884
63.43585406299293,10.363069811797045,24.47472578610227,1.499999989366237,0.9454747240516415
63.43585406299293,10.363712614469538,24.412503758703,1.499999989987731,0.9538918985882617
63.43585406299293,10.36435541714203,24.457683470381518,1.4999999905047052,0.9479133034215945
63.43585406299293,10.364998219814522,24.65177800647511,1.4999999946865286,0.9211957520452067
63.43585406299293,10.365641022487015,24.97172098395616,1.4999999949386722,0.8806962565002492
63.43585406299293,10.366283825159508,25.30212019763559,1.4999999953422318,0.8367335384108343
63.43585406299293,10.366926627832,25.578973058159637,1.499999999172603,0.7937982447429304
63.43585406299293,10.367569430504492,25.7893091465525,1.499999998578192,0.7516601706510103
63.43585406299293,10.368212233176985,25.956486806528247,1.4999999979650784,0.7139061047829474
63.43585406299293,10.368855035849478,26.072195799326767,1.5000000081443,0.6858509159413432
63.43585406299293,10.369497838521971,26.126390052728215,1.5000000206242252,0.6723292964478746
63.43585406299293,10.370140641194462,26.131277425678572,1.4999999982720433,0.6705771661529369
63.43585406299293,10.370783443866955,26.09186692100399,1.499999961940914,0.6801231192264493
63.43585406299293,10.371426246539448,26.01179465460774,1.4999998933493415,0.70062489947123
63.43585406299293,10.372069049211941,25.8713037465118,1.4999999094321441,0.7350591274117078
63.43585406299293,10.372711851884432,25.660661661605452,1.5000000958677446,0.7821082297244386
63.43585406299293,10.373354654556925,25.369436334524575,1.5000001889324284,0.834155609663628
63.43585406299293,10.373997457229418,24.974478761474792,1.5000000703982697,0.8828203135618395
63.43585406299293,10.374640259901911,24.447934224308135,1.4999995847594703,0.9233515575935682
63.43585406299293,10.375283062574402,23.894094976621236,1.4999993693131215,0.9542177747429097
63.43585406299293,10.375925865246895,23.41342606616966,1.500000119022992,0.9774106222019388
63.43585406299293,10.376568667919388,23.019399712316584,1.5000031494084995,0.9953279552112299
63.43585406299293,10.377211470591881,22.75334854449884,1.5000039589563683,1.004659289172965
63.43585406299293,10.377854273264374,22.62354337006617,1.5000036007415867,1.005215329125886
63.43585406299293,10.378497075936865,22.649460960350115,1.5000026336566892,1.000612312790342
63.43585406299293,10.379139878609358,22.840918960671434,1.4999998682584144,0.9940633870885598
63.43585406299293,10.379782681281851,23.153781337160364,1.4999975277298367,0.9876225995625711
63.43585406299293,10.380425483954344,23.46854694834141,1.4999965062720055,0.9824347612474723
63.43585406299293,10.381068286626835,23.69857046612932,1.4999988619555271,0.9792366829496146
63.43585406299293,10.381711089299328,23.801816026955965,1.5000088282228212,0.9782543808660562
63.43585406299293,10.382353891971821,23.758873946081554,1.5000092490972325,0.9806670538912784
63.43585406299293,10.382996694644314,23.62475021257213,1.500004402764392,0.9844423409845299
63.43585406299293,10.383639497316807,23.812879851299645,1.5001460274140517,0.9684417263469226
63.43585406299293,10.384282299989298,24.565216021624163,1.503556840193009,0.9287032195747987
63.43585406299293,10.384925102661791,,,
63.43610301153071,10.35632003075978,,,
63.43610301153071,10.356962839018466,25.93692396590604,1.5000000007396985,0.7178509922379813
63.43610301153071,10.357605647277154,25.735393951690373,1.4999999997898137,0.7570839596543263
63.43610301153071,10.35824845553584,25.50790295863053,1.5000000012005004,0.7997906715189799
63.43610301153071,10.358891263794527,25.32194215439568,1.5000000014536787,0.8332959476575643
63.43610301153071,10.359534072053213,25.172862440490682,1.5000000006020355,0.8585899070343777
63.43610301153071,10.3601768803119,25.03316156448442,1.5000000011925105,0.8781602057208304
63.43610301153071,10.360819688570587,24.913828620238267,1.5000000022477304,0.8918496453258492
63.43610301153071,10.361462496829274,24.82265293045601,1.5000000018678974,0.9028396572654063
63.43610301153071,10.36210530508796,24.760355959121583,1.5000000005597116,0.909929503507573
63.43610301153071,10.362748113346646,24.64795875364377,1.500000000775644,0.92306540991908
63.43610301153071,10.363390921605333,24.594695411829136,1.500000001551161,0.9283284708760544
63.43610301153071,10.364033729864019,24.679985530361378,1.5000000018472965,0.9147547134882045
63.43610301153071,10.364676538122707,24.87471920800979,1.5000000014287818,0.8862084881956258
63.43610301153071,10.365319346381392,25.134578056741717,1.5000000010095078,0.8530749143639599
63.43610301153071,10.36596215464008,25.404169310909086,1.500000000849044,0.8165689811398646
63.43610301153071,10.366604962898766,25.63064713334027,1.50000000116095,0.7806438460488244
63.43610301153071,10.367247771157453,25.821004230876483,1.49999999667515,0.745231952272071
63.43610301153071,10.36789057941614,25.977373336377724,1.4999999854144281,0.7113397400966028
63.43610301153071,10.368533387674825,26.08578901930647,1.49999997996882,0.6846240211785525
63.43610301153071,10.369176195933512,26.138070597855865,1.499999990582343,0.6707050557322723
63.43610301153071,10.369819004192198,26.146254891970102,1.500000030129732,0.6675568690098448
63.43610301153071,10.370461812450886,26.112089205807912,1.500000066530839,0.6749331900483704
63.43610301153071,10.371104620709572,26.03480329293107,1.5000000862773615,0.6935451638922542
63.43610301153071,10.37174742896826,25.92491161759001,1.5000000702400391,0.721007752959335
63.43610301153071,10.372390237226945,25.75397285077436,1.5000001308599527,0.7623188389742812
63.43610301153071,10.373033045485633,25.507908498177173,1.5000001927124544,0.8120910962665244
63.43610301153071,10.373675853744318,25.175708724381696,1.5000000710698629,0.8635053216019802
63.43610301153071,10.374318662003004,24.76242397208516,1.499999686839523,0.9096842807046368
63.43610301153071,10.374961470261692,24.280472912657707,1.4999990292825167,0.9454434658520967
63.43610301153071,10.375604278520377,23.771842225457792,1.4999986434055297,0.971503344923909
63.43610301153071,10.376247086779065,23.32979660339847,1.4999991303462132,0.9899202441286915
63.43610301153071,10.37688989503775,23.02279809748584,1.500000233179614,1.0002590781876042
63.43610301153071,10.377532703296438,22.849388038146426,1.5000003692497716,1.0021946478346817
63.43610301153071,10.378175511555124,22.831700743523633,1.4999998964498131,0.9989711611932937
63.43610301153071,10.378818319813812,22.976080450083447,1.4999990684699318,0.992790090529699
63.43610301153071,10.379461128072498,23.218810270012494,1.4999976299010163,0.9865671706534099
63.43610301153071,10.380103936331183,23.504670895435957,1.4999961599764595,0.9813069754309653
63.43610301153071,10.380746744589871,23.751021240583906,1.4999970430778247,0.9776781722729961
63.43610301153071,10.381389552848557,23.86183344670613,1.5000011789049852,0.9767638491799525
63.43610301153071,10.382032361107244,23.836196091681224,1.5000043760597452,0.9784109369348644
63.43610301153071,10.38267516936593,23.69925003540768,1.5000039178918994,0.9819812251421148
63.43610301153071,10.383317977624618,23.49303457929588,1.499996401566889,0.9863200116091135
63.43610301153071,10.383960785883303,23.490977984159326,1.5000367195656454,0.9785402374637805
63.43610301153071,10.384603594141991,24.66515537791647,1.5008773028642253,0.903346311385475
63.43610301153071,10.385246402400677,24.739604990972254,1.5004979658355646,0.9336200083441487
63.43610301153071,10.385889210659363,,,
63.43635196006849,10.356641084699282,,,
63.43635196006849,10.35728389854427,25.936834916605378,1.5000000001250842,0.7160303161102501
63.43635196006849,10.357926712389261,25.773869395017673,1.5000000000413136,0.749264291290305
63.43635196006849,10.358569526234252,25.59119148852956,1.5000000012571433,0.7841106340571407
63.43635196006849,10.35921234007924,25.444138484071946,1.5000000012982275,0.8107903114841494
63.43635196006849,10.359855153924231,25.30559209250045,1.5000000009944028,0.8365995407328595
63.43635196006849,10.36049796776922,25.18983361863326,1.5000000015459038,0.8544818802050688
63.43635196006849,10.36114078161421,25.09670030017083,1.5000000022367108,0.8669529212996706
63.43635196006849,10.361783595459201,25.03485604330771,1.5000000020867343,0.8749200861941311
63.43635196006849,10.36242640930419,25.014179109737217,1.500000001216179,0.8766409456486196
63.43635196006849,10.36306922314918,24.958718568373612,1.5000000017628055,0.8811834954984354
63.43635196006849,10.363712036994169,24.99477226603273,1.5000000027839069,0.872002160399897
63.43635196006849,10.36435485083916,25.144011556308435,1.5000000031656582,0.8444246139063086
63.43635196006849,10.36499766468415,25.34271152961223,1.500000002216981,0.812490288600702
63.43635196006849,10.365640478529139,25.57000981238245,1.5000000016149762,0.7813902163824753
63.43635196006849,10.36628329237413,25.75052897087448,1.500000002012633,0.7533984591290762
63.43635196006849,10.366926106219118,25.877366200351307,1.5000000025513667,0.7299558718729422
63.43635196006849,10.367568920064109,26.007061405856106,1.4999999949185818,0.7038670547882107
63.43635196006849,10.3682117339091,26.103228071413564,1.4999999790564098,0.6804480059606711
63.43635196006849,10.368854547754088,26.144514389730034,1.4999999753871769,0.6694767489765556
63.43635196006849,10.369497361599079,26.13518930002046,1.4999999922442324,0.6711090471226961
63.43635196006849,10.37014017544407,26.099467035267516,1.500000046695388,0.6786729860247217
63.43635196006849,10.370782989289058,26.031493834327687,1.5000001162888297,0.6943394405551547
63.43635196006849,10.371425803134048,25.944520139562677,1.500000150205117,0.7160168596828633
63.43635196006849,10.372068616979037,25.81770382174757,1.5000001061237958,0.7454786630479309
63.43635196006849,10.372711430824028,25.615438419413543,1.500000129523659,0.7899648356311837
63.43635196006849,10.373354244669018,25.332080562079167,1.500000083683664,0.8400234761040178
63.43635196006849,10.373997058514007,24.961741713113963,1.4999998884295025,0.8884392638370471
63.43635196006849,10.374639872358998,24.56014692358797,1.499999553433745,0.9291174371104498
63.43635196006849,10.375282686203986,24.09853621791501,1.4999987534201094,0.9587732721785909
63.43635196006849,10.375925500048977,23.67000443425146,1.4999984462603886,0.9802381333529626
63.43635196006849,10.376568313893967,23.34639951705978,1.49999898749861,0.9933745004732066
63.43635196006849,10.377211127738956,23.14143929572839,1.49999977078316,0.9987853112246485
63.43635196006849,10.377853941583947,23.070077645638065,1.4999995027048487,0.9966199564761192
63.43635196006849,10.378496755428936,23.151884528746873,1.49999868176263,0.9913622525566905
63.43635196006849,10.379139569273926,23.351120659879392,1.4999982775868008,0.9842769446533617
63.43635196006849,10.379782383118917,23.578643420861027,1.49999743754395,0.9791409575185603
63.43635196006849,10.380425196963905,23.810714843600994,1.4999968781544386,0.9754926277490426
63.43635196006849,10.381068010808896,23.906623962075734,1.4999989464985022,0.9749021287916027
63.43635196006849,10.381710824653885,23.891187824763207,1.5000009468800295,0.9765680291240231
63.43635196006849,10.382353638498875,23.764127016705718,1.5000002206021572,0.9800563953861815
63.43635196006849,10.382996452343866,23.555501817605712,1.4999932624556611,0.9847267458229138
63.43635196006849,10.383639266188855,23.268473481516917,1.499990939729387,0.990584197335477
63.43635196006849,10.384282080033845,23.22148385402208,1.4999638885462623,0.9832686013076356
63.43635196006849,10.384924893878834,24.79737971126296,1.5004436637374392,0.8710782960300275
63.43635196006849,10.385567707723824,25.017261719420738,1.5102392141783822,0.887225622021985
63.43635196006849,10.386210521568815,,,
63.43660090860627,10.35631932478689,,,
63.43660090860627,10.356962144218294,26.078818915093223,1.5000000012816035,0.6846099245698847
63.43660090860627,10.357604963649695,25.972515883441037,1.500000000031793,0.7082594272384607
63.43660090860627,10.358247783081097,25.837574759181024,1.5000000003295497,0.7365192648467007
63.43660090860627,10.3588906025125,25.698920907727523,1.5000000008753138,0.7633853799324684
63.43660090860627,10.359533421943903,25.56739078661591,1.5000000009528718,0.789617301289548
63.43660090860627,10.360176241375305,25.450655586992205,1.5000000007838268,0.8129333018691182
63.43660090860627,10.360819060806707,25.35917697237705,1.5000000012080816,0.8286457267785655
63.43660090860627,10.361461880238108,25.296193457785535,1.5000000015242991,0.8386127610395029
63.43660090860627,10.362104699669512,25.274445391257995,1.50000000154474,0.8418926782012013
63.43660090860627,10.362747519100914,25.28876721402212,1.5000000010044225,0.8376725612005016
63.43660090860627,10.363390338532316,25.30403356827592,1.5000000016626096,0.8304830558842903
63.43660090860627,10.36403315796372,25.419917924926146,1.500000002113913,0.8058645567652651
63.43660090860627,10.364675977395121,25.584753540324837,1.5000000019987492,0.7730092194864201
63.43660090860627,10.365318796826523,25.75795825097928,1.5000000013292414,0.7430943028321401
63.43660090860627,10.365961616257925,25.91044663775828,1.500000001562634,0.7190097328142899
63.43660090860627,10.366604435689329,26.00085704054876,1.5000000030214815,0.7014902144248546
63.43660090860627,10.36724725512073,26.06511024158386,1.5000000023845084,0.6881137342816125
63.43660090860627,10.367890074552133,26.132015042358226,1.4999999924044332,0.6730778795625246
63.43660090860627,10.368532893983534,26.157877580515184,1.499999981563117,0.6658122937902684
63.43660090860627,10.369175713414938,26.134767621814937,1.4999999848968166,0.6709577397480178
63.43660090860627,10.36981853284634,26.087955708533286,1.5000000011644885,0.6819938550751347
63.43660090860627,10.370461352277742,26.021560220630906,1.5000000589544162,0.6973815343927814
63.43660090860627,10.371104171709144,25.943258094907243,1.5000001048592366,0.7167418055443804
63.43660090860627,10.371746991140547,25.846450696956197,1.5000000944332688,0.7400152251846887
63.43660090860627,10.37238981057195,25.69021923968292,1.5000000605331079,0.7722505825980139
63.43660090860627,10.373032630003351,25.4540955945828,1.500000057365638,0.8175324860098708
63.43660090860627,10.373675449434753,25.133052522579895,1.499999976434541,0.8640292142627298
63.43660090860627,10.374318268866157,24.767481118907536,1.4999998751385022,0.9088722764609365
63.43660090860627,10.374961088297558,24.393387273594925,1.4999995793899514,0.9433412202728918
63.43660090860627,10.37560390772896,23.999065408304226,1.4999989808675744,0.9676250922035895
63.43660090860627,10.376246727160364,23.682854231379356,1.4999990375909844,0.9831261756244807
63.43660090860627,10.376889546591766,23.44604273712402,1.4999993341697957,0.9910540628385933
63.43660090860627,10.377532366023168,23.332551880938453,1.4999996689213146,0.992447625162896
63.43660090860627,10.37817518545457,23.35628170338395,1.4999991132347696,0.9886618879941572
63.43660090860627,10.378818004885973,23.511771239104526,1.499998771281089,0.9822764902662757
63.43660090860627,10.379460824317375,23.694205151932355,1.4999987086876991,0.9763228844464863
63.43660090860627,10.380103643748777,23.874902958671058,1.4999982901160593,0.9728863939852888
63.43660090860627,10.380746463180179,23.959250886023657,1.4999990595946868,0.9723168645908467
63.43660090860627,10.381389282611583,23.932305971606358,1.4999999133945314,0.974488937445905
63.43660090860627,10.382032102042984,23.832682365102695,1.5000000839633802,0.9778143310060634
63.43660090860627,10.382674921474386,23.639130302487942,1.4999959187314942,0.9824823204494957
63.43660090860627,10.383317740905788,23.37653149630116,1.4999930328575768,0.9881962317088172
63.43660090860627,10.383960560337192,23.04476689176521,1.499996525010126,0.9943495789512334
63.43660090860627,10.384603379768594,22.988459838533267,1.4999688244759233,0.9854464026527596
63.43660090860627,10.385246199199996,24.778318214364994,1.5005355630049788,0.8739178683212113
63.43660090860627,10.385889018631397,25.111458657619508,1.5055360560108944,0.8583443490921026
63.43660090860627,10.386531838062801,25.146101252531082,1.5049985911372588,0.897871621975768
63.436849857144054,10.356640384299054,26.220300509508768,1.5000000024346638,0.6518967469802199
63.436849857144054,10.357283209316979,26.103683854291226,1.5000000002306937,0.6783114751682365
63.436849857144054,10.357926034334902,26.032803490994905,1.5000000000054476,0.6956764071702766
63.436849857144054,10.358568859352827,25.92370285121156,1.5000000001586924,0.7188845939762
63.436849857144054,10.35921168437075,25.80856045389835,1.500000000227955,0.7433321142003311
63.436849857144054,10.359854509388674,25.699663157628333,1.5000000002222142,0.7665592900354476
63.436849857144054,10.360497334406599,25.607251530538043,1.5000000001865719,0.7860372161996843
63.436849857144054,10.361140159424522,25.54427444308914,1.5000000002376948,0.7989650036260885
63.436849857144054,10.361782984442447,25.518250421848432,1.5000000003425407,0.804729355793407
63.436849857144054,10.36242580946037,25.527941887417676,1.5000000003985696,0.8025699254534099
63.436849857144054,10.363068634478296,25.571546513449164,1.5000000002372549,0.7920574052432325
63.436849857144054,10.36371145949622,25.666409965261042,1.5000000000588742,0.770355737160217
63.436849857144054,10.364354284514143,25.803503193755173,1.4999999999275087,0.7403716166692708
63.436849857144054,10.364997109532068,25.947539049174754,1.500000000032975,0.7099408697834054
63.436849857144054,10.365639934549991,26.069664148324925,1.5000000004174159,0.6860568543853289
63.436849857144054,10.366282759567916,26.144083904419094,1.5000000023684767,0.6706083730015036
63.436849857144054,10.36692558458584,26.178617899374355,1.5000000040312447,0.6622235017329979
63.436849857144054,10.367568409603763,26.188979968588256,1.5000000022153932,0.6586785355839092
63.436849857144054,10.368211234621688,26.187399058993428,1.4999999948666014,0.6581238965130379
63.436849857144054,10.368854059639611,26.152770373978893,1.4999999901959167,0.665942792116393
63.436849857144054,10.369496884657536,26.095077764870883,1.499999990865605,0.6798091130836511
63.436849857144054,10.37013970967546,26.02340389287394,1.5000000012320376,0.6973325501229453
63.436849857144054,10.370782534693383,25.944667066553293,1.5000000176244825,0.7169533898568923
63.436849857144054,10.371425359711308,25.855221237360716,1.500000010647474,0.7385581631053472
63.436849857144054,10.372068184729232,25.72965923812618,1.5000000028883158,0.76499602613701
63.436849857144054,10.372711009747157,25.541128158018743,1.5000000091235124,0.7997803767697562
63.436849857144054,10.37335383476508,25.27212574758585,1.5000000317512237,0.8424400786085834
63.436849857144054,10.373996659783003,24.954829121960472,1.5000000584763002,0.8858151715900701
63.436849857144054,10.374639484800928,24.618792466111103,1.5000000203580284,0.9244673103945964
63.436849857144054,10.375282309818852,24.289122700183896,1.4999998277086606,0.9528004536395451
63.436849857144054,10.375925134836777,23.99360847141396,1.4999997838871355,0.9707355145710187
63.436849857144054,10.3765679598547,23.75697616272159,1.4999998430264936,0.9808255075353726
63.436849857144054,10.377210784872625,23.606655901390123,1.4999998989132073,0.9847211730135379
63.436849857144054,10.377853609890549,23.578425839240737,1.4999998389857296,0.9836420812566251
63.436849857144054,10.378496434908472,23.671529594460047,1.4999997307191453,0.9792385789533354
63.436849857144054,10.379139259926397,23.81665778520697,1.4999996671494273,0.9739720712160951
63.436849857144054,10.37978208494432,23.95118370397191,1.499999714675873,0.9700771466014714
63.436849857144054,10.380424909962246,24.018555498101573,1.5000000403208367,0.9694143730154148
63.436849857144054,10.381067734980169,23.994031424985355,1.500000618949706,0.9714213168212036
63.436849857144054,10.381710559998092,23.89498887386569,1.5000007301523528,0.9751384901170879
63.436849857144054,10.382353385016017,23.733583693091145,1.4999996281248793,0.9796979357620317
63.436849857144054,10.38299621003394,23.504608607711624,1.4999976808078874,0.9850772726947794
63.436849857144054,10.383639035051866,23.221287653884904,1.4999969947453622,0.9906952741173276
63.436849857144054,10.38428186006979,22.90418780000046,1.4999977267796811,0.9953577344666322
63.436849857144054,10.384924685087713,22.756888082775827,1.4999868494281063,0.9875627157877523
63.436849857144054,10.385567510105638,24.697436341348336,1.5003855097971668,0.867181480183003
63.436849857144054,10.386210335123561,25.25642596780555,1.50183135322687,0.8168479129852411
63.436849857144054,10.386853160141486,25.476613061105443,1.5183755110629,0.8383205858782388
63.437098805681835,10.356318618786391,26.373477110419177,1.5000000035451744,0.6156739460507741
63.437098805681835,10.356961449390946,26.223262328726793,1.500000000896292,0.6499930522444288
63.437098805681835,10.3576042799955,26.172059015211868,1.4999999999498068,0.6636635993643846
63.437098805681835,10.358247110600056,26.110172432867646,1.4999999998921896,0.6784772352715334
63.437098805681835,10.35888994120461,26.019987465203695,1.4999999999630949,0.6980294480106494
63.437098805681835,10.359532771809167,25.924844890689318,1.4999999998766511,0.719648416651711
63.437098805681835,10.360175602413722,25.84082222292978,1.499999999737071,0.7388742153160827
63.437098805681835,10.360818433018277,25.7719510748215,1.4999999996251687,0.7546110743826391
63.437098805681835,10.361461263622832,25.735541047852323,1.499999999696517,0.7629469816637984
63.437098805681835,10.362104094227387,25.737910774279133,1.4999999997513465,0.7638210331061079
63.437098805681835,10.362746924831942,25.77551507595305,1.4999999996516036,0.7565979905460956
63.437098805681835,10.363389755436497,25.838725484689746,1.499999999444226,0.7412557584468135
63.437098805681835,10.364032586041052,25.941235617442516,1.4999999992619992,0.7164428687542512
63.437098805681835,10.364675416645607,26.06991201646204,1.499999999220873,0.6870138124469802
63.437098805681835,10.365318247250162,26.187538761409467,1.4999999993883755,0.6620062879569093
63.437098805681835,10.365961077854717,26.25155426765389,1.5000000004398701,0.6485346726892829
63.437098805681835,10.366603908459272,26.269889543829787,1.5000000039541046,0.6429327904156152
63.437098805681835,10.367246739063827,26.256508411610422,1.500000005693586,0.6432375084376478
63.437098805681835,10.367889569668382,26.239756756322844,1.5000000023380549,0.6454151991910877
63.437098805681835,10.368532400272937,26.206623666824974,1.4999999932699577,0.6528599726896926
63.437098805681835,10.369175230877492,26.140976809540447,1.4999999830409982,0.6686618022533328
63.437098805681835,10.369818061482047,26.05693066779154,1.499999980204891,0.6892770065199565
63.437098805681835,10.370460892086601,25.964426285194616,1.4999999889156397,0.7118670495217653
63.437098805681835,10.371103722691158,25.871869557586038,1.4999999915522066,0.7335839712046686
63.437098805681835,10.371746553295713,25.760830817901578,1.4999999803240138,0.7577652226266003
63.437098805681835,10.372389383900268,25.599594518540794,1.4999999769054178,0.7885042244623872
63.437098805681835,10.373032214504823,25.369617577414807,1.5000000019869346,0.8275236841390704
63.437098805681835,10.373675045109378,25.10326871838632,1.500000121399906,0.8684577858834448
63.437098805681835,10.374317875713933,24.806186613637024,1.500000226561619,0.9073567814548034
63.437098805681835,10.374960706318488,24.51529745804403,1.5000002327190074,0.9373228441252253
63.437098805681835,10.375603536923043,24.262505426119304,1.5000001003671362,0.9563397447293854
63.437098805681835,10.376246367527598,24.03265825579053,1.5000001059487627,0.9687670095298198
63.437098805681835,10.376889198132153,23.874165144302506,1.500000165247522,0.9742406402939628
63.437098805681835,10.377532028736708,23.807135938994442,1.5000001903026212,0.9755848069787095
63.437098805681835,10.378174859341263,23.816595019899875,1.500000151119605,0.9740716718553334
63.437098805681835,10.378817689945818,23.912392219785854,1.500000187593225,0.9703557892756008
63.437098805681835,10.379460520550372,24.027616135052376,1.5000003063983331,0.9669464319113681
63.437098805681835,10.380103351154927,24.07876970438255,1.5000005246680193,0.9666892561161773
63.437098805681835,10.380746181759482,24.063746391691293,1.5000010012771199,0.9684500920590475
63.437098805681835,10.381389012364037,23.973479900072185,1.5000016012514301,0.9721377227911459
63.437098805681835,10.382031842968592,23.821259950649793,1.500001390683199,0.9768815589442016
63.437098805681835,10.382674673573147,23.647176526435178,1.500000166092144,0.9810795239255331
63.437098805681835,10.383317504177704,23.403248826556023,1.499999265011652,0.986510325786263
63.437098805681835,10.383960334782259,23.11308135359638,1.499999557924718,0.9916455252895786
63.437098805681835,10.384603165386814,22.794135582648366,1.5000016014369482,0.9955131333441928
63.437098805681835,10.385245995991369,22.592562027732566,1.500003867990249,0.9873396660725915
63.437098805681835,10.385888826595924,24.079040075360545,1.5000979581177836,0.8836784890544856
63.437098805681835,10.386531657200479,25.45772836812093,1.500410190510147,0.7628016272524063
63.437347754219616,10.356639683871435,26.341143028622845,1.5000000012299866,0.6200573067150306
63.437347754219616,10.35728252006273,26.27767021618569,1.5000000000093499,0.6370174715691125
63.437347754219616,10.357925356254027,26.251819841249464,1.499999999832405,0.6451043028122189
63.437347754219616,10.358568192445322,26.201589791579586,1.4999999998756994,0.6562088501537058
63.437347754219616,10.359211028636617,26.132007983592914,1.4999999998935818,0.6717383708262968
63.437347754219616,10.359853864827912,26.05777217422037,1.499999999714785,0.6897991502282778
63.437347754219616,10.360496701019207,25.992137234415473,1.4999999995260225,0.7061997807961236
63.437347754219616,10.361139537210502,25.93537264798083,1.4999999995166813,0.7194205763279297
63.437347754219616,10.361782373401798,25.919351987976174,1.4999999996499778,0.7235857793827275
63.437347754219616,10.362425209593093,25.94418812745644,1.4999999995877638,0.7204522455383707
63.437347754219616,10.363068045784388,25.998836619654252,1.4999999993848436,0.7087972329146123
63.437347754219616,10.363710881975683,26.05913520821659,1.4999999993733513,0.6922789273310406
63.437347754219616,10.364353718166978,26.15399629222737,1.4999999992919757,0.6682904377268497
63.437347754219616,10.364996554358274,26.25822891263875,1.4999999992009136,0.6452971186599276
63.437347754219616,10.36563939054957,26.316158763319603,1.4999999993087751,0.6331357013415382
63.437347754219616,10.366282226740864,26.331016999121502,1.5000000006470993,0.6287296038093244
63.437347754219616,10.36692506293216,26.307531792785493,1.500000004343265,0.630993514846491
63.437347754219616,10.367567899123454,26.285415445840183,1.5000000042834576,0.6343536589608196
63.437347754219616,10.36821073531475,26.258991492695547,1.5000000007519203,0.6402854603914958
63.437347754219616,10.368853571506046,26.204620061159133,1.4999999923169407,0.6534670343435747
63.437347754219616,10.36949640769734,26.117276728841066,1.4999999812918516,0.6749593377115387
63.437347754219616,10.370139243888636,26.019765904751548,1.499999980633348,0.698956894506097
63.437347754219616,10.37078208007993,25.907777718754552,1.4999999885461275,0.7252339345461885
63.437347754219616,10.371424916271227,25.792172056116854,1.4999999863155564,0.7503468407731075
63.437347754219616,10.372067752462522,25.647785248956914,1.4999999738984329,0.7790085296213602
63.437347754219616,10.372710588653817,25.43241258708033,1.499999978396795,0.816393295371449
63.437347754219616,10.373353424845112,25.189250886484352,1.5000000158361877,0.8554342566501797
63.437347754219616,10.373996261036407,24.931010205457483,1.5000001655684656,0.8933700171696018
63.437347754219616,10.374639097227703,24.679525209123533,1.5000002820167166,0.9235128943906166
63.437347754219616,10.375281933418998,24.48281345262783,1.5000002618404231,0.9407289554802897
63.437347754219616,10.375924769610293,24.299668645000157,1.500000143385135,0.9534356783734749
63.437347754219616,10.376567605801588,24.138574992798766,1.500000176567584,0.9607981592773897
63.437347754219616,10.377210441992883,24.051465258972176,1.5000002450734955,0.9643161709517688
63.437347754219616,10.37785327818418,24.01648730821231,1.5000002452843575,0.9657687141845146
63.437347754219616,10.378496114375475,24.031802106180255,1.500000216157101,0.9648784109841144
63.437347754219616,10.37913895056677,24.110876375440156,1.5000003586678854,0.9626610063618221
63.437347754219616,10.379781786758064,24.136040344575097,1.5000006223908438,0.963347292755476
63.437347754219616,10.38042462294936,24.099704915603535,1.5000006927513436,0.9661311329623836
63.437347754219616,10.381067459140656,24.02329249362407,1.5000010771429757,0.9697740173634368
63.437347754219616,10.381710295331951,23.89504216751491,1.500001501236345,0.9742914132517144
63.437347754219616,10.382353131523246,23.764507731692156,1.5000011405961158,0.9776187190451922
63.437347754219616,10.38299596771454,23.594296874660998,1.5000003605028767,0.981678524799109
63.437347754219616,10.383638803905836,23.342584182848157,1.50000018760611,0.9873164615084727
63.437347754219616,10.384281640097132,23.04668957578247,1.5000017461103368,0.9924633706703017
63.437347754219616,10.384924476288427,22.593133607091392,1.5000015451131916,1.0031946475196147
63.437347754219616,10.385567312479722,22.50189057567247,1.5000076800797895,0.9862457041162197
63.437347754219616,10.386210148671017,23.69195317468979,1.499945831409084,0.8854706080205031
63.437347754219616,10.386852984862312,25.58199830585694,1.5003665105585136,0.7301750091239341
63.4375967027574,10.356317912758282,26.466540969578613,1.5000000018112805,0.589335667875136
63.4375967027574,10.356960754536427,26.376003401940682,1.5000000002328775,0.6115906198652822
63.4375967027574,10.35760359631457,26.359796954417405,1.4999999999016809,0.6170925861705776
63.4375967027574,10.358246438092715,26.336244061693943,1.4999999998925233,0.6228182606788488
63.4375967027574,10.35888927987086,26.30230203672759,1.4999999999137947,0.6306668963983791
63.4375967027574,10.359532121649005,26.24925230155441,1.4999999998792013,0.6432863577829242
63.4375967027574,10.36017496342715,26.192345534978955,1.499999999735068,0.6578743547079433
63.4375967027574,10.360817805205295,26.134142874165757,1.4999999996713713,0.6722904181953457
63.4375967027574,10.361460646983438,26.09244065842215,1.499999999699797,0.6824738929337546
63.4375967027574,10.362103488761583,26.093254628718142,1.4999999997868292,0.6835880427955887
63.4375967027574,10.362746330539728,26.12784476222052,1.4999999997132152,0.6766045744947656
63.4375967027574,10.363389172317873,26.179693856135426,1.499999999691041,0.6636200691586749
63.4375967027574,10.364032014096018,26.231812010141123,1.4999999996716347,0.6493369816638148
63.4375967027574,10.364674855874163,26.305372359650818,1.4999999995152709,0.6317034710955911
63.4375967027574,10.365317697652308,26.346472749631083,1.4999999993501398,0.6226122149087707
63.4375967027574,10.365960539430452,26.363410198662933,1.4999999994975026,0.6187007682183686
63.4375967027574,10.366603381208597,26.350608324513047,1.5000000009228278,0.6201882950008817
63.4375967027574,10.367246222986742,26.323719659284684,1.500000002603692,0.6247878590469546
63.4375967027574,10.367889064764887,26.297560042926534,1.500000001600145,0.6308315869566106
63.4375967027574,10.368531906543032,26.25680882022333,1.499999999470067,0.6408890460120019
63.4375967027574,10.369174748321177,26.18576963558635,1.499999992744563,0.6585895969556286
63.4375967027574,10.36981759009932,26.092771206206287,1.4999999892801568,0.681738051009485
63.4375967027574,10.370460431877465,25.980995600529855,1.4999999928943981,0.7087268022216142
63.4375967027574,10.37110327365561,25.84646888050202,1.4999999949781833,0.738611599746914
63.4375967027574,10.371746115433755,25.70063392478051,1.4999999864396982,0.7682933234683953
63.4375967027574,10.3723889572119,25.498264745127226,1.4999999807723994,0.8047471607260753
63.4375967027574,10.373031798990045,25.263705441412377,1.4999999877073034,0.8434523846204451
63.4375967027574,10.373674640768188,25.03197053282869,1.5000000261092012,0.8791208090060982
63.4375967027574,10.374317482546333,24.808840701269126,1.5000001496096624,0.9097093907554772
63.4375967027574,10.374960324324478,24.638079130008574,1.50000017156991,0.9278899866683348
63.4375967027574,10.375603166102623,24.50313267594881,1.500000151821362,0.9387375558692272
63.4375967027574,10.376246007880768,24.375994106209124,1.500000089070616,0.9467675971678233
63.4375967027574,10.376888849658913,24.280334948451205,1.5000001382143424,0.9515931856792611
63.4375967027574,10.377531691437056,24.22974017809877,1.5000001499713305,0.9546771186616302
63.4375967027574,10.378174533215201,24.198418754127182,1.5000001528001967,0.9568251093569143
63.4375967027574,10.378817374993346,24.20648358955587,1.50000017101184,0.9572132477885159
63.4375967027574,10.379460216771491,24.203828104132995,1.500000344442237,0.9588692836103532
63.4375967027574,10.380103058549636,24.147726174634155,1.5000003997002738,0.9625059076278897
63.4375967027574,10.380745900327781,24.07292255042213,1.500000432746403,0.9665944471231728
63.4375967027574,10.381388742105925,23.969206709437916,1.5000007455415312,0.9710371110416286
63.4375967027574,10.38203158388407,23.865455256861342,1.5000007514305684,0.9744019997758194
63.4375967027574,10.382674425662215,23.74644548045289,1.500000591852479,0.9776289416621979
63.4375967027574,10.38331726744036,23.56689112261138,1.5000002763430718,0.9825774352406954
63.4375967027574,10.383960109218505,23.308218966758385,1.500000915680793,0.9889244242779418
63.4375967027574,10.38460295099665,22.92955439335102,1.500000820842483,0.9989156657009455
63.4375967027574,10.385245792774793,22.540856277592844,1.5000003121333136,1.00662599205095
63.4375967027574,10.385888634552938,22.478589141959823,1.5000051691167133,0.9882351369390633
63.4375967027574,10.386531476331083,23.5407670163744,1.4999725845267675,0.8774776746228824
63.4375967027574,10.387174318109228,25.5773944452173,1.500471481734202,0.7285381736732209
63.437845651295184,10.356638983416424,26.47968959023913,1.5000000002986487,0.5842796602942874
63.437845651295184,10.357281830781528,26.452710791783563,1.4999999999829345,0.5917310551156728
63.437845651295184,10.357924678146631,26.44393469784727,1.4999999999706624,0.5942320385345083
63.437845651295184,10.358567525511734,26.429951023199866,1.4999999999853537,0.5977774486818324
63.437845651295184,10.359210372876838,26.404577062193997,1.5000000000000124,0.604067169886026
63.437845651295184,10.359853220241941,26.362386989899388,1.4999999999872065,0.6145564249862516
63.437845651295184,10.360496067607045,26.3099048777251,1.4999999999506335,0.6275788369346152
63.437845651295184,10.361138914972148,26.26310120468609,1.4999999999348954,0.6393179556139027
63.437845651295184,10.361781762337252,26.23819910972166,1.499999999986472,0.6459151308915907
63.437845651295184,10.362424609702355,26.245311079099483,1.500000000087268,0.644541516046877
63.437845651295184,10.363067457067459,26.274675026113364,1.5000000001378433,0.6371167873312462
63.437845651295184,10.363710304432562,26.314714544248996,1.5000000001099578,0.626848889613955
63.437845651295184,10.364353151797665,26.35383817739041,1.4999999999741438,0.6169601086249746
63.437845651295184,10.364995999162769,26.378144917598725,1.4999999996174498,0.6111050624158422
63.437845651295184,10.365638846527872,26.38474695001824,1.4999999993016102,0.609706727582824
63.437845651295184,10.366281693892976,26.375810869328912,1.4999999994627895,0.6118284316606099
63.437845651295184,10.36692454125808,26.354472473115706,1.5000000004186629,0.6164301691200772
63.437845651295184,10.367567388623183,26.329459249490892,1.5000000011755767,0.6224045257823146
63.437845651295184,10.368210235988286,26.295062094542853,1.5000000012700359,0.631223303540791
63.437845651295184,10.36885308335339,26.242143745873012,1.5000000005279426,0.6448330502324342
63.437845651295184,10.369495930718493,26.163193940949235,1.500000000167665,0.6648339091526224
63.437845651295184,10.370138778083597,26.058976485164482,1.5000000031475975,0.690450502188841
63.437845651295184,10.3707816254487,25.929335283469285,1.5000000051281104,0.7203550157593057
63.437845651295184,10.371424472813802,25.773730011599742,1.500000001156283,0.7532687501783807
63.437845651295184,10.372067320178905,25.584430450425007,1.4999999879026236,0.7891501847316804
63.437845651295184,10.372710167544009,25.36434809933676,1.4999999744970793,0.827157366133037
63.437845651295184,10.373353014909112,25.13815384200374,1.4999999755931046,0.8634279484709889
63.437845651295184,10.373995862274215,24.930861732966715,1.5000000051867521,0.8940441774612568
63.437845651295184,10.374638709639319,24.768954940417572,1.5000000256933832,0.9148226696615575
63.437845651295184,10.375281557004422,24.648302002643756,1.5000000204400916,0.9270617296375421
63.437845651295184,10.375924404369526,24.553212803497086,1.5000000061029395,0.9341305886004284
63.437845651295184,10.37656725173463,24.46990343158919,1.4999999976938296,0.9392784287241639
63.437845651295184,10.377210099099733,24.40581610121048,1.4999999910415605,0.9436091994025723
63.437845651295184,10.377852946464836,24.3601184034851,1.4999999879159973,0.9471577892591306
63.437845651295184,10.37849579382994,24.32734884208491,1.4999999939935473,0.9500835820196208
63.437845651295184,10.379138641195043,24.29397890246467,1.5000000004893184,0.9529240919418196
63.437845651295184,10.379781488560146,24.231787382827058,1.4999999755992048,0.9569102399242554
63.437845651295184,10.38042433592525,24.14921106345252,1.4999999572801657,0.961560391060951
63.437845651295184,10.381067183290353,24.057994108855667,1.4999999895949068,0.9662381319594516
63.437845651295184,10.381710030655457,23.97208671376312,1.5000000270482405,0.9702378492924306
63.437845651295184,10.38235287802056,23.881150673306145,1.4999999915769824,0.973885923278905
63.437845651295184,10.382995725385664,23.75340848161655,1.4999999602021592,0.9783709252498288
63.437845651295184,10.383638572750767,23.55699210720956,1.500000009478968,0.9848780376279795
63.437845651295184,10.38428142011587,23.28517004237817,1.5000000324831078,0.9929017357127108
63.437845651295184,10.384924267480974,22.991576206981687,1.4999999918020048,0.9992229919294122
63.437845651295184,10.385567114846078,22.738527542998803,1.4999999669273316,1.0005146902744588
63.437845651295184,10.386209962211181,22.63758847312421,1.500002046670109,0.9842662742378845
63.437845651295184,10.386852809576284,23.392670835434984,1.5000176050203733,0.8719391286841685
63.437845651295184,10.387495656941388,25.5976432395609,1.5004061220364506,0.7151650356389889
63.438094599832965,10.35631720670256,26.590679802930243,1.5000000003333498,0.5551261703131053
63.438094599832965,10.356960059654732,26.545552243596525,1.4999999999938118,0.5669810782173602
63.438094599832965,10.357602912606902,26.536541241694472,1.4999999999743177,0.5697484495451294
63.438094599832965,10.358245765559074,26.5333313071545,1.5000000000038294,0.5707839454670021
63.438094599832965,10.358888618511246,26.522722351128778,1.5000000000480218,0.5734954546879584
63.438094599832965,10.359531471463416,26.500790748376737,1.50000000006678,0.5790126307922829
63.438094599832965,10.360174324415588,26.46358715121563,1.5000000000454552,0.5882293286172776
63.438094599832965,10.360817177367759,26.41626065559796,1.5000000000310334,0.5999460272220458
63.438094599832965,10.36146003031993,26.383054180593906,1.5000000000706124,0.6083895314567405
63.438094599832965,10.362102883272103,26.372586623094087,1.500000000149225,0.6114419586593985
63.438094599832965,10.362745736224273,26.37829867152113,1.5000000002123068,0.6100995136559614
63.438094599832965,10.363388589176445,26.399461641887164,1.5000000002532248,0.6044110053932235
63.438094599832965,10.364031442128617,26.42110582039162,1.5000000002302605,0.5986346333717533
63.438094599832965,10.364674295080787,26.429508663458893,1.5000000000662457,0.5967621074376712
63.438094599832965,10.36531714803296,26.428138211574236,1.4999999994734479,0.5975454937570897
63.438094599832965,10.36596000098513,26.410858255326147,1.4999999990409378,0.6020814656481818
63.438094599832965,10.366602853937302,26.384652926054496,1.499999999346629,0.6080996588762616
63.438094599832965,10.367245706889474,26.356144217987392,1.500000000455934,0.6150688554377068
63.438094599832965,10.367888559841644,26.326725713995863,1.5000000020162245,0.6229257434384812
63.438094599832965,10.368531412793816,26.28389352010293,1.5000000029521785,0.6344134594461538
63.438094599832965,10.369174265745988,26.21929584565819,1.5000000027576503,0.6509359600543363
63.438094599832965,10.369817118698158,26.1282764079153,1.500000003067842,0.6734207292642259
63.438094599832965,10.37045997165033,26.008783343857502,1.500000006986769,0.7019607955088829
63.438094599832965,10.3711028246025,25.86306497195746,1.5000000075160278,0.7341981086578628
63.438094599832965,10.371745677554673,25.69418126058654,1.5000000010914194,0.7687758687704018
63.438094599832965,10.372388530506845,25.50217561573143,1.4999999792913177,0.8042213728678238
63.438094599832965,10.373031383459015,25.283491081101033,1.4999999554668833,0.8410607516918085
63.438094599832965,10.373674236411187,25.074087926402683,1.4999999538152704,0.8737028879781128
63.438094599832965,10.374317089363357,24.898554483295175,1.4999999801478903,0.8991055578341387
63.438094599832965,10.37495994231553,24.777744245089117,1.4999999840602092,0.9143343371586569
63.438094599832965,10.375602795267701,24.692955318566046,1.4999999646304931,0.922344937508094
63.438094599832965,10.376245648219871,24.61753387148768,1.4999999427729094,0.9281870492348014
63.438094599832965,10.376888501172044,24.536583881053883,1.4999999442971728,0.9340861075315722
63.438094599832965,10.377531354124216,24.476981607415645,1.499999928577426,0.9389307313529839
63.438094599832965,10.378174207076386,24.434897907477477,1.4999999130906287,0.9428860145956566
63.438094599832965,10.378817060028558,24.405155791144956,1.4999999024548916,0.9457712485871587
63.438094599832965,10.379459912980728,24.355981851182356,1.4999998879058603,0.9493565753835382
63.438094599832965,10.3801027659329,24.274497886255716,1.4999997906599178,0.95412776418125
63.438094599832965,10.380745618885072,24.18094358793808,1.4999997089187243,0.9590304024356163
63.438094599832965,10.381388471837242,24.094705303702018,1.4999997247477757,0.9637097356433514
63.438094599832965,10.382031324789414,24.017453447520847,1.4999997840100678,0.9685740059689397
63.438094599832965,10.382674177741585,23.926915785722336,1.499999747118073,0.9732760949922368
63.438094599832965,10.383317030693757,23.776637929451883,1.4999997196987827,0.9795764595009557
63.438094599832965,10.383959883645929,23.5709601165825,1.4999998035566715,0.9887531158435374
63.438094599832965,10.384602736598099,23.359205717231305,1.4999997508417473,0.9948021779492118
63.438094599832965,10.385245589550271,23.15821741527113,1.4999996318467228,0.9968925231531798
63.438094599832965,10.385888442502443,23.086965432498054,1.4999994817953641,0.990730121806012
63.438094599832965,10.386531295454613,23.027409430774064,1.5000002534937138,0.9700193516410485
63.438094599832965,10.387174148406785,23.460111796707302,1.5000199483571488,0.8575333040474882
63.438094599832965,10.387817001358956,25.55883637123904,1.5001947912316802,0.6947353586358274
63.438343548370746,10.35599542439467,26.702207489065117,1.5000000004714436,0.5263577294940904
63.438343548370746,10.356638282934018,26.64719496388472,1.5000000000051066,0.5401127470170827
63.438343548370746,10.357281141473367,26.627055761416994,1.4999999999843145,0.5456234066638127
63.438343548370746,10.357924000012716,26.617670142018756,1.499999999988787,0.548380342864549
63.438343548370746,10.358566858552065,26.614744276184105,1.5000000000387508,0.5492972965025165
63.438343548370746,10.359209717091412,26.603204861720133,1.5000000000715208,0.5523094891775602
63.438343548370746,10.359852575630761,26.588335016326216,1.5000000000744076,0.5560401498241914
63.438343548370746,10.36049543417011,26.556534841203227,1.500000000048847,0.5639453463784349
63.438343548370746,10.361138292709459,26.52003136525939,1.500000000065838,0.5730823254512161
63.438343548370746,10.361781151248806,26.5022318163361,1.5000000001236526,0.5778312228382146
63.438343548370746,10.362424009788155,26.491861260079467,1.5000000001473743,0.5807193746247312
63.438343548370746,10.363066868327504,26.493536295424683,1.5000000001841354,0.5802148604045619
63.438343548370746,10.363709726866853,26.4990819323779,1.5000000002328193,0.5784347266530832
63.438343548370746,10.364352585406202,26.489476074543035,1.5000000002114948,0.5809560544052182
63.438343548370746,10.36499544394555,26.475036734361385,1.5000000000212435,0.585068494565065
63.438343548370746,10.365638302484898,26.452525068718273,1.4999999994027107,0.591203559547924
63.438343548370746,10.366281161024247,26.42246243730998,1.499999999244067,0.5984760621982511
63.438343548370746,10.366924019563596,26.39127534661375,1.499999999653221,0.6061618337377428
63.438343548370746,10.367566878102943,26.35550986720135,1.5000000006254242,0.6155126999205679
63.438343548370746,10.368209736642292,26.317428168059344,1.50000000230046,0.625949875995131
63.438343548370746,10.368852595181641,26.261021181400366,1.5000000029780753,0.6405558747362845
63.438343548370746,10.36949545372099,26.18796902102398,1.5000000024210194,0.6587772956855179
63.438343548370746,10.370138312260337,26.085137772918618,1.5000000033519068,0.6835736100952573
63.438343548370746,10.370781170799686,25.95219434675995,1.5000000066805848,0.7142280276487458
63.438343548370746,10.371424029339035,25.79467584514505,1.5000000050581404,0.7479977613756823
63.438343548370746,10.372066887878384,25.62658844859506,1.499999998646002,0.7820963336537248
63.438343548370746,10.372709746417732,25.438922697689105,1.4999999754614983,0.8159732782724193
63.438343548370746,10.37335260495708,25.23842975072342,1.4999999555820032,0.8489860974354949
63.438343548370746,10.37399546349643,25.061112173897744,1.4999999594224969,0.8761235828825766
63.438343548370746,10.374638322035779,24.914273768815292,1.4999999780030913,0.8972475958936743
63.438343548370746,10.375281180575127,24.821546917712936,1.4999999697067439,0.9086675795858068
63.438343548370746,10.375924039114475,24.745460489866943,1.4999999439007996,0.9164637065387133
63.438343548370746,10.376566897653824,24.666883536307935,1.4999999361898895,0.923284674024712
63.438343548370746,10.377209756193173,24.589685435404576,1.4999999445385568,0.9298030244730827
63.438343548370746,10.377852614732522,24.53610943290677,1.499999924410982,0.9349627198537233
63.438343548370746,10.378495473271869,24.50115776998544,1.499999898571334,0.9385795674101538
63.438343548370746,10.379138331811218,24.46688761612949,1.4999998991076264,0.9414922427617275
63.438343548370746,10.379781190350567,24.41161532600443,1.4999998695998613,0.9451460081623619
63.438343548370746,10.380424048889916,24.32930675397557,1.499999736931229,0.9495558678869992
63.438343548370746,10.381066907429263,24.25432429098905,1.4999996711714179,0.9536252568365768
63.438343548370746,10.381709765968612,24.17412858226962,1.499999729464466,0.9592242026113942
63.438343548370746,10.382352624507961,24.095013296644254,1.4999997882756322,0.9652452525369086
63.438343548370746,10.38299548304731,23.979820689642462,1.499999729373975,0.9717818592397601
63.438343548370746,10.383638341586657,23.79423010390768,1.499999774282911,0.9822072103462537
63.438343548370746,10.384281200126006,23.639298560773685,1.4999998282217986,0.9898084611687549
63.438343548370746,10.384924058665355,23.507121825332153,1.4999996908543147,0.9919934417212022
63.438343548370746,10.385566917204704,23.48240289567136,1.4999994208018412,0.985331856785464
63.438343548370746,10.386209775744053,23.71223124727789,1.499999119759027,0.9774093718041837
63.438343548370746,10.3868526342834,23.73903789489951,1.5000001513929642,0.9473843370436585
63.438343548370746,10.38749549282275,23.82732861019074,1.500011769897681,0.8472239696579291
63.438343548370746,10.388138351362098,25.157899265769306,1.499984804336569,0.6886621742081815
63.43859249690853,10.35567363649259,26.81213440130045,1.5000000004658218,0.49726807680081564
63.43859249690853,10.356316500619224,26.75352099013974,1.500000000006026,0.5121403659493795
63.43859249690853,10.35695936474586,26.726143183105627,1.4999999999881952,0.5194255865120302
63.43859249690853,10.357602228872494,26.705588435085975,1.4999999999900213,0.5249678832578196
63.43859249690853,10.35824509299913,26.69452272164614,1.5000000000075815,0.5280568524856003
63.43859249690853,10.358887957125765,26.686332530936195,1.500000000036281,0.5303012788210343
63.43859249690853,10.359530821252399,26.677618205575463,1.5000000000453066,0.5325769762178438
63.43859249690853,10.360173685379035,26.66539847411749,1.50000000004235,0.5357156784392801
63.43859249690853,10.36081654950567,26.639470966080317,1.5000000000255287,0.5422720243789827
63.43859249690853,10.361459413632305,26.619358866057095,1.5000000000374238,0.5475382934032341
63.43859249690853,10.36210227775894,26.603047210150695,1.5000000000434655,0.5518879317826483
63.43859249690853,10.362745141885576,26.588632541666012,1.5000000000625828,0.5557321839830359
63.43859249690853,10.36338800601221,26.579894133969617,1.500000000107677,0.5578644181392461
63.43859249690853,10.364030870138844,26.55979616028869,1.5000000001369354,0.5631245063037494
63.43859249690853,10.36467373426548,26.532128570733782,1.5000000001178093,0.5704367500862395
63.43859249690853,10.365316598392114,26.502171227048944,1.4999999999569456,0.5784251312562408
63.43859249690853,10.36595946251875,26.468362206223446,1.4999999996516467,0.5870863618968474
63.43859249690853,10.366602326645385,26.433716870202623,1.4999999997499052,0.5959065245543065
63.43859249690853,10.36724519077202,26.395244477101205,1.4999999999658793,0.6057418805176283
63.43859249690853,10.367888054898655,26.351342742275357,1.500000000605706,0.6173244209969713
63.43859249690853,10.36853091902529,26.298677066329574,1.5000000011554846,0.6310910054964655
63.43859249690853,10.369173783151926,26.23259165231084,1.50000000066988,0.6477805925702875
63.43859249690853,10.36981664727856,26.147830093839914,1.5000000007229481,0.6684291827355663
63.43859249690853,10.370459511405196,26.033432718158192,1.5000000025745006,0.6954199279782781
63.43859249690853,10.37110237553183,25.89242285215079,1.5000000035123884,0.7269567483540407
63.43859249690853,10.371745239658464,25.737416688438014,1.5000000025615718,0.7601174514444363
63.43859249690853,10.3723881037851,25.5759632403378,1.4999999978544976,0.7922945214077639
63.43859249690853,10.373030967911735,25.40281539062654,1.499999981597645,0.8229506546599408
63.43859249690853,10.37367383203837,25.23835141476592,1.499999979677287,0.8497970540630476
63.43859249690853,10.374316696165005,25.086174513436962,1.4999999824537682,0.8729293382489958
63.43859249690853,10.374959560291641,24.959479884083922,1.49999998861239,0.8909403929781952
63.43859249690853,10.375602424418275,24.87085937260615,1.4999999751270223,0.9020525427738408
63.43859249690853,10.37624528854491,24.784814384309577,1.4999999707167484,0.9113299590352477
63.43859249690853,10.376888152671546,24.7098596075227,1.4999999683500782,0.9185768149027269
63.43859249690853,10.37753101679818,24.642810158006192,1.499999971263057,0.9250939636497121
63.43859249690853,10.378173880924816,24.59696927003025,1.4999999575702885,0.9300254721005918
63.43859249690853,10.37881674505145,24.56185443018452,1.4999999618322177,0.9334745523829806
63.43859249690853,10.379459609178085,24.531757453039983,1.4999999542661961,0.9357822478425085
63.43859249690853,10.38010247330472,24.482919076800453,1.4999998991527483,0.9385975770655419
63.43859249690853,10.380745337431355,24.42921854506184,1.4999998423398515,0.941651842130816
63.43859249690853,10.381388201557991,24.36526222179767,1.4999998434256065,0.9462924880100909
63.43859249690853,10.382031065684625,24.281809864366863,1.4999998744879255,0.9529098985632821
63.43859249690853,10.382673929811261,24.183205031881013,1.4999998847568161,0.9605527738750008
63.43859249690853,10.383316793937896,24.025684147837374,1.4999999462281424,0.971199419803999
63.43859249690853,10.38395965806453,23.88182909295295,1.4999999938490445,0.9797401409840407
63.43859249690853,10.384602522191166,23.808455312963687,1.4999999269637976,0.9820998784076689
63.43859249690853,10.3852453863178,23.824534467871885,1.4999996381884109,0.9762622172877433
63.43859249690853,10.385888250444436,24.037456694295386,1.4999992454872246,0.9655230652063562
63.43859249690853,10.38653111457107,24.3375265010225,1.4999991690717922,0.9473437179777379
63.43859249690853,10.387173978697705,24.517850682786317,1.5000004493704895,0.9116244579223592
63.43859249690853,10.387816842824341,24.265171874885905,1.5000068342030022,0.8229199027713585
63.43859249690853,10.388459706950975,25.13548269600401,1.5000196686157479,0.6671747230313256
63.43884144544631,10.355351842996155,26.916620338022984,1.500000000453654,0.46938290537230637
63.43884144544631,10.355994712710187,26.85490354057067,1.4999999999744402,0.4853843881413842
63.43884144544631,10.356637582424217,26.823058202158347,1.499999999959597,0.49378829542212066
63.43884144544631,10.357280452138248,26.796809393981693,1.4999999999680174,0.5007647920347879
63.43884144544631,10.357923321852278,26.77719247454176,1.4999999999880615,0.5060267884780897
63.43884144544631,10.35856619156631,26.764351780133424,1.500000000004137,0.5095199549449692
63.43884144544631,10.359209061280339,26.755905204386583,1.5000000000122655,0.5118358739693466
63.43884144544631,10.35985193099437,26.74658478542513,1.500000000011008,0.5143321305453887
63.43884144544631,10.360494800708402,26.73190318321907,1.499999999997613,0.5181849042587409
63.43884144544631,10.361137670422432,26.71063929165041,1.4999999999753957,0.5237614514359101
63.43884144544631,10.361780540136463,26.69121068196168,1.499999999958644,0.5289462647385841
63.43884144544631,10.362423409850493,26.67302751255699,1.4999999999578548,0.5338212172862747
63.43884144544631,10.363066279564524,26.655826971800888,1.4999999999800209,0.5383772556003814
63.43884144544631,10.363709149278554,26.631878432169884,1.5000000000499103,0.5446689235881728
63.43884144544631,10.364352018992586,26.599062245905007,1.5000000001176597,0.5533349250196212
63.43884144544631,10.364994888706617,26.56135596298598,1.5000000001171905,0.5632710991418519
63.43884144544631,10.365637758420647,26.52292614926266,1.4999999999877205,0.5733317347244419
63.43884144544631,10.366280628134678,26.48394617741252,1.4999999998220714,0.5834055963273627
63.43884144544631,10.366923497848708,26.442215800412846,1.499999999754419,0.5941410708505986
63.43884144544631,10.36756636756274,26.395424679653903,1.4999999997889637,0.6062410573913452
63.43884144544631,10.368209237276771,26.340795238387948,1.4999999998062337,0.6204569017776984
63.43884144544631,10.3688521069908,26.27777801619019,1.499999999152546,0.6365385172293334
63.43884144544631,10.369494976704832,26.199500395320644,1.4999999986282062,0.6558831963793743
63.43884144544631,10.370137846418862,26.099737509425164,1.499999999163468,0.6797425459521925
63.43884144544631,10.370780716132893,25.977972437470367,1.500000001758669,0.7081439823187247
63.43884144544631,10.371423585846923,25.841842254597154,1.500000004829852,0.738772166927735
63.43884144544631,10.372066455560955,25.695598115758163,1.5000000057655767,0.7697290390799405
63.43884144544631,10.372709325274986,25.546316070134075,1.5000000024405749,0.7986057533717471
63.43884144544631,10.373352194989016,25.397031622719833,1.4999999993890702,0.8247636912814538
63.43884144544631,10.373995064703047,25.252734143680424,1.500000001329563,0.8480906017395972
63.43884144544631,10.374637934417077,25.123314744791525,1.5000000038956824,0.8675551181596565
63.43884144544631,10.375280804131108,25.015838057497174,1.5000000031331657,0.8826751292064385
63.43884144544631,10.375923673845138,24.920599063236388,1.5000000030506508,0.894706874060345
63.43884144544631,10.37656654355917,24.836494328677027,1.5000000044623882,0.904329721207354
63.43884144544631,10.377209413273201,24.764546649085013,1.5000000064918542,0.9122052984647101
63.43884144544631,10.37785228298723,24.70678867817172,1.500000010522887,0.9187616920640606
63.43884144544631,10.378495152701262,24.671181015218185,1.5000000265021547,0.9228255004655762
63.43884144544631,10.379138022415292,24.64633403684726,1.5000000376951226,0.925323467376571
63.43884144544631,10.379780892129324,24.62215590599299,1.5000000268790936,0.9269805625177712
63.43884144544631,10.380423761843355,24.592848548642866,1.4999999973237192,0.9285815194830496
63.43884144544631,10.381066631557385,24.550193509755683,1.4999999922262366,0.9319788222481433
63.43884144544631,10.381709501271416,24.489323806478236,1.5000000041346973,0.9372529034859396
63.43884144544631,10.382352370985446,24.403100782798543,1.5000000238265854,0.9448743618865617
63.43884144544631,10.382995240699477,24.29000848681237,1.5000000823719235,0.9537712220186241
63.43884144544631,10.383638110413507,24.170252874745938,1.500000161463355,0.9617051049047844
63.43884144544631,10.384280980127539,24.09696113177312,1.500000151780662,0.9650241358412611
63.43884144544631,10.38492384984157,24.124301712167213,1.499999961638209,0.9595365683371485
63.43884144544631,10.3855667195556,24.288291004354036,1.4999995853432277,0.9457319857138026
63.43884144544631,10.386209589269631,24.56108127937219,1.4999993480062037,0.9244495397418717
63.43884144544631,10.386852458983661,24.892226971124014,1.4999996104004267,0.8953382345641334
63.43884144544631,10.387495328697693,25.217030761338677,1.5000011170837617,0.8556568762155249
63.43884144544631,10.388138198411722,25.156975196602787,1.500006726119825,0.7743993695897937
63.43884144544631,10.388781068125754,25.36303699968587,1.5000207302422024,0.6390172830468667
63.43884144544631,10.389423937839785,26.622188137843942,1.5001837486766274,0.5066627818101231
63.43909039398409,10.354387168603667,27.16785808125094,1.5000000095180337,0.4386764988400364
63.43909039398409,10.355030043905202,27.010363865524262,1.5000000006573657,0.44529274455960166
63.43909039398409,10.355672919206738,26.946107619655773,1.4999999999431386,0.46126832470913315
63.43909039398409,10.356315794508275,26.91565422734435,1.4999999999401623,0.4692514599518952
63.43909039398409,10.35695866980981,26.887165485420695,1.4999999999534737,0.47678144745735856
63.43909039398409,10.357601545111345,26.863664165852683,1.4999999999794371,0.4830436407285708
63.43909039398409,10.35824442041288,26.844968505593474,1.4999999999912055,0.48805517324655284
63.43909039398409,10.358887295714418,26.827829038764058,1.4999999999997906,0.49264302384013214
63.43909039398409,10.359530171015953,26.817137293892564,1.50000000000027,0.4955675779323876
63.43909039398409,10.360173046317488,26.80410808828927,1.499999999988725,0.49908151889023483
63.43909039398409,10.360815921619023,26.781354536272072,1.4999999999736904,0.505128618477883
63.43909039398409,10.36145879692056,26.75394393671222,1.499999999959835,0.5123592534427142
63.43909039398409,10.362101672222096,26.732657342236973,1.4999999999398135,0.5181011111996208
63.43909039398409,10.362744547523631,26.716038946459875,1.499999999932447,0.5226080441795657
63.43909039398409,10.363387422825166,26.69881375973484,1.4999999999572071,0.5271503642602938
63.43909039398409,10.364030298126703,26.66637244467777,1.5000000000511045,0.5356669804590313
63.43909039398409,10.364673173428239,26.62541466651155,1.500000000143955,0.5464982551335283
63.43909039398409,10.365316048729774,26.584318747072384,1.5000000001227056,0.5573677136685423
63.43909039398409,10.36595892403131,26.544801084739493,1.4999999999855083,0.5676981046243916
63.43909039398409,10.366601799332846,26.501408816393823,1.4999999997586033,0.5789145920911228
63.43909039398409,10.367244674634382,26.452352314209506,1.4999999995821829,0.5916181317724553
63.43909039398409,10.367887549935917,26.392194830785364,1.499999999548397,0.6073507279502818
63.43909039398409,10.368530425237452,26.32253250630392,1.499999999517053,0.6252146195025918
63.43909039398409,10.36917330053899,26.247681793215474,1.4999999985958397,0.643993413490806
63.43909039398409,10.369816175840525,26.15585214411201,1.4999999981565217,0.6663082447038307
63.43909039398409,10.37045905114206,26.039262427398032,1.4999999990524178,0.6937214189181429
63.43909039398409,10.371101926443595,25.913869372408374,1.5000000022512405,0.7227899248768539
63.43909039398409,10.371744801745132,25.78383194508457,1.5000000070178137,0.7520077270623795
63.43909039398409,10.372387677046667,25.654903046260653,1.500000008573522,0.7785940119956251
63.43909039398409,10.373030552348203,25.541227993332708,1.5000000056459137,0.7997385657100724
63.43909039398409,10.373673427649738,25.413759517397082,1.500000004417141,0.8217887075789156
63.43909039398409,10.374316302951275,25.289033052446086,1.500000008758672,0.8417371025350852
63.43909039398409,10.37495917825281,25.17937187381317,1.5000000119869719,0.8586144362629035
63.43909039398409,10.375602053554346,25.083824421216278,1.5000000100230206,0.8728508518346415
63.43909039398409,10.376244928855881,24.99467191016701,1.5000000118442558,0.8844894033156581
63.43909039398409,10.376887804157418,24.912720967530586,1.5000000177000217,0.8945232863603265
63.43909039398409,10.377530679458953,24.834676840175078,1.5000000242903018,0.9043611034282469
63.43909039398409,10.378173554760489,24.781059289050926,1.5000000259235047,0.9111683052311144
63.43909039398409,10.378816430062024,24.75838913611507,1.500000049423426,0.9141342987878895
63.43909039398409,10.37945930536356,24.74321605617786,1.5000000653607066,0.9155230463903536
63.43909039398409,10.380102180665096,24.743210202483905,1.5000000577988724,0.9138149071676203
63.43909039398409,10.380745055966631,24.73030986352235,1.5000000299390963,0.9142116537606674
63.43909039398409,10.381387931268167,24.693706845143716,1.500000038175123,0.917944530713463
63.43909039398409,10.382030806569704,24.627384840292034,1.5000000662017041,0.9248430399783378
63.43909039398409,10.382673681871239,24.542695538052527,1.5000000806559652,0.9346825053000636
63.43909039398409,10.383316557172774,24.47094456445199,1.500000130448157,0.9396761207782635
63.43909039398409,10.38395943247431,24.40392982868217,1.5000001936465939,0.9427594220349481
63.43909039398409,10.384602307775847,24.425806540859607,1.5000001368191778,0.9367510326094051
63.43909039398409,10.385245183077382,24.563269709895405,1.500000000874225,0.9177769543922517
63.43909039398409,10.385888058378917,24.800662621092417,1.4999996636421091,0.8940142372149016
63.43909039398409,10.386530933680453,25.11455468772027,1.4999996071646187,0.8641042497866191
63.43909039398409,10.38717380898199,25.395374387171636,1.5000000032384608,0.8294638631174466
63.43909039398409,10.387816684283525,25.683306681058074,1.5000012116220798,0.7845680775488605
63.43909039398409,10.38845955958506,25.97529728157199,1.5000066439762072,0.7097295419541048
63.43909039398409,10.389102434886595,25.827194941219968,1.5000125766712238,0.604972384044221
63.43909039398409,10.389745310188133,26.771275111953525,1.5001048606109801,0.46949656545506135
63.43933934252187,10.354708239219567,27.095076625623285,1.500000001513717,0.4268909931843839
63.43933934252187,10.355351120108718,27.03056017469488,1.4999999999649305,0.4389951715392318
63.43933934252187,10.355994000997867,26.999420328327822,1.4999999999443945,0.44714290131606094
63.43933934252187,10.356636881887018,26.97387197581424,1.4999999999560776,0.4538474677617824
63.43933934252187,10.357279762776168,26.949586430388127,1.4999999999809168,0.4602813983559074
63.43933934252187,10.357922643665317,26.928892190064996,1.4999999999906806,0.46579465337550063
63.43933934252187,10.358565524554468,26.906188618949905,1.499999999993146,0.4718129258093718
63.43933934252187,10.359208405443617,26.884216216317164,1.4999999999975424,0.47764636817467493
63.43933934252187,10.359851286332768,26.867840097295893,1.4999999999916378,0.4820657946618892
63.43933934252187,10.360494167221917,26.843394569049252,1.499999999981821,0.48860146102700064
63.43933934252187,10.361137048111068,26.813326638100158,1.4999999999767561,0.49659664636255013
63.43933934252187,10.361779929000217,26.78378225313168,1.4999999999659914,0.5044327511201603
63.43933934252187,10.362422809889367,26.763915828686812,1.4999999999449682,0.5098291409653359
63.43933934252187,10.363065690778518,26.74765342885606,1.4999999999449827,0.5141856020256023
63.43933934252187,10.363708571667667,26.725714908463605,1.4999999999725089,0.5199625274773895
63.43933934252187,10.364351452556818,26.688177336864516,1.5000000000667537,0.5298528495209153
63.43933934252187,10.364994333445967,26.64733753560471,1.5000000001076659,0.54070036123159
63.43933934252187,10.365637214335118,26.607446281600247,1.500000000057911,0.5512299608251738
63.43933934252187,10.366280095224267,26.564807667830053,1.499999999953669,0.5623944549478151
63.43933934252187,10.366922976113417,26.515979490432937,1.4999999997361235,0.5750926399659055
63.43933934252187,10.367565857002567,26.4555788385512,1.4999999996309619,0.5909411003351751
63.43933934252187,10.368208737891717,26.38137361054144,1.4999999996803566,0.610227258604948
63.43933934252187,10.368851618780868,26.299419556821096,1.4999999995150406,0.6309696787562001
63.43933934252187,10.369494499670017,26.211154608698,1.499999998644333,0.6527883808014963
63.43933934252187,10.370137380559168,26.10021493779815,1.4999999986976666,0.6792540139279404
63.43933934252187,10.370780261448317,25.976670869225945,1.499999999585294,0.7080618667659162
63.43933934252187,10.371423142337466,25.855548642937837,1.5000000027952431,0.7359864528095414
63.43933934252187,10.372066023226617,25.740637825081535,1.5000000067144381,0.7612473064484213
63.43933934252187,10.372708904115767,25.64657958046096,1.500000006748155,0.7800093305039945
63.43933934252187,10.373351785004918,25.55579637122709,1.5000000048087434,0.7967769262965166
63.43933934252187,10.373994665894067,25.44747049626585,1.5000000056333382,0.8154393362360366
63.43933934252187,10.374637546783218,25.34289295048807,1.5000000099001918,0.8327001474004581
63.43933934252187,10.375280427672367,25.24680993236195,1.5000000107209246,0.8485235371944524
63.43933934252187,10.375923308561516,25.15885810478712,1.500000008735054,0.8621299896320483
63.43933934252187,10.376566189450667,25.07391046888084,1.5000000126574975,0.8737244324777476
63.43933934252187,10.377209070339816,24.98850357922857,1.5000000200723629,0.8853040212014113
63.43933934252187,10.377851951228967,24.909680170685725,1.5000000216609863,0.8959172164022213
63.43933934252187,10.378494832118117,24.868064096331132,1.50000002379305,0.9015694533414181
63.43933934252187,10.379137713007268,24.855603581759006,1.5000000480816653,0.9033067677644153
63.43933934252187,10.379780593896417,24.864097990017,1.500000057884698,0.9011679497154682
63.43933934252187,10.380423474785566,24.88813127487443,1.5000000505263584,0.8968984623119424
63.43933934252187,10.381066355674717,24.88098065741782,1.5000000297600786,0.8974989953769803
63.43933934252187,10.381709236563866,24.83913477308759,1.5000000491150982,0.9027121087122237
63.43933934252187,10.382352117453017,24.7670645316654,1.5000000630492236,0.9127655711108098
63.43933934252187,10.382994998342166,24.716827481846636,1.5000000682040242,0.919006086631856
63.43933934252187,10.383637879231317,24.691897225569825,1.5000001140533512,0.9183877191518677
63.43933934252187,10.384280760120467,24.717766954287736,1.500000133825268,0.9110698636016624
63.43933934252187,10.384923641009616,24.858483161850675,1.5000001665322698,0.8897802106856956
63.43933934252187,10.385566521898767,25.049648234568178,1.50000002854186,0.862308698085642
63.43933934252187,10.386209402787916,25.319103894867997,1.4999997503517104,0.8314826155243977
63.43933934252187,10.386852283677067,25.56790018810904,1.4999997804252,0.7978730670162989
63.43933934252187,10.387495164566216,25.778150168278696,1.4999997805849856,0.7573475342954964
63.43933934252187,10.388138045455367,26.04129836128181,1.5000010518392617,0.7047840337544947
63.43933934252187,10.388780926344516,26.357414774604866,1.5000049533491526,0.6352045895913387
63.43933934252187,10.389423807233666,26.62341761848079,1.5000103351591243,0.5398335945938849
63.43933934252187,10.390066688122817,26.91251655074569,1.5000090948657991,0.4275898563294269
63.43933934252187,10.390709569011966,27.331775548640067,1.4998684572848247,0.3643235478848481
63.43958829105965,10.35502931541596,27.106644583382074,1.500000000003027,0.41902615716067376
63.43958829105965,10.355672201892833,27.07556178172454,1.4999999999948783,0.4271103995019321
63.43958829105965,10.356315088369707,27.050682479177972,1.49999999998633,0.43361821532519723
63.43958829105965,10.35695797484658,27.029615315646435,1.4999999999888907,0.4391676075899158
63.43958829105965,10.357600861323453,27.009610637892827,1.4999999999981806,0.44446453666758867
63.43958829105965,10.358243747800328,26.98649055145132,1.49999999999878,0.45056228723693564
63.43958829105965,10.358886634277201,26.959752895819744,1.4999999999974003,0.4576117710486148
63.43958829105965,10.359529520754075,26.932227948195994,1.499999999997905,0.46489030571682344
63.43958829105965,10.360172407230948,26.901902954831048,1.4999999999969817,0.47293816725510984
63.43958829105965,10.360815293707821,26.868347345615692,1.4999999999973221,0.4818538224005678
63.43958829105965,10.361458180184695,26.836473033502084,1.4999999999937697,0.49034324755121395
63.43958829105965,10.362101066661568,26.808917564096962,1.4999999999821256,0.49769942668582756
63.43958829105965,10.362743953138441,26.78782117108501,1.499999999975777,0.5033250826852151
63.43958829105965,10.363386839615314,26.767746420876353,1.4999999999770663,0.508662358677358
63.43958829105965,10.36402972609219,26.74266708436929,1.4999999999938118,0.5153143032721736
63.43958829105965,10.364672612569063,26.70633414942431,1.500000000034014,0.5249481427177094
63.43958829105965,10.365315499045936,26.668790737043718,1.500000000022357,0.5348882014570192
63.43958829105965,10.36595838552281,26.626841496835272,1.499999999998787,0.5459783809866862
63.43958829105965,10.366601271999683,26.57940050022825,1.4999999999583697,0.5584774598365787
63.43958829105965,10.367244158476556,26.522190971618706,1.4999999999282754,0.5735416201595972
63.43958829105965,10.367887044953429,26.450922494047187,1.5000000000276155,0.5922049972521006
63.43958829105965,10.368529931430302,26.367131764243766,1.5000000000141276,0.613768378579492
63.43958829105965,10.369172817907177,26.274162746638964,1.4999999996570204,0.6370880259503438
63.43958829105965,10.36981570438405,26.165586086286527,1.4999999993469573,0.6634367283386815
63.43958829105965,10.370458590860924,26.04587822082458,1.499999999344699,0.6917669314046679
63.43958829105965,10.371101477337797,25.928082315799436,1.4999999998782687,0.7191372798202764
63.43958829105965,10.37174436381467,25.8198964523665,1.5000000019654225,0.7438038909578989
63.43958829105965,10.372387250291544,25.73300504795176,1.500000002349831,0.7624553600645027
63.43958829105965,10.373030136768417,25.658030926345198,1.500000002014914,0.7774348503893417
63.43958829105965,10.37367302324529,25.581312238124298,1.5000000017010016,0.7917525085234153
63.43958829105965,10.374315909722165,25.491260599812083,1.5000000030533622,0.807780743037197
63.43958829105965,10.374958796199039,25.403731329563907,1.5000000033059886,0.8232786251318643
63.43958829105965,10.375601682675912,25.316508850545283,1.5000000033888932,0.8381939459311045
63.43958829105965,10.376244569152785,25.232379061721772,1.5000000031625127,0.8515911764096256
63.43958829105965,10.376887455629658,25.147495552705408,1.5000000055225224,0.8640245752392219
63.43958829105965,10.377530342106532,25.064267290109868,1.5000000049316577,0.8758849306401258
63.43958829105965,10.378173228583405,24.999196290859587,1.5000000057948646,0.8849330266101183
63.43958829105965,10.378816115060278,24.971189739572278,1.5000000119801014,0.8889055779423558
63.43958829105965,10.379459001537153,24.980169904742638,1.5000000206843087,0.8873493159333592
63.43958829105965,10.380101888014027,25.01192966176583,1.500000023323547,0.8824929484720366
63.43958829105965,10.3807447744909,25.036913155853533,1.5000000196591117,0.8788815648833204
63.43958829105965,10.381387660967773,25.025368683367034,1.5000000106786475,0.8809194503012515
63.43958829105965,10.382030547444646,24.979285017326372,1.5000000061581524,0.8885072838223927
63.43958829105965,10.38267343392152,24.936221242738085,1.5000000072329123,0.895128229698514
63.43958829105965,10.383316320398393,24.929616911236838,1.5000000181113589,0.8948061804626705
63.43958829105965,10.383959206875266,24.97943929968836,1.5000000534329274,0.8843149540665541
63.43958829105965,10.38460209335214,25.118383740809385,1.50000014153906,0.8617182270524716
63.43958829105965,10.385244979829015,25.30258925501616,1.5000001678269572,0.8323431068110265
63.43958829105965,10.385887866305888,25.50885343494725,1.4999999910555353,0.7999957284867193
63.43958829105965,10.386530752782761,25.72341846533091,1.4999996839519645,0.7661886154639849
63.43958829105965,10.387173639259634,25.910505590670507,1.4999993495549795,0.7280507802963389
63.43958829105965,10.387816525736508,26.106937223169982,1.4999994584592258,0.681467279362793
63.43958829105965,10.38845941221338,26.34543638587587,1.500000794161632,0.6212310765778815
63.43958829105965,10.389102298690254,26.62422493477245,1.5000042318832814,0.545183145998143
63.43958829105965,10.389745185167127,26.93090744343151,1.5000066231140436,0.46413476194632036
63.43958829105965,10.390388071644002,27.2261962106566,1.500005887634762,0.37878718757436786
63.43958829105965,10.391030958120876,27.52099437747663,1.499911298217926,0.3194496480973452
63.43983723959744,10.354707505128301,27.1702837877222,1.4999999999755722,0.40250441012003113
63.43983723959744,10.355350397193007,27.13794165976613,1.4999999999884515,0.4108424665025486
63.43983723959744,10.355993289257713,27.115094876155833,1.4999999999933349,0.41676236936728844
63.43983723959744,10.35663618132242,27.097256601110423,1.5000000000003613,0.42141733716186386
63.43983723959744,10.357279073387126,27.083390985072867,1.500000000008339,0.4250942773186874
63.43983723959744,10.357921965451832,27.061380994888545,1.500000000008556,0.43087511897449743
63.43983723959744,10.358564857516539,27.03501946796062,1.500000000004587,0.4377885650438424
63.43983723959744,10.359207749581245,27.00511784709603,1.5000000000011977,0.4456387362842308
63.43983723959744,10.35985064164595,26.970446360467133,1.5000000000031286,0.4547576383344028
63.43983723959744,10.360493533710658,26.93275034337103,1.500000000008357,0.4647218856524292
63.43983723959744,10.361136425775364,26.894993956012666,1.500000000011445,0.4747242142643804
63.43983723959744,10.36177931784007,26.860737497239974,1.5000000000090867,0.48381517014127295
63.43983723959744,10.362422209904777,26.833387281139824,1.4999999999965565,0.49109747738577103
63.43983723959744,10.363065101969482,26.811058783334687,1.4999999999832117,0.49703716610833937
63.43983723959744,10.363707994034188,26.78711578267547,1.49999999997978,0.5033971730632198
63.43983723959744,10.364350886098896,26.755133775321422,1.499999999994383,0.5118902184971816
63.43983723959744,10.364993778163601,26.718694211949135,1.500000000018603,0.5215800448765834
63.43983723959744,10.365636670228307,26.6797608989092,1.5000000000302252,0.531919079611827
63.43983723959744,10.366279562293014,26.635597396800712,1.5000000000345428,0.5436214271257809
63.43983723959744,10.36692245435772,26.586241383299576,1.5000000000386207,0.5566578332712943
63.43983723959744,10.367565346422426,26.520918556486446,1.5000000001919243,0.573902240877423
63.43983723959744,10.368208238487133,26.44202855000544,1.500000000336437,0.5944645685442899
63.43983723959744,10.368851130551839,26.351310601689214,1.50000000027548,0.6176044020603537
63.43983723959744,10.369494022616545,26.251552645913062,1.499999999834978,0.6424266619041358
63.43983723959744,10.370136914681252,26.137428851407478,1.4999999991333568,0.6699420908940941
63.43983723959744,10.370779806745958,26.019863457792354,1.4999999987865225,0.6977010723858424
63.43983723959744,10.371422698810663,25.909229060229915,1.4999999991391515,0.7233797118397312
63.43983723959744,10.372065590875371,25.818308198779153,1.4999999997592952,0.7441604681122546
63.43983723959744,10.372708482940077,25.747984282087533,1.499999999297092,0.7594527756512216
63.43983723959744,10.373351375004782,25.682932036219288,1.4999999986518737,0.7725605319115385
63.43983723959744,10.37399426706949,25.608356043194764,1.49999999855733,0.7867551246443005
63.43983723959744,10.374637159134195,25.52800429524982,1.4999999985190064,0.8018965952781115
63.43983723959744,10.375280051198901,25.449281917357162,1.499999997833874,0.8164795103604487
63.43983723959744,10.375922943263609,25.37141497202064,1.4999999972217035,0.8301710085159077
63.43983723959744,10.376565835328314,25.29878259925692,1.4999999970700468,0.841789474116889
63.43983723959744,10.37720872739302,25.21815296794956,1.4999999941059572,0.8538782020833958
63.43983723959744,10.377851619457727,25.147057613140703,1.4999999908672657,0.864246583534699
63.43983723959744,10.378494511522433,25.102392483603257,1.4999999903722716,0.8707626085584662
63.43983723959744,10.379137403587139,25.094850146984573,1.4999999950309577,0.872142763188402
63.43983723959744,10.379780295651846,25.123752172467036,1.499999998795644,0.868086697044341
63.43983723959744,10.380423187716552,25.159623652386674,1.499999997962463,0.8631578578253828
63.43983723959744,10.381066079781258,25.17390716514927,1.4999999888303372,0.8616979526071733
63.43983723959744,10.381708971845965,25.156643266108006,1.4999999760294713,0.8652969078589197
63.43983723959744,10.38235186391067,25.132207455256456,1.4999999627887082,0.8697614121882975
63.43983723959744,10.382994755975377,25.127297127476496,1.4999999589333275,0.870256447971845
63.43983723959744,10.383637648040084,25.182734412467322,1.4999999674741546,0.8592706268826868
63.43983723959744,10.38428054010479,25.297411259376787,1.500000051992873,0.8374912562933634
63.43983723959744,10.384923432169495,25.471808792683685,1.5000001498190279,0.8069607696634774
63.43983723959744,10.385566324234203,25.67705239502398,1.5000001208750542,0.7717544241834546
63.43983723959744,10.386209216298909,25.86998887111557,1.4999998762810778,0.7377616612961145
63.43983723959744,10.386852108363614,26.040870997213702,1.4999993189548895,0.7015025864249643
63.43983723959744,10.38749500042832,26.20922277040677,1.4999989652673644,0.6588714999444064
63.43983723959744,10.388137892493027,26.401148037334664,1.4999992720829998,0.6054494235332725
63.43983723959744,10.388780784557733,26.64578256193016,1.500000324597357,0.539237897622549
63.43983723959744,10.389423676622439,26.915330824470075,1.5000017901475635,0.46829987582288113
63.43983723959744,10.390066568687146,27.212764669110392,1.5000021853319887,0.39248209220071584
63.43983723959744,10.390709460751852,27.521012058711925,1.4999986072323135,0.31953324065443056
63.43983723959744,10.391352352816558,27.748737348872396,1.4999308928579351,0.26932284832379566
63.44008618813522,10.355028586898225,27.189475937790707,1.499999999960405,0.39753578208471474
63.44008618813522,10.355671484550873,27.162631093996808,1.4999999999888083,0.4044031500669416
63.44008618813522,10.356314382203522,27.14988516220754,1.5000000000017688,0.4076925261637984
63.44008618813522,10.35695727985617,27.144829161540684,1.5000000000121207,0.40905485460471935
63.44008618813522,10.357600177508818,27.137013384014814,1.5000000000125475,0.41117322688970936
63.44008618813522,10.358243075161466,27.113862612066903,1.5000000000073337,0.4172268211420119
63.44008618813522,10.358885972814114,27.083557612073122,1.5000000000020461,0.42512568722204414
63.44008618813522,10.359528870466763,27.043752154693994,1.500000000002556,0.43548472759635903
63.44008618813522,10.360171768119411,27.004599347427874,1.5000000000047284,0.4457492622413103
63.44008618813522,10.36081466577206,26.963170210810567,1.5000000000115885,0.45667304946985515
63.44008618813522,10.361457563424707,26.923310553191676,1.500000000015913,0.46719296282139416
63.44008618813522,10.362100461077356,26.88838996591886,1.500000000012104,0.476446733129767
63.44008618813522,10.362743358730004,26.858836609924637,1.4999999999978133,0.48430311164522394
63.44008618813522,10.363386256382652,26.833529690380118,1.4999999999816143,0.4910222800334904
63.44008618813522,10.364029154035302,26.801368008379637,1.499999999982118,0.499555309492683
63.44008618813522,10.36467205168795,26.760674572341017,1.4999999999979894,0.5103904883027073
63.44008618813522,10.365314949340599,26.720430786881312,1.5000000000229061,0.5211136015195804
63.44008618813522,10.365957846993247,26.68011560733292,1.5000000000472715,0.5318354496568725
63.44008618813522,10.366600744645895,26.63880377453403,1.5000000000621538,0.5427731064499577
63.44008618813522,10.367243642298543,26.589390943878605,1.5000000000698164,0.5558171866904155
63.44008618813522,10.367886539951192,26.5189768587964,1.5000000002573053,0.5743729077888999
63.44008618813522,10.36852943760384,26.434151675479427,1.5000000003933551,0.5963426664699358
63.44008618813522,10.369172335256488,26.339944908608167,1.5000000002626597,0.6203047354177675
63.44008618813522,10.369815232909136,26.243376335760207,1.4999999997932238,0.6443699924574325
63.44008618813522,10.370458130561785,26.131130174714393,1.499999998915357,0.6713786285459574
63.44008618813522,10.371101028214433,26.01891590067114,1.49999999852264,0.6978741830740237
63.44008618813522,10.371743925867081,25.916613201761585,1.4999999988393096,0.72180579418635
63.44008618813522,10.37238682351973,25.835660155234393,1.4999999991806,0.740438562406259
63.44008618813522,10.373029721172378,25.77455194780628,1.4999999982280539,0.7538537719314802
63.44008618813522,10.373672618825026,25.70575110815324,1.4999999974114664,0.7679421410094767
63.44008618813522,10.374315516477674,25.625219921980676,1.4999999975697134,0.7836909503704382
63.44008618813522,10.374958414130322,25.549042104693306,1.4999999974381621,0.7985320848497669
63.44008618813522,10.37560131178297,25.48090600857558,1.4999999960442816,0.8115993761982525
63.44008618813522,10.37624420943562,25.424303390004667,1.499999994742904,0.8215039667847367
63.44008618813522,10.376887107088269,25.36806528381561,1.4999999949189584,0.8305618211255508
63.44008618813522,10.377530004740917,25.30042508505421,1.4999999909104114,0.8408372856703081
63.44008618813522,10.378172902393565,25.249056493500184,1.4999999859907003,0.8485796337825848
63.44008618813522,10.378815800046214,25.228852541898338,1.499999985395108,0.8520816927407658
63.44008618813522,10.379458697698862,25.230539681859312,1.4999999906057313,0.8524543839694514
63.44008618813522,10.38010159535151,25.267181283067806,1.499999992243077,0.8475427546572882
63.44008618813522,10.380744493004158,25.293807867506402,1.4999999845524896,0.8441086424612955
63.44008618813522,10.381387390656807,25.283457750201396,1.499999982879323,0.8469995704882306
63.44008618813522,10.382030288309455,25.27359731607463,1.4999999705614502,0.8490741409626072
63.44008618813522,10.382673185962103,25.275238304238066,1.499999951284639,0.848991589543879
63.44008618813522,10.383316083614751,25.339726302862196,1.4999999364218966,0.8369032996846263
63.44008618813522,10.3839589812674,25.463940123273538,1.4999999542826643,0.8114611226847994
63.44008618813522,10.384601878920048,25.61228591411359,1.5000000502253137,0.7816720860245618
63.44008618813522,10.385244776572696,25.809839970289392,1.5000001226944515,0.7451991230497067
63.44008618813522,10.385887674225344,25.992052762557684,1.5000000541763532,0.7113015806922379
63.44008618813522,10.386530571877993,26.140545064546604,1.4999998676590216,0.6788354611282271
63.44008618813522,10.38717346953064,26.288094550887607,1.4999992580157753,0.6399484087846786
63.44008618813522,10.387816367183289,26.457670707405477,1.499998970673688,0.5911521485436018
63.44008618813522,10.388459264835939,26.69950693133362,1.4999990234449176,0.5253848355116981
63.44008618813522,10.389102162488587,26.9567259436819,1.4999999571148461,0.4581379046906496
63.44008618813522,10.389745060141236,27.225334242110897,1.5000009078520855,0.39082378264534734
63.44008618813522,10.390387957793884,27.501451739112095,1.499998962278106,0.326369149723983
63.44008618813522,10.391030855446532,27.70998952156075,1.5000016308828226,0.2784568097981685
63.44008618813522,10.39167375309918,28.00730488407605,1.499964762180604,0.2174853667117731
63.44008618813522,10.392316650751829,27.920407900715283,1.499674192682143,0.24057850447405532
63.440335136673,10.354706771008322,27.252333246507945,1.4999999999378018,0.3814834295298793
63.440335136673,10.355349674249021,27.209950605373532,1.4999999999731282,0.39227301712145296
63.440335136673,10.35599257748972,27.194493682388746,1.499999999998928,0.3961927260383551
63.440335136673,10.356635480730422,27.19296075638922,1.500000000010364,0.3965962965455306
63.440335136673,10.35727838397112,27.195543818509606,1.5000000000116895,0.395993307687523
63.440335136673,10.35792128721182,27.185941537525125,1.5000000000080023,0.3985380325864652
63.440335136673,10.35856419045252,27.159497794619995,1.5000000000015057,0.4054009043189981
63.440335136673,10.35920709369322,27.121307283686043,1.5000000000003026,0.4152864009328975
63.440335136673,10.359849996933919,27.075637068225237,1.5000000000014089,0.4271310142817564
63.440335136673,10.36049290017462,27.033967771962505,1.5000000000041778,0.4380278856744048
63.440335136673,10.36113580341532,26.99155247256092,1.5000000000107627,0.4491719369864384
63.440335136673,10.361778706656018,26.953273553156293,1.500000000011215,0.45926409030344284
63.440335136673,10.362421609896717,26.91666981764481,1.5000000000072407,0.4689575906169335
63.440335136673,10.363064513137418,26.883739690926003,1.4999999999946305,0.47769237142229104
63.440335136673,10.363707416378118,26.84957963965046,1.4999999999876537,0.4867464570859932
63.440335136673,10.364350319618817,26.807093214994765,1.4999999999941278,0.49804677444213785
63.440335136673,10.364993222859518,26.76305758125133,1.5000000000037672,0.5097786875453152
63.440335136673,10.365636126100217,26.721440969869512,1.5000000000235048,0.5208703763940048
63.440335136673,10.366279029340916,26.682485840348555,1.5000000000364535,0.5312133188209197
63.440335136673,10.366921932581615,26.642640706897858,1.5000000000311213,0.5417605241156558
63.440335136673,10.367564835822316,26.589332533676473,1.5000000000576137,0.5558303961749845
63.440335136673,10.368207739063015,26.514736413008347,1.500000000236076,0.57540848443635
63.440335136673,10.368850642303714,26.429010261469962,1.5000000002513985,0.5975462363791374
63.440335136673,10.369493545544415,26.337522759096604,1.5000000001306315,0.6209463840402707
63.440335136673,10.370136448785114,26.243487761439862,1.4999999997128657,0.644367649186021
63.440335136673,10.370779352025814,26.13734304160548,1.499999999039709,0.6699466608388789
63.440335136673,10.371422255266515,26.036387263151237,1.499999998988269,0.6940275029967742
63.440335136673,10.372065158507214,25.941081843612352,1.4999999991524011,0.7164249785906677
63.440335136673,10.372708061747913,25.865396600633378,1.4999999990944966,0.7338777085560133
63.440335136673,10.373350964988612,25.79623680378031,1.4999999982042453,0.749014662907007
63.440335136673,10.373993868229313,25.716937596821296,1.4999999979918581,0.7653872271056252
63.440335136673,10.374636771470012,25.64215315381944,1.4999999981342107,0.7803452309801759
63.440335136673,10.375279674710711,25.576772291752796,1.49999999761257,0.7934716995895055
63.440335136673,10.375922577951412,25.527504118216473,1.4999999962809942,0.8029251086093758
63.440335136673,10.376565481192111,25.487524542239285,1.4999999959721653,0.8100478769319777
63.440335136673,10.37720838443281,25.44647334978146,1.4999999958018884,0.8168058455959989
63.440335136673,10.37785128767351,25.398995515022953,1.4999999911418025,0.8241933547309186
63.440335136673,10.37849419091421,25.37656369882571,1.4999999886179927,0.8280611140257799
63.440335136673,10.37913709415491,25.367375546585297,1.4999999892059477,0.8300350175932903
63.440335136673,10.379779997395609,25.375789827624153,1.499999992477538,0.8293148398992939
63.440335136673,10.38042290063631,25.404104528379126,1.499999988711156,0.825469424642864
63.440335136673,10.381065803877009,25.39873250404085,1.499999992002201,0.8274491199545657
63.440335136673,10.381708707117708,25.392627470613977,1.4999999924316043,0.8291944435494935
63.440335136673,10.382351610358409,25.40434192258234,1.4999999727014415,0.8268741989374653
63.440335136673,10.382994513599108,25.46617189725988,1.4999999439495346,0.8151328371881549
63.440335136673,10.383637416839807,25.598775004691767,1.4999999379950077,0.7880703184696741
63.440335136673,10.384280320080506,25.753071375298475,1.499999962091334,0.7552975804307286
63.440335136673,10.384923223321207,25.92403592894217,1.5000000489252556,0.7198902023397702
63.440335136673,10.385566126561907,26.095395798405193,1.500000082075592,0.6853854903254687
63.440335136673,10.386209029802606,26.2269499417785,1.500000151582924,0.6553043033012584
63.440335136673,10.386851933043307,26.362776216797467,1.499999894340938,0.6204722159359706
63.440335136673,10.387494836284006,26.51382311429244,1.4999992838094758,0.5766794724343877
63.440335136673,10.388137739524705,26.735451711171798,1.4999987924020504,0.5162708852900756
63.440335136673,10.388780642765404,26.99732883095238,1.4999985844669708,0.44720240965862007
63.440335136673,10.389423546006105,27.247984729453208,1.4999997813421786,0.38377696245886134
63.440335136673,10.390066449246804,27.49608269092117,1.4999999325921962,0.3253598843636902
63.440335136673,10.390709352487503,27.682275741500316,1.5000049218053957,0.28271641544981524
63.440335136673,10.391352255728204,27.832123157253932,1.50000663060233,0.24926886746596386
63.440335136673,10.391995158968903,28.06912987668625,1.4999695570507343,0.20250001061309988
63.440335136673,10.392638062209603,28.133349111580813,1.4997626272445075,0.19304592061251924
63.44058408521078,10.354384949523135,27.31025571048943,1.4999999999110816,0.36677562929517527
63.44058408521078,10.355027858351995,27.269046498940643,1.4999999999643476,0.37728277144186073
63.44058408521078,10.355670767180856,27.238442456298888,1.4999999999939606,0.3850246707281775
63.44058408521078,10.356313676009716,27.23611811925062,1.5000000000064622,0.3855767050447467
63.44058408521078,10.356956584838576,27.240010325523045,1.5000000000088158,0.3845760078306858
63.44058408521078,10.357599493667436,27.23947301880494,1.5000000000059026,0.3847358282743112
63.44058408521078,10.358242402496296,27.224766535167085,1.5000000000007991,0.3885421350759867
63.44058408521078,10.358885311325157,27.192313447481688,1.4999999999973603,0.3969043701689479
63.44058408521078,10.359528220154017,27.14932979210278,1.4999999999969449,0.40799113970516027
63.44058408521078,10.360171128982877,27.102861856894396,1.4999999999987126,0.42001894865653616
63.44058408521078,10.360814037811737,27.05989267121976,1.5000000000020333,0.4312212249810936
63.44058408521078,10.3614569466406,27.020464782131132,1.5000000000036566,0.4415657990609474
63.44058408521078,10.36209985546946,26.98198256981077,1.5000000000034344,0.45171005066372977
63.44058408521078,10.36274276429832,26.94323167493593,1.5000000000013543,0.46195619709870317
63.44058408521078,10.36338567312718,26.90348237001712,1.4999999999976874,0.47248059827124517
63.44058408521078,10.36402858195604,26.858981624075223,1.4999999999993159,0.4842940508161993
63.44058408521078,10.3646714907849,26.81268473064562,1.5000000000018954,0.49660611404415284
63.44058408521078,10.36531439961376,26.767771408443725,1.500000000002163,0.5085619216831893
63.44058408521078,10.36595730844262,26.727008121966374,1.4999999999948344,0.5194086490994129
63.44058408521078,10.36660021727148,26.68832011793337,1.499999999971707,0.5296812574696926
63.44058408521078,10.367243126100341,26.6440526627674,1.4999999999680933,0.5413980853769934
63.44058408521078,10.367886034929201,26.58593889915907,1.5000000000206948,0.5567366028698135
63.44058408521078,10.368528943758061,26.511920189174752,1.50000000009138,0.5761615200291221
63.44058408521078,10.369171852586922,26.429709123981375,1.5000000001170533,0.5975484162307025
63.44058408521078,10.369814761415782,26.341790675095094,1.5000000000565203,0.6200370429541662
63.44058408521078,10.370457670244642,26.25035208071485,1.4999999998256983,0.6428100750665348
63.44058408521078,10.371100579073502,26.156665183843852,1.4999999997666476,0.6656619189929983
63.44058408521078,10.371743487902362,26.06290283901924,1.4999999998185307,0.6881275346994079
63.44058408521078,10.372386396731223,25.973138304385422,1.4999999998227407,0.7091999714737459
63.44058408521078,10.373029305560085,25.89220825670802,1.4999999996331623,0.7276420017764665
63.44058408521078,10.373672214388945,25.811441772865262,1.4999999995693991,0.7451439542829082
63.44058408521078,10.374315123217805,25.736490960558932,1.4999999995464912,0.7608403897286113
63.44058408521078,10.374958032046665,25.67302943735772,1.4999999994542235,0.7738638744580836
63.44058408521078,10.375600940875525,25.624446771100626,1.4999999992677993,0.7837475886493197
63.44058408521078,10.376243849704386,25.590025802381025,1.4999999994290045,0.7905380770604695
63.44058408521078,10.376886758533246,25.56402220794689,1.4999999992922564,0.795385755831451
63.44058408521078,10.377529667362106,25.539487712878266,1.4999999982309535,0.7995986140228372
63.44058408521078,10.378172576190966,25.520358081885007,1.499999996932439,0.8029066148985677
63.44058408521078,10.378815485019826,25.511910559443262,1.4999999967136972,0.8044880284730345
63.44058408521078,10.379458393848687,25.512503110558935,1.4999999965157607,0.804573432938828
63.44058408521078,10.380101302677547,25.522733350380385,1.4999999957925862,0.8031122538808497
63.44058408521078,10.380744211506407,25.519804653758577,1.5000000029849665,0.8042349993739515
63.44058408521078,10.381387120335267,25.51503812010841,1.5000000099819923,0.805498455397616
63.44058408521078,10.382030029164127,25.52953440361658,1.5000000018344368,0.8026060917737867
63.44058408521078,10.382672937992988,25.58496369484921,1.4999999708820848,0.7911699593909468
63.44058408521078,10.383315846821848,25.70406589610427,1.4999999484440008,0.7660532386482702
63.44058408521078,10.383958755650708,25.862169748433548,1.4999999446157202,0.7321413537718067
63.44058408521078,10.38460166447957,26.031867715386568,1.4999999668375532,0.6950407605331356
63.44058408521078,10.38524457330843,26.186917906030022,1.5000000570909298,0.6603079426726558
63.44058408521078,10.38588748213729,26.312977262429442,1.5000002263964947,0.6300021442532255
63.44058408521078,10.38653039096615,26.435149598165495,1.5000002411676834,0.5983778851694477
63.44058408521078,10.38717329979501,26.577493545924487,1.499999851588457,0.5595416595697605
63.44058408521078,10.387816208623871,26.772322688687918,1.499999044271352,0.5064043592952238
63.44058408521078,10.388459117452731,27.01263974940418,1.4999983479738273,0.4429131316743236
63.44058408521078,10.389102026281591,27.26364122928606,1.4999985537702234,0.37862250902127914
63.44058408521078,10.389744935110452,27.493568464891776,1.500000263970494,0.3225508530704211
63.44058408521078,10.390387843939312,27.676512185739668,1.5000052107059687,0.28021661768665
63.44058408521078,10.391030752768172,27.81816086785927,1.5000088656417312,0.2492525748475943
63.44058408521078,10.391673661597032,27.93003500193377,1.5000055567637105,0.22612507572085777
63.44058408521078,10.392316570425892,28.071987675093368,1.4999679578927183,0.19895301822613043
63.44058408521078,10.392959479254753,28.359428240371766,1.499858019776205,0.14721057370201224
63.44058408521078,10.393602388083613,28.148547131421033,1.4996414220127796,0.1988559158001337
63.44083303374856,10.35470603685963,27.333624852741163,1.4999999999590676,0.36103411098128063
63.44083303374856,10.35534895127676,27.29299676576059,1.4999999999918374,0.37130365342170735
63.44083303374856,10.355991865693891,27.279646149368634,1.5000000000043143,0.374615271384903
63.44083303374856,10.35663478011102,27.27958940859072,1.5000000000087148,0.37454772055067487
63.44083303374856,10.35727769452815,27.28175280443291,1.5000000000061604,0.3739495265081947
63.44083303374856,10.357920608945282,27.274266383469786,1.5000000000004097,0.37584497653759397
63.44083303374856,10.358563523362411,27.247395008809427,1.4999999999966604,0.3827190359673533
63.44083303374856,10.359206437779541,27.208996211257677,1.4999999999948204,0.39255899180344794
63.44083303374856,10.359849352196672,27.164047786197983,1.4999999999953986,0.4041152306952011
63.44083303374856,10.360492266613802,27.12201469754508,1.4999999999972446,0.41498952996022925
63.44083303374856,10.361135181030932,27.08554102304988,1.4999999999999416,0.4245207191699934
63.44083303374856,10.361778095448063,27.046508502720584,1.5000000000020772,0.43476174164673775
63.44083303374856,10.362421009865193,27.007656665982346,1.5000000000024112,0.44499457827074224
63.44083303374856,10.363063924282322,26.966321512295657,1.5000000000007025,0.45588905640171395
63.44083303374856,10.363706838699454,26.92283076080249,1.4999999999981097,0.4673873689645442
63.44083303374856,10.364349753116583,26.87449189781329,1.499999999997204,0.4802138023640905
63.44083303374856,10.364992667533713,26.825907226805633,1.4999999999955183,0.4931222602552131
63.44083303374856,10.365635581950844,26.77955582874198,1.4999999999909885,0.5054498244926656
63.44083303374856,10.366278496367974,26.738202133820742,1.4999999999625677,0.5164489473209204
63.44083303374856,10.366921410785103,26.696712869655506,1.4999999999248188,0.5274655998151427
63.44083303374856,10.367564325202235,26.645341618165737,1.4999999999238667,0.5410619022218011
63.44083303374856,10.368207239619364,26.576880456247455,1.4999999999879376,0.5591483170535678
63.44083303374856,10.368850154036494,26.503793656425934,1.5000000001191176,0.5784807469992379
63.44083303374856,10.369493068453625,26.42476188738459,1.5000000002028369,0.5991132975029821
63.44083303374856,10.370135982870755,26.344079158949654,1.5000000001738556,0.6196798077858418
63.44083303374856,10.370778897287884,26.263586772207123,1.500000000050443,0.6396775361999967
63.44083303374856,10.371421811705016,26.174723171032564,1.5000000001460299,0.6613949864010328
63.44083303374856,10.372064726122145,26.087517445087,1.5000000002804907,0.6823002280238272
63.44083303374856,10.372707640539275,26.00482932644215,1.5000000003006049,0.7017538046373093
63.44083303374856,10.373350554956406,25.926229480834103,1.5000000002108418,0.7197519664175223
63.44083303374856,10.373993469373536,25.849547413635364,1.5000000003483915,0.7364679228502694
63.44083303374856,10.374636383790666,25.781555943626188,1.5000000004768281,0.750934726479841
63.44083303374856,10.375279298207797,25.730476967664856,1.500000000487048,0.7616967296472905
63.44083303374856,10.375922212624927,25.698928601105155,1.5000000007900158,0.7684808888932309
63.44083303374856,10.376565127042056,25.679048243924207,1.5000000014508572,0.772758093052302
63.44083303374856,10.377208041459188,25.663426909063887,1.5000000015436863,0.7759076782424347
63.44083303374856,10.377850955876317,25.647661778328384,1.5000000004490537,0.7786897143315706
63.44083303374856,10.378493870293447,25.64227228896305,1.4999999998658224,0.7793057897989464
63.44083303374856,10.379136784710578,25.646149135622274,1.499999999857074,0.7784098175198625
63.44083303374856,10.379779699127708,25.658557641358165,1.499999999668271,0.7760696123619251
63.44083303374856,10.380422613544837,25.681442788735374,1.5000000003026475,0.7712133749379945
63.44083303374856,10.381065527961969,25.680786282474433,1.5000000110417284,0.7711745468453788
63.44083303374856,10.381708442379098,25.687708992479223,1.5000000144996555,0.7693821366457128
63.44083303374856,10.382351356796228,25.718541335434978,1.4999999982671803,0.7627458957372604
63.44083303374856,10.38299427121336,25.80595643171254,1.4999999659030543,0.7434365211407439
63.44083303374856,10.383637185630489,25.95250668937389,1.4999999388809635,0.7109464452339581
63.44083303374856,10.384280100047619,26.123774070203204,1.499999933786804,0.6725827345762855
63.44083303374856,10.38492301446475,26.29118954609836,1.4999999555480197,0.6334783146451087
63.44083303374856,10.38556592888188,26.428080988214823,1.5000001255428657,0.5999838835866302
63.44083303374856,10.38620884329901,26.541032780391966,1.5000003126713464,0.5701468511224368
63.44083303374856,10.38685175771614,26.662323698212184,1.50000021608133,0.5362962035757245
63.44083303374856,10.38749467213327,26.811092061024514,1.4999997885377405,0.49554424359939475
63.44083303374856,10.3881375865504,27.01909368937784,1.49999884574877,0.4405497674986566
63.44083303374856,10.388780500967531,27.256463662256877,1.4999983530893823,0.37954786870824697
63.44083303374856,10.38942341538466,27.48326652426859,1.4999991373379082,0.3235490865191478
63.44083303374856,10.39006632980179,27.672369511585806,1.5000012779139886,0.2794466532903962
63.44083303374856,10.390709244218922,27.8139647660366,1.5000062004578336,0.24835877743933754
63.44083303374856,10.391352158636051,27.920017546050637,1.500007090099215,0.2268686790781944
63.44083303374856,10.391995073053181,28.008250935702584,1.4999997805804592,0.20963650872629339
63.44083303374856,10.392637987470312,28.09193324576993,1.4999675101249033,0.19382530666955808
63.44083303374856,10.393280901887442,28.28591816133936,1.499871979378776,0.15968715177946402
63.44083303374856,10.393923816304572,28.29340053974028,1.4996904352698108,0.1640095231705575
63.44108198228634,10.35438420977176,27.389725901877384,1.4999999999464282,0.34704272776688494
63.44108198228634,10.355027129777271,27.3559340611068,1.4999999999913647,0.35559466712261645
63.44108198228634,10.35567004978278,27.33430314471264,1.5000000000019404,0.36099738440111934
63.44108198228634,10.35631296978829,27.32439651258447,1.5000000000058025,0.3633701953345259
63.44108198228634,10.356955889793799,27.320606763482232,1.5000000000053881,0.36420071491492745
63.44108198228634,10.357598809799308,27.315395173778075,1.5000000000003546,0.3654378836486937
63.44108198228634,10.358241729804817,27.291405363657347,1.499999999997561,0.3715054773171948
63.44108198228634,10.358884649810326,27.25594077522978,1.4999999999962714,0.3805251426293712
63.44108198228634,10.359527569815837,27.213658323247095,1.4999999999960032,0.3913115122800465
63.44108198228634,10.360170489821346,27.17455338402812,1.4999999999965543,0.40134506058488273
63.44108198228634,10.360813409826855,27.14570495490265,1.4999999999975193,0.40884042518003977
63.44108198228634,10.361456329832365,27.11215563927439,1.499999999999734,0.4176052660053512
63.44108198228634,10.362099249837874,27.07404803730774,1.5000000000016036,0.427594099067056
63.44108198228634,10.362742169843383,27.032627420824024,1.5000000000013751,0.4384592532756732
63.44108198228634,10.363385089848892,26.98801443780058,1.499999999999531,0.4501666987687133
63.44108198228634,10.364028009854403,26.943627987670915,1.4999999999974962,0.4618890313704998
63.44108198228634,10.364670929859912,26.893803415866447,1.499999999995185,0.47509906447500583
63.44108198228634,10.365313849865421,26.845025103917237,1.4999999999913842,0.48805155419280033
63.44108198228634,10.36595676987093,26.79613433436404,1.4999999999874227,0.5010456581694378
63.44108198228634,10.36659968987644,26.750628633874513,1.4999999999548823,0.5131330529650552
63.44108198228634,10.367242609881949,26.701907770088365,1.499999999918291,0.5260607894092619
63.44108198228634,10.367885529887458,26.635436036510626,1.4999999999321014,0.5436594059540271
63.44108198228634,10.368528449892969,26.561488501000646,1.49999999999483,0.5632127748919142
63.44108198228634,10.369171369898478,26.488612863469676,1.5000000001371063,0.5825266331081297
63.44108198228634,10.369814289903987,26.417521647922225,1.5000000002160536,0.6010353324357427
63.44108198228634,10.370457209909496,26.35485623222684,1.5000000001820268,0.6169335459404993
63.44108198228634,10.371100129915005,26.28361779826479,1.5000000001028682,0.6346550809322556
63.44108198228634,10.371743049920514,26.202485898069433,1.500000000269394,0.6545111279690196
63.44108198228634,10.372385969926023,26.12331496611619,1.500000000412331,0.6735780216960445
63.44108198228634,10.373028889931534,26.042766469072166,1.5000000003784113,0.6929013956677091
63.44108198228634,10.373671809937044,25.970504760817732,1.500000000294067,0.7096368909533286
63.44108198228634,10.374314729942553,25.900653048408945,1.500000000534559,0.7250355962566722
63.44108198228634,10.374957649948062,25.84610032029848,1.5000000007453125,0.7369189434065831
63.44108198228634,10.375600569953571,25.81159998458423,1.5000000006339935,0.7444186253937344
63.44108198228634,10.37624348995908,25.792317480914967,1.5000000009804921,0.7489486058740906
63.44108198228634,10.37688640996459,25.779737355500423,1.5000000018135824,0.7520153080724566
63.44108198228634,10.3775293299701,25.764938240769432,1.5000000017596058,0.7552107277913931
63.44108198228634,10.37817224997561,25.762656801124646,1.50000000048452,0.7552146144988823
63.44108198228634,10.378815169981118,25.7717073999675,1.499999999994602,0.7528157916538999
63.44108198228634,10.379458089986628,25.788963769266033,1.5000000002246547,0.7490614907654333
63.44108198228634,10.380101009992137,25.82787344866156,1.4999999993614717,0.7402942333875936
63.44108198228634,10.380743929997646,25.864107182384206,1.4999999999181781,0.7318759503948975
63.44108198228634,10.381386850003155,25.872507505763785,1.5000000094724375,0.7293483640892305
63.44108198228634,10.382029770008666,25.889825658344474,1.5000000057848655,0.7252734961615597
63.44108198228634,10.382672690014175,25.93274154809932,1.5000000011667856,0.7156478901110506
63.44108198228634,10.383315610019684,26.043566891941104,1.4999999653838385,0.6899668961616159
63.44108198228634,10.383958530025193,26.204631578933597,1.4999999335423497,0.6528316990103538
63.44108198228634,10.384601450030702,26.36745012634437,1.4999999203394583,0.6136749895961386
63.44108198228634,10.385244370036212,26.537171933537916,1.4999999468832657,0.5707872793563841
63.44108198228634,10.38588729004172,26.66498380188212,1.500000127000296,0.5371938902708053
63.44108198228634,10.386530210047232,26.773107822202547,1.5000002404873038,0.5068472119242431
63.44108198228634,10.38717313005274,26.894750624117737,1.5000002126607943,0.4733275298487004
63.44108198228634,10.38781605005825,27.042874986869172,1.4999998570041788,0.43427690655044277
63.44108198228634,10.388458970063759,27.25027480128617,1.4999989046034485,0.38108629159201823
63.44108198228634,10.389101890069268,27.462780141416747,1.499998740085981,0.3284067360388184
63.44108198228634,10.389744810074777,27.65067674961622,1.4999985401757967,0.28445314871547
63.44108198228634,10.390387730080286,27.80440714967693,1.500000698547528,0.25026817194382817
63.44108198228634,10.391030650085797,27.91206424303378,1.500004878923943,0.22831542231333168
63.44108198228634,10.391673570091307,28.000540365292515,1.5000031193484893,0.2108367130215499
63.44108198228634,10.392316490096816,28.084740745439415,1.5000020143210944,0.195201064521259
63.44108198228634,10.392959410102325,28.16255097750408,1.4999699133642963,0.1809887525006072
63.44108198228634,10.393602330107834,28.238174627382538,1.4998890729898804,0.1682454986824426
63.44108198228634,10.394245250113343,28.43692493234951,1.4998102991995028,0.13444402942647296
63.44108198228634,10.394888170118852,28.349591814807727,1.500928805471259,0.16419746997708018
63.44133093082412,10.354062377088225,27.438625927698492,1.4999999999435576,0.33494631406303543
63.44133093082412,10.354705302682223,27.41934985066441,1.499999999992541,0.33989305278672327
63.44133093082412,10.35534822827622,27.396898049930627,1.500000000000954,0.34550672609379396
63.44133093082412,10.35599115387022,27.382330288657627,1.500000000002945,0.3490453189442116
63.44133093082412,10.356634079464216,27.367152152448295,1.500000000003234,0.35269960325558947
63.44133093082412,10.357277005058215,27.35589510856862,1.5000000000003935,0.35537897919284495
63.44133093082412,10.357919930652212,27.33172041586505,1.4999999999984324,0.36139969897875823
63.44133093082412,10.35856285624621,27.298001334111813,1.4999999999979927,0.36989605335215886
63.44133093082412,10.359205781840208,27.260512305864488,1.499999999997952,0.3793788662968314
63.44133093082412,10.359848707434207,27.22252503285777,1.4999999999980953,0.3890254384901144
63.44133093082412,10.360491633028204,27.194970098580576,1.4999999999984026,0.3960856761506091
63.44133093082412,10.3611345586222,27.16939655875963,1.499999999998828,0.4027176112531906
63.44133093082412,10.3617774842162,27.136829542443994,1.5000000000000349,0.4112050021757861
63.44133093082412,10.362420409810197,27.097774003193752,1.500000000000469,0.4214001908479754
63.44133093082412,10.363063335404195,27.054475693584852,1.499999999999361,0.4327037339561351
63.44133093082412,10.363706260998192,27.009424373686354,1.4999999999984526,0.44450822673266804
63.44133093082412,10.364349186592191,26.964287833376414,1.4999999999975477,0.4564198468599698
63.44133093082412,10.364992112186188,26.916629350671435,1.49999999999632,0.46904283712780226
63.44133093082412,10.365635037780187,26.867362860148162,1.4999999999968496,0.4821200840967112
63.44133093082412,10.366277963374184,26.814082050719104,1.4999999999906957,0.49626766989856697
63.44133093082412,10.366920888968183,26.761497798764925,1.4999999999586624,0.510221584253864
63.44133093082412,10.36756381456218,26.695641571285616,1.4999999999496825,0.527673769658286
63.44133093082412,10.368206740156179,26.62150499594066,1.499999999962239,0.5473050471075438
63.44133093082412,10.368849665750176,26.548716629177335,1.500000000007477,0.5665693829315623
63.44133093082412,10.369492591344175,26.481635221169235,1.5000000001064928,0.5843019881007012
63.44133093082412,10.370135516938172,26.425244481494484,1.5000000001126028,0.5989136193451976
63.44133093082412,10.37077844253217,26.372787416559774,1.5000000000915528,0.6122709596567872
63.44133093082412,10.371421368126168,26.3098029540132,1.5000000000723426,0.6280096507575056
63.44133093082412,10.372064293720166,26.238561361870566,1.5000000002060745,0.645549200319423
63.44133093082412,10.372707219314163,26.16316234803723,1.500000000212222,0.6640635820187277
63.44133093082412,10.37335014490816,26.088844736954957,1.500000000171806,0.6821195800546113
63.44133093082412,10.37399307050216,26.0233985721387,1.500000000155998,0.6974262286430648
63.44133093082412,10.374635996096156,25.968289884545968,1.500000000314277,0.7099299148266641
63.44133093082412,10.375278921690155,25.931070650787927,1.50000000025862,0.7183082674137471
63.44133093082412,10.375921847284152,25.90499533935478,1.5000000001439535,0.7242084352200638
63.44133093082412,10.376564772878151,25.89073532096673,1.5000000005470115,0.7278526443513376
63.44133093082412,10.377207698472148,25.876397311642705,1.5000000006912884,0.7312815756346625
63.44133093082412,10.377850624066147,25.87241303984985,1.5000000002328695,0.7321528616005164
63.44133093082412,10.378493549660144,25.884944575430147,1.4999999991658752,0.7289366003012253
63.44133093082412,10.379136475254143,25.90925559905261,1.4999999989110382,0.7231997198906368
63.44133093082412,10.37977940084814,25.95531987164864,1.4999999977360496,0.7124806551471008
63.44133093082412,10.380422326442138,26.00860768021767,1.4999999962568085,0.6999937175987669
63.44133093082412,10.381065252036136,26.048622142730917,1.4999999970718683,0.6903578842363972
63.44133093082412,10.381708177630134,26.06780305042574,1.5000000006316527,0.6854640541814623
63.44133093082412,10.382351103224131,26.098903633119,1.5000000093867656,0.6781899631198978
63.44133093082412,10.38299402881813,26.157563290004237,1.5000000013048198,0.6639987036751585
63.44133093082412,10.383636954412127,26.282540345510412,1.4999999565821327,0.6338362310929309
63.44133093082412,10.384279880006126,26.433960311233545,1.4999999150990395,0.596352744295535
63.44133093082412,10.384922805600123,26.603554415825712,1.4999998948326374,0.552517908448011
63.44133093082412,10.38556573119412,26.76419414200742,1.499999928087085,0.5104100790710431
63.44133093082412,10.386208656788119,26.883523194527196,1.5000000762325112,0.4777860052471309
63.44133093082412,10.386851582382116,26.997326198421433,1.500000236944634,0.44669087652362105
63.44133093082412,10.387494507976115,27.114523202235706,1.5000003614439796,0.41570954908478036
63.44133093082412,10.388137433570112,27.25892751795699,1.499999836167476,0.37914786978440645
63.44133093082412,10.38878035916411,27.44534218023047,1.499998945365487,0.33314710199354153
63.44133093082412,10.389423284758108,27.61849537707743,1.499997697042293,0.2927536607041299
63.44133093082412,10.390066210352106,27.77813039626438,1.4999973753878322,0.25693368938937455
63.44133093082412,10.390709135946103,27.903318344676908,1.5000002321226147,0.23037279288027698
63.44133093082412,10.391352061540102,27.995345802763346,1.5000032336395057,0.21208860634352983
63.44133093082412,10.3919949871341,28.079379729700346,1.5000086636634615,0.19626907216335332
63.44133093082412,10.392637912728098,28.156374522605986,1.5000056942313267,0.18257331227360557
63.44133093082412,10.393280838322095,28.22981679767456,1.4999713019072107,0.1698564126083555
63.44133093082412,10.393923763916094,28.297337090314414,1.499906977905027,0.15867130394394596
63.44133093082412,10.394566689510091,28.364485606942,1.4998593846294601,0.14835260625255597
63.44133093082412,10.39520961510409,28.423369582282152,1.500011447040306,0.14255801588473882
63.4415798793619,10.353740538808857,27.48638802561247,1.4999999999275546,0.3233851218001715
63.4415798793619,10.354383469991452,27.47340859156511,1.499999999993064,0.3266751463049063
63.4415798793619,10.35502640117405,27.458162818373697,1.5000000000021887,0.33048217166403
63.4415798793619,10.355669332356644,27.44176418535151,1.5000000000032003,0.3344838839125468
63.4415798793619,10.35631226353924,27.42384183125477,1.5000000000021598,0.3388116882728254
63.4415798793619,10.356955194721836,27.403627859220933,1.5000000000002314,0.34369580079603423
63.4415798793619,10.357598125904431,27.3778088271272,1.4999999999989317,0.3500275770568477
63.4415798793619,10.358241057087026,27.344427246250856,1.4999999999989038,0.3583344512778534
63.4415798793619,10.358883988269623,27.307535881950034,1.4999999999994793,0.36757460029848343
63.4415798793619,10.359526919452218,27.271304395043195,1.4999999999999827,0.3766764692891711
63.4415798793619,10.360169850634813,27.24178468940147,1.5000000000001157,0.3841237314252453
63.4415798793619,10.36081278181741,27.21680685651201,1.500000000000035,0.39048951469931586
63.4415798793619,10.361455713000005,27.190348109734824,1.4999999999998688,0.39730920439350764
63.4415798793619,10.3620986441826,27.1568091718809,1.4999999999996767,0.4060066580021491
63.4415798793619,10.362741575365197,27.117186367287786,1.4999999999990568,0.4162963048009635
63.4415798793619,10.363384506547792,27.074334883351145,1.4999999999984939,0.42745708958742545
63.4415798793619,10.364027437730387,27.030469812582208,1.4999999999986986,0.43894219660617684
63.4415798793619,10.364670368912984,26.98666267586991,1.5000000000011442,0.45049465346896844
63.4415798793619,10.365313300095579,26.939448405441883,1.5000000000061646,0.4629965013741959
63.4415798793619,10.365956231278174,26.88756754341642,1.5000000000075633,0.4767575889480942
63.4415798793619,10.366599162460771,26.830098808945245,1.4999999999986984,0.4920014769032063
63.4415798793619,10.367242093643366,26.764199947574365,1.4999999999812295,0.5094660382022853
63.4415798793619,10.367885024825961,26.690521860026266,1.4999999999695142,0.5289821348857384
63.4415798793619,10.368527956008558,26.615985449396064,1.499999999970335,0.5487217521662034
63.4415798793619,10.369170887191153,26.547612561132876,1.4999999999897369,0.5668295095771685
63.4415798793619,10.369813818373748,26.492285249993753,1.4999999999913936,0.5814254414244941
63.4415798793619,10.370456749556345,26.44531500342579,1.4999999999691445,0.5936588222086757
63.4415798793619,10.37109968073894,26.39799458701859,1.4999999999488136,0.6057618419239533
63.4415798793619,10.371742611921535,26.341917990989835,1.4999999999497768,0.6199008454613137
63.4415798793619,10.372385543104132,26.276388091832526,1.499999999927451,0.6363500757978425
63.4415798793619,10.373028474286727,26.20796555828487,1.4999999998806832,0.6533901165041024
63.4415798793619,10.373671405469322,26.143379280000726,1.4999999998256006,0.6692220096916353
63.4415798793619,10.374314336651919,26.08946649063823,1.499999999749279,0.6820915562556469
63.4415798793619,10.374957267834514,26.049172354599808,1.49999999958681,0.6915261247650148
63.4415798793619,10.375600199017109,26.019964990142476,1.4999999994064455,0.6983124713012898
63.4415798793619,10.376243130199706,25.99905031707602,1.4999999992883954,0.7032829092032915
63.4415798793619,10.3768860613823,25.98439489290497,1.499999999130604,0.7069030226310756
63.4415798793619,10.377528992564896,25.978930434162184,1.4999999987092139,0.7082570441887327
63.4415798793619,10.378171923747493,25.987563892865136,1.4999999980770087,0.7061878924098708
63.4415798793619,10.378814854930088,26.015234243149987,1.4999999972756253,0.6995359075062587
63.4415798793619,10.379457786112683,26.064837532228157,1.4999999954564787,0.6877245031611164
63.4415798793619,10.38010071729528,26.125431781866105,1.4999999929839334,0.6733274592353511
63.4415798793619,10.380743648477875,26.18221274498243,1.4999999910990285,0.6597384647478974
63.4415798793619,10.38138657966047,26.22152116922129,1.499999992335832,0.650111638535803
63.4415798793619,10.382029510843065,26.251895175531068,1.500000004194727,0.6425642888985247
63.4415798793619,10.382672442025662,26.295485345243453,1.5000000100112154,0.6315937315337453
63.4415798793619,10.383315373208257,26.373613688668158,1.4999999880320336,0.6117895723740111
63.4415798793619,10.383958304390852,26.501658902754325,1.4999999271866569,0.5790226201296096
63.4415798793619,10.384601235573449,26.659069328383087,1.4999998684287377,0.5378419790415235
63.4415798793619,10.385244166756044,26.82169865999329,1.4999998438651807,0.49470864158695244
63.4415798793619,10.385887097938639,26.96650029548012,1.4999998829574486,0.45589621092818094
63.4415798793619,10.386530029121236,27.08263763825414,1.5000001017523241,0.424685887760426
63.4415798793619,10.38717296030383,27.189827446013823,1.500000396899635,0.3965843989208044
63.4415798793619,10.387815891486426,27.304980079910642,1.5000003389362029,0.3675850548506608
63.4415798793619,10.388458822669023,27.44461125808077,1.499999493342806,0.3337806662180726
63.4415798793619,10.389101753851618,27.599899650014983,1.499997706220471,0.2976490455665314
63.4415798793619,10.389744685034213,27.749952169177813,1.499996267852622,0.26407990207302384
63.4415798793619,10.39038761621681,27.882360753279958,1.4999968376750943,0.23560197618582432
63.4415798793619,10.391030547399405,27.98627462866335,1.5000012244715608,0.2143866018797161
63.4415798793619,10.391673478582,28.07120684891113,1.5000093653390052,0.1980304331646082
63.4415798793619,10.392316409764597,28.145856478771186,1.5000135964885366,0.18451153371168807
63.4415798793619,10.392959340947192,28.21576539720471,1.500005161136894,0.17255299964979268
63.4415798793619,10.393602272129787,28.284308633325825,1.499973859793437,0.16127037874014602
63.4415798793619,10.394245203312384,28.347188249091666,1.4999293123595432,0.15127440373374754
63.4415798793619,10.394888134494979,28.405410595434727,1.499915056133783,0.1423436955461782
63.4415798793619,10.395531065677574,28.46067195814244,1.4999764153123416,0.13413753431813785
63.4415798793619,10.39617399686017,28.524346012380214,1.503306672923243,0.13242407640370976
63.441828827899684,10.353418694933493,27.53463652204379,1.499999999914642,0.3118553491514623
63.441828827899684,10.354061631704797,27.519613666222853,1.4999999999926796,0.3155585928563951
63.441828827899684,10.3547045684761,27.512276145672878,1.5000000000042657,0.3174256863997828
63.441828827899684,10.355347505247401,27.497811678514964,1.500000000004899,0.32100105807622814
63.441828827899684,10.355990442018705,27.479840297799093,1.5000000000030846,0.3253259377670963
63.441828827899684,10.356633378790008,27.459103574158437,1.5000000000002593,0.3302878951264622
63.441828827899684,10.35727631556131,27.433695777271662,1.4999999999988851,0.33636910206357756
63.441828827899684,10.357919252332612,27.40398043970927,1.499999999998784,0.3436469495636765
63.441828827899684,10.358562189103916,27.36662773005052,1.4999999999997722,0.3529070762433874
63.441828827899684,10.359205125875219,27.328021167094555,1.500000000000778,0.3625146869033871
63.441828827899684,10.35984806264652,27.29138274159623,1.5000000000008513,0.3716084620116689
63.441828827899684,10.360490999417824,27.26368451496634,1.5000000000004832,0.378533936765419
63.441828827899684,10.361133936189127,27.238511681240226,1.4999999999999798,0.38490507154670967
63.441828827899684,10.361776872960428,27.206909617005657,1.4999999999997031,0.3930219413195242
63.441828827899684,10.362419809731731,27.167669895654683,1.499999999999586,0.4031618795054953
63.441828827899684,10.363062746503035,27.12751844237284,1.4999999999991689,0.4135476421158192
63.441828827899684,10.363705683274338,27.086241490718628,1.4999999999991696,0.4242754179562415
63.441828827899684,10.36434862004564,27.050857030142563,1.500000000000027,0.4335634669670357
63.441828827899684,10.364991556816943,27.010269676125464,1.5000000000038978,0.44428119538363836
63.441828827899684,10.365634493588246,26.961687682755624,1.5000000000118945,0.4571421301405321
63.441828827899684,10.366277430359547,26.906880075805795,1.5000000000131024,0.4716590988202566
63.441828827899684,10.36692036713085,26.844112723329594,1.500000000002297,0.48827327322098246
63.441828827899684,10.367563303902154,26.775690684545935,1.4999999999778784,0.5064016714654003
63.441828827899684,10.368206240673457,26.6996067700754,1.499999999956259,0.5265512180653142
63.441828827899684,10.368849177444758,26.62608286157043,1.499999999950732,0.5460216540269243
63.441828827899684,10.369492114216062,26.561311904558252,1.4999999999628557,0.5632093907750351
63.441828827899684,10.370135050987365,26.51477968168033,1.4999999999377507,0.5755664917587888
63.441828827899684,10.370777987758666,26.473826820776257,1.4999999998925424,0.5862868282980528
63.441828827899684,10.37142092452997,26.42733557295056,1.49999999986076,0.5982214565420498
63.441828827899684,10.372063861301273,26.37701361818533,1.4999999998554419,0.6110001920320318
63.441828827899684,10.372706798072576,26.317106249845786,1.499999999785448,0.6262690895276604
63.441828827899684,10.373349734843877,26.257354679432535,1.4999999996889088,0.6413381613510457
63.441828827899684,10.37399267161518,26.204702833828346,1.4999999995908264,0.6543761718737087
63.441828827899684,10.374635608386484,26.161108341278922,1.499999999458963,0.6648527432693314
63.441828827899684,10.375278545157785,26.129178821057323,1.4999999991455057,0.6724822461992821
63.441828827899684,10.375921481929089,26.106141868796477,1.4999999988283084,0.6781131586369546
63.441828827899684,10.376564418700392,26.084868644419902,1.4999999986460664,0.6835095390437381
63.441828827899684,10.377207355471695,26.07613149344478,1.4999999983134884,0.6856510046796299
63.441828827899684,10.377850292242996,26.08082762645972,1.4999999976118907,0.6845413357151263
63.441828827899684,10.3784932290143,26.10554644014634,1.4999999966345847,0.6786019327026616
63.441828827899684,10.379136165785603,26.14955981553761,1.4999999955916288,0.6677148781196879
63.441828827899684,10.379779102556904,26.210121880415667,1.499999992591969,0.6530668450671586
63.441828827899684,10.380422039328208,26.27728412981593,1.4999999891461673,0.6369031113165842
63.441828827899684,10.38106497609951,26.329892327221383,1.4999999866537816,0.6241385072786421
63.441828827899684,10.381707912870814,26.364791476428124,1.4999999882686745,0.6149505964293427
63.441828827899684,10.382350849642116,26.400306147217265,1.500000001422547,0.6055366762844723
63.441828827899684,10.382993786413419,26.46103456612898,1.4999999983314243,0.5897369108852191
63.441828827899684,10.383636723184722,26.57378307111862,1.499999968750437,0.5607353105778564
63.441828827899684,10.384279659956023,26.70868005409331,1.499999902675452,0.525254203013441
63.441828827899684,10.384922596727327,26.865797679890694,1.4999998270840338,0.48330493860735896
63.441828827899684,10.38556553349863,27.01488701864444,1.4999997966792071,0.44313898301651505
63.441828827899684,10.386208470269933,27.131919004161226,1.4999998396844543,0.41183595290129316
63.441828827899684,10.386851407041235,27.234192209174562,1.5000001053577972,0.38534138062022505
63.441828827899684,10.387494343812538,27.334977132564497,1.5000003503866464,0.36017138428218076
63.441828827899684,10.388137280583841,27.458903829952767,1.4999999814298595,0.3304254422636168
63.441828827899684,10.388780217355142,27.604410576230052,1.4999991364456013,0.29660651742926303
63.441828827899684,10.389423154126446,27.74414130946855,1.4999971370438132,0.26530363353071984
63.441828827899684,10.390066090897749,27.872516109957445,1.4999960479835182,0.23781393066382134
63.441828827899684,10.390709027669052,27.97206801828298,1.4999976522198442,0.2175049638509844
63.441828827899684,10.391351964440354,28.051439632557713,1.5000021003974666,0.20191468309933439
63.441828827899684,10.391994901211657,28.124394756452666,1.5000112231042408,0.1884185471479027
63.441828827899684,10.39263783798296,28.19092308810111,1.5000125242724704,0.1769222863755968
63.441828827899684,10.393280774754261,28.2612219075725,1.5000004187067273,0.1651866716821097
63.441828827899684,10.393923711525565,28.32406141731596,1.4999776723967266,0.15491334637939763
63.441828827899684,10.394566648296868,28.379307551925187,1.4999539854940211,0.14620477050126818
63.441828827899684,10.395209585068171,28.430285058744964,1.4999727257162319,0.13847382092456842
63.441828827899684,10.395852521839473,28.474986515653384,1.50002886891926,0.13189100385453775
63.441828827899684,10.396495458610776,28.54317895602352,1.5009574560772463,0.12277635896941431
63.44207777643747,10.35373978782209,27.56105091707247,1.4999999999912739,0.3057996924853008
63.44207777643747,10.35438273018221,27.558997618712354,1.5000000000039324,0.3063196024445692
63.44207777643747,10.355025672542327,27.55077258011213,1.5000000000046274,0.3083821562914103
63.44207777643747,10.355668614902447,27.536012383650892,1.500000000003279,0.31195731252375775
63.44207777643747,10.356311557262567,27.515740754479808,1.5000000000004106,0.31676228905280945
63.44207777643747,10.356954499622685,27.48981336149142,1.4999999999991926,0.32288642294207587
63.44207777643747,10.357597441982804,27.461894373032717,1.4999999999988822,0.32954065096291385
63.44207777643747,10.358240384342922,27.43002841593659,1.4999999999995626,0.33732914233841604
63.44207777643747,10.358883326703042,27.392239744475518,1.5000000000007219,0.3466481370074466
63.44207777643747,10.359526269063162,27.353891695180042,1.5000000000009868,0.3560668745729696
63.44207777643747,10.36016921142328,27.316465255261296,1.500000000000712,0.3652802876879464
63.44207777643747,10.3608121537834,27.287505704573604,1.5000000000001028,0.3724693842788462
63.44207777643747,10.36145509614352,27.255275191768344,1.4999999999997558,0.38062102309967416
63.44207777643747,10.362098038503637,27.2149650760135,1.499999999999774,0.39097155667428685
63.44207777643747,10.362740980863757,27.173677153581945,1.49999999999958,0.4015912620145322
63.44207777643747,10.363383923223877,27.13423886171461,1.499999999999309,0.4117551131067494
63.44207777643747,10.364026865583995,27.101990177525686,1.4999999999996043,0.42013797946504217
63.44207777643747,10.364669807944114,27.07450553754179,1.5000000000000282,0.42737017290182117
63.44207777643747,10.365312750304232,27.03434385106822,1.5000000000041862,0.4379686874233478
63.44207777643747,10.365955692664352,26.98370842548795,1.500000000011274,0.45135174400628736
63.44207777643747,10.366598635024472,26.923501524423294,1.5000000000088622,0.4672544954763055
63.44207777643747,10.36724157738459,26.859234454129368,1.4999999999982838,0.4842554362868869
63.44207777643747,10.36788451974471,26.789985062128252,1.4999999999733835,0.5025990600860749
63.44207777643747,10.36852746210483,26.715535380694785,1.4999999999532565,0.5223138423700078
63.44207777643747,10.369170404464947,26.644896084795818,1.4999999999502798,0.5410607326107562
63.44207777643747,10.369813346825067,26.58439560264966,1.4999999999526588,0.5571425288664464
63.44207777643747,10.370456289185185,26.542117344135697,1.4999999999119638,0.5684030025243313
63.44207777643747,10.371099231545305,26.499073826989083,1.4999999998627125,0.579670698921726
63.44207777643747,10.371742173905425,26.459051400065768,1.4999999998414209,0.5899938774469745
63.44207777643747,10.372385116265542,26.414560621435772,1.4999999998216451,0.6013889961010058
63.44207777643747,10.373028058625662,26.36192006026852,1.4999999997188207,0.6149560033713819
63.44207777643747,10.373671000985782,26.31377400669603,1.4999999995961857,0.6272120101239708
63.44207777643747,10.3743139433459,26.27061216379211,1.499999999508466,0.6380196362607741
63.44207777643747,10.37495688570602,26.235785600101057,1.4999999993198838,0.6464967543982532
63.44207777643747,10.375599828066138,26.21035312793392,1.499999998910397,0.6528137125137341
63.44207777643747,10.376242770426257,26.185423084936325,1.4999999986057877,0.6592291830898429
63.44207777643747,10.376885712786377,26.167053460518392,1.4999999983649737,0.6638715976016357
63.44207777643747,10.377528655146495,26.167056203265894,1.4999999978012328,0.663815579717801
63.44207777643747,10.378171597506615,26.187796911025973,1.4999999967405204,0.6587814054269551
63.44207777643747,10.378814539866735,26.232555564928965,1.4999999957934582,0.6476174278025312
63.44207777643747,10.379457482226853,26.282510117223943,1.4999999942430975,0.6349937445074237
63.44207777643747,10.380100424586972,26.347019705444144,1.4999999904601151,0.6191934555341186
63.44207777643747,10.38074336694709,26.405812766838732,1.4999999865354612,0.604896100046091
63.44207777643747,10.38138630930721,26.44732194176803,1.4999999830678905,0.5942608873058863
63.44207777643747,10.38202925166733,26.489348618533118,1.4999999836774562,0.5827820110625727
63.44207777643747,10.382672194027448,26.540817284077875,1.499999991171131,0.5689784518272173
63.44207777643747,10.383315136387568,26.641630582640087,1.4999999804188782,0.5428483182316983
63.44207777643747,10.383958078747687,26.7665554720185,1.4999999676459406,0.5099401900626795
63.44207777643747,10.384601021107805,26.89902549989951,1.4999998885867543,0.4745579685414777
63.44207777643747,10.385243963467925,27.04420626302706,1.4999998012373679,0.4354680576240443
63.44207777643747,10.385886905828045,27.160339036545963,1.4999997729071919,0.40448136424948944
63.44207777643747,10.386529848188163,27.26256900065827,1.4999998094370686,0.3780020815062306
63.44207777643747,10.387172790548282,27.359786719008753,1.500000039022488,0.3539818968441621
63.44207777643747,10.3878157329084,27.472281418172557,1.5000000040214558,0.3272017502804683
63.44207777643747,10.38845867526852,27.612666893940222,1.499999781649516,0.29491026333157955
63.44207777643747,10.38910161762864,27.746556518827468,1.499998984915669,0.2648400749792424
63.44207777643747,10.389744559988758,27.86839356139311,1.499997084164469,0.23861892637155913
63.44207777643747,10.390387502348878,27.9653786942886,1.4999968887053594,0.21873138797455194
63.44207777643747,10.391030444708997,28.033491326166867,1.4999975573557986,0.20542549936321333
63.44207777643747,10.391673387069115,28.099323315276955,1.5000015951078496,0.19300880097995754
63.44207777643747,10.392316329429235,28.16272942351345,1.500008837679406,0.18186977031642768
63.44207777643747,10.392959271789353,28.230620204024248,1.500005912708522,0.17044085736374093
63.44207777643747,10.393602214149473,28.299557152577158,1.4999995622591888,0.15899035963186145
63.44207777643747,10.394245156509593,28.35543982202173,1.499978899386916,0.14993335128636934
63.44207777643747,10.39488809886971,28.403946637338983,1.4999731724801892,0.1423680932498768
63.44207777643747,10.39553104122983,28.44401871297955,1.4999732806294546,0.13630063321768326
63.44207777643747,10.39617398358995,28.479165341386643,1.500002101120701,0.13123344290622246
63.44207777643747,10.396816925950068,28.540799084502872,1.5005831084523267,0.12287133596130337
63.44232672497525,10.353417938343167,27.60272536117834,1.4999999999896176,0.29619321353367173
63.44232672497525,10.354060886292212,27.599197869679244,1.5000000000011942,0.2969971364747436
63.44232672497525,10.354703834241258,27.594425798841446,1.5000000000020097,0.298153111604052
63.44232672497525,10.355346782190303,27.585501314172426,1.5000000000021618,0.3002849191443606
63.44232672497525,10.355989730139347,27.56868609263369,1.5000000000004188,0.30424480522845726
63.44232672497525,10.356632678088392,27.54514177266102,1.499999999999456,0.3097435077440389
63.44232672497525,10.357275626037437,27.518030758257773,1.4999999999992786,0.3161063600135893
63.44232672497525,10.357918573986481,27.489220407222515,1.4999999999994877,0.32296099877108675
63.44232672497525,10.358561521935526,27.457243209868498,1.5000000000002927,0.3307427474983239
63.44232672497525,10.35920446988457,27.421866168833443,1.500000000000538,0.33934513199167243
63.44232672497525,10.359847417833615,27.38288229201666,1.5000000000004505,0.3488498769577904
63.44232672497525,10.36049036578266,27.34334160884655,1.5000000000001523,0.3585527126651986
63.44232672497525,10.361133313731704,27.30706060308669,1.4999999999998188,0.3675731840187742
63.44232672497525,10.361776261680749,27.26414641113174,1.4999999999998619,0.3784399928511795
63.44232672497525,10.362419209629794,27.221594975872208,1.499999999999818,0.3893137645097935
63.44232672497525,10.36306215757884,27.18145343296118,1.4999999999994293,0.3995897478621595
63.44232672497525,10.363705105527885,27.14888279575688,1.4999999999990234,0.4079538582533466
63.44232672497525,10.36434805347693,27.12375463728835,1.4999999999984128,0.41447260044639084
63.44232672497525,10.364991001425974,27.095720112799192,1.4999999999986886,0.42183015833650556
63.44232672497525,10.365633949375018,27.053860917975253,1.500000000002539,0.43285498557950136
63.44232672497525,10.366276897324063,27.00024795282262,1.5000000000034017,0.4469822678171472
63.44232672497525,10.366919845273108,26.939418673825088,1.5000000000004046,0.4630343563308166
63.44232672497525,10.367562793222152,26.874793397459683,1.4999999999925926,0.4801232924554579
63.44232672497525,10.368205741171197,26.80653259853842,1.4999999999744904,0.4982016362827598
63.44232672497525,10.368848689120242,26.737313579885193,1.4999999999684692,0.5165706583643999
63.44232672497525,10.369491637069286,26.67023950531337,1.499999999963208,0.5343954926663836
63.44232672497525,10.37013458501833,26.612505205422845,1.4999999999526439,0.5497465001845724
63.44232672497525,10.370777532967375,26.56751316700068,1.499999999913494,0.5616780718795719
63.44232672497525,10.371420480916422,26.52792469287435,1.499999999892575,0.5720477379029226
63.44232672497525,10.372063428865467,26.492746427842828,1.4999999998623625,0.5811924616093425
63.44232672497525,10.372706376814511,26.453656683988786,1.4999999998123499,0.591315538447435
63.44232672497525,10.373349324763556,26.411760594976386,1.4999999997147961,0.6021616590591516
63.44232672497525,10.3739922727126,26.37299466087601,1.4999999996389803,0.6120902808170802
63.44232672497525,10.374635220661645,26.337631712977675,1.499999999502123,0.6210855709735366
63.44232672497525,10.37527816861069,26.309681700422942,1.499999999226632,0.6280826223616411
63.44232672497525,10.375921116559734,26.28339870874941,1.499999998940229,0.6348273538135191
63.44232672497525,10.376564064508779,26.261542862393824,1.4999999986594825,0.6404168184604343
63.44232672497525,10.377207012457824,26.25405011191181,1.4999999981511312,0.6423026920908999
63.44232672497525,10.377849960406868,26.26847094748357,1.4999999972305804,0.6386532610735298
63.44232672497525,10.378492908355913,26.306908488466494,1.499999996372835,0.6289048124959353
63.44232672497525,10.379135856304957,26.357334664375212,1.49999999510339,0.616066523620297
63.44232672497525,10.379778804254002,26.40923467606521,1.4999999927115903,0.6028532517565298
63.44232672497525,10.380421752203048,26.46448477249896,1.4999999885271063,0.5891135480812201
63.44232672497525,10.381064700152093,26.506605375542357,1.4999999837177789,0.5782343449186934
63.44232672497525,10.381707648101138,26.554893595175606,1.499999978616588,0.5655250486314618
63.44232672497525,10.382350596050182,26.613215202473395,1.4999999771649992,0.5497999588145487
63.44232672497525,10.382993543999227,26.702308939986974,1.4999999791524725,0.5263332288290333
63.44232672497525,10.383636491948272,26.818020365108076,1.4999999884962414,0.4957231236868499
63.44232672497525,10.384279439897316,26.941148267270947,1.499999959390764,0.4631413742329181
63.44232672497525,10.38492238784636,27.06624601523933,1.4999998575949005,0.429697345129675
63.44232672497525,10.385565335795405,27.176699564042757,1.4999997776469254,0.400377758960516
63.44232672497525,10.38620828374445,27.275541199991267,1.4999997412544182,0.374792156351873
63.44232672497525,10.386851231693495,27.376568728831288,1.4999997433537366,0.3497347577266191
63.44232672497525,10.38749417964254,27.48355942261602,1.4999998036236002,0.3244441018515316
63.44232672497525,10.388137127591584,27.614856518850512,1.4999998814785056,0.29444474686039973
63.44232672497525,10.38878007554063,27.748236341435348,1.4999997542825168,0.26469563913554073
63.44232672497525,10.389423023489675,27.866174302414343,1.4999988358931489,0.2390275099058338
63.44232672497525,10.39006597143872,27.9615913498055,1.4999974533637705,0.2192182519703483
63.44232672497525,10.390708919387764,28.0276290720628,1.4999963583108178,0.2061574230797002
63.44232672497525,10.391351867336809,28.081580131976118,1.4999964417459808,0.19618668480312282
63.44232672497525,10.391994815285853,28.137972047500757,1.5000000948524561,0.18617206744652978
63.44232672497525,10.392637763234898,28.200190362164854,1.500003204918163,0.17563378543008698
63.44232672497525,10.393280711183943,28.26694497754236,1.500004823796159,0.1644758229256319
63.44232672497525,10.393923659132987,28.329803739468595,1.4999987338215448,0.1541008930900256
63.44232672497525,10.394566607082032,28.379216747480932,1.499980665635454,0.14616625921826773
63.44232672497525,10.395209555031077,28.418620516892684,1.4999573441592404,0.14003735357220778
63.44232672497525,10.395852502980121,28.448997450784898,1.4999247632621115,0.13552903981990316
63.44232672497525,10.396495450929166,28.477858580758372,1.4999610068969018,0.13148990520865883
63.44232672497525,10.397138398878212,28.53120918285781,1.5005477956686029,0.12446453348554022
63.44232672497525,10.397781346827257,28.62459770157057,1.5018789918472177,0.11244833435475847
63.44257567351303,10.353739036805948,27.637549822118157,1.5000000000010454,0.2882926382521865
63.44257567351303,10.354381990344027,27.632999412499558,1.5000000000012297,0.2892991957829126
63.44257567351303,10.355024943882107,27.625985135836874,1.500000000000922,0.2908945383239689
63.44257567351303,10.355667897420187,27.613322699777623,1.5000000000000255,0.29380518035001374
63.44257567351303,10.356310850958266,27.593535176649414,1.499999999999212,0.2983616672476335
63.44257567351303,10.356953804496346,27.56998809867107,1.4999999999990872,0.30380105591068096
63.44257567351303,10.357596758034425,27.543591499374728,1.4999999999994336,0.3099682090886199
63.44257567351303,10.358239711572505,27.51641208325518,1.4999999999999816,0.3164428345615288
63.44257567351303,10.358882665110585,27.485645815336927,1.5000000000002687,0.3238572138621338
63.44257567351303,10.359525618648664,27.449443448956092,1.5000000000002127,0.3326016789356144
63.44257567351303,10.360168572186744,27.410113422409296,1.4999999999999778,0.3421595811966328
63.44257567351303,10.360811525724824,27.368909527248498,1.4999999999997466,0.35225566881062137
63.44257567351303,10.361454479262903,27.324102406044943,1.4999999999997478,0.363424076322547
63.44257567351303,10.362097432800983,27.278113417711314,1.4999999999997953,0.37502168676292646
63.44257567351303,10.362740386339063,27.234540663140223,1.4999999999995999,0.3860741046355657
63.44257567351303,10.363383339877142,27.197257399107635,1.4999999999987885,0.39554606534376346
63.44257567351303,10.364026293415222,27.169796594939893,1.4999999999971922,0.4025585580147557
63.44257567351303,10.364669246953303,27.14390757132698,1.4999999999959601,0.4092482152524744
63.44257567351303,10.365312200491383,27.11104425690093,1.4999999999961244,0.4178329084842422
63.44257567351303,10.365955154029463,27.06560261336831,1.4999999999982223,0.4297655240073541
63.44257567351303,10.366598107567542,27.011787082737776,1.499999999999374,0.44392635436375655
63.44257567351303,10.367241061105622,26.95197049474686,1.4999999999975178,0.4596990567650522
63.44257567351303,10.367884014643701,26.88974665137786,1.4999999999910898,0.47614936876509517
63.44257567351303,10.368526968181781,26.82442506012858,1.499999999985545,0.49347085060547563
63.44257567351303,10.36916992171986,26.757709183447147,1.4999999999831866,0.5111933910498283
63.44257567351303,10.36981287525794,26.69523778400903,1.4999999999762261,0.5278002659653473
63.44257567351303,10.37045582879602,26.64124345885222,1.499999999957732,0.5421493762449237
63.44257567351303,10.3710987823341,26.598614551921546,1.4999999999404598,0.5534348007331996
63.44257567351303,10.37174173587218,26.562820583216684,1.49999999991931,0.562845173546173
63.44257567351303,10.372384689410259,26.529154352213215,1.4999999998803402,0.5716481572031069
63.44257567351303,10.373027642948339,26.494305343075897,1.4999999998175366,0.580744049347149
63.44257567351303,10.373670596486418,26.460453984439567,1.4999999997601132,0.5895500265835969
63.44257567351303,10.374313550024498,26.429040284580285,1.4999999996644537,0.5976807374993224
63.44257567351303,10.374956503562577,26.401726040995595,1.4999999994790274,0.6047086087233965
63.44257567351303,10.375599457100657,26.378503230123126,1.4999999992128261,0.6106311269262402
63.44257567351303,10.376242410638739,26.357496175038307,1.4999999989369093,0.6159906611379503
63.44257567351303,10.376885364176818,26.346799640690907,1.499999998492018,0.618708730086509
63.44257567351303,10.377528317714898,26.354162786273143,1.4999999977094154,0.6167894071700539
63.44257567351303,10.378171271252977,26.382237066268623,1.499999996806957,0.6095000955886483
63.44257567351303,10.378814224791057,26.425727084418543,1.4999999957447459,0.5982516719046376
63.44257567351303,10.379457178329137,26.47630332858658,1.49999999386521,0.5852168519755401
63.44257567351303,10.380100131867216,26.524458542329977,1.4999999905029244,0.5728628824621234
63.44257567351303,10.380743085405296,26.568903860799363,1.4999999845156455,0.5613263620992046
63.44257567351303,10.381386038943376,26.615494248992885,1.4999999774236612,0.5490175233338247
63.44257567351303,10.382028992481455,26.67385862182132,1.4999999707099292,0.5334738719456222
63.44257567351303,10.382671946019535,26.754172670303642,1.4999999692187933,0.5121338083843606
63.44257567351303,10.383314899557615,26.857480944736853,1.499999985053799,0.4848115329869835
63.44257567351303,10.383957853095694,26.9744040293096,1.499999982610254,0.45392867919592156
63.44257567351303,10.384600806633774,27.09254976256056,1.4999999223733227,0.42270461829863004
63.44257567351303,10.385243760171853,27.198697117631912,1.4999998012423468,0.39477972797975225
63.44257567351303,10.385886713709933,27.294510191527674,1.499999699789984,0.3701291192152371
63.44257567351303,10.386529667248013,27.388722291932616,1.4999996313198036,0.3468011103071277
63.44257567351303,10.387172620786092,27.491753775673917,1.4999995945256308,0.3224301917385699
63.44257567351303,10.387815574324172,27.611041932893684,1.4999997720633005,0.29517890282839726
63.44257567351303,10.388458527862253,27.73903523878059,1.4999999740246515,0.26668841059982973
63.44257567351303,10.389101481400333,27.860172167644524,1.4999997034665482,0.2403666426384827
63.44257567351303,10.389744434938413,27.958222817146638,1.4999985043570656,0.21974608860925576
63.44257567351303,10.390387388476492,28.02713481160963,1.4999961187093025,0.20587645165640883
63.44257567351303,10.391030342014572,28.07763495554892,1.4999941917253716,0.1964531450767664
63.44257567351303,10.391673295552652,28.12296440939375,1.4999941612256955,0.18865229870934544
63.44257567351303,10.392316249090731,28.176452224301652,1.4999974592568628,0.17959493149986572
63.44257567351303,10.392959202628811,28.237873558884512,1.5000029973996578,0.16927940281740533
63.44257567351303,10.39360215616689,28.299533003547825,1.5000040686669238,0.15904584197092608
63.44257567351303,10.39424510970497,28.353645018042076,1.499994533423587,0.15021113986235207
63.44257567351303,10.39488806324305,28.394265551755403,1.4999642113879286,0.14375198032922445
63.44257567351303,10.39553101678113,28.424999031928415,1.4999203530374559,0.13905048931565867
63.44257567351303,10.396173970319209,28.450257412701447,1.4999056096278576,0.1354221252059971
63.44257567351303,10.396816923857289,28.474738218646543,1.4999563128301683,0.13212139917679436
63.44257567351303,10.397459877395368,28.51700825188742,1.5005105424830545,0.12684477901056773
63.44257567351303,10.398102830933448,28.60188794073217,1.5019074383705626,0.11627110474879511
63.442824622050814,10.353417181723248,27.679854738852153,1.5000000000033318,0.278880109142388
63.442824622050814,10.354060140850471,27.66933180325421,1.5000000000019516,0.2810680585951258
63.442824622050814,10.354703099977696,27.6618975010461,1.5000000000009908,0.2826768864282302
63.442824622050814,10.35534605910492,27.65133438576892,1.4999999999998574,0.28505348973637556
63.442824622050814,10.355989018232144,27.631331928935445,1.4999999999990983,0.28961357008755
63.442824622050814,10.356631977359367,27.607095263860373,1.4999999999989628,0.29511605098721416
63.442824622050814,10.357274936486592,27.583743207196974,1.4999999999993612,0.3004561299780294
63.442824622050814,10.357917895613816,27.562531150830463,1.499999999999891,0.30542755104454705
63.442824622050814,10.35856085474104,27.547506261277046,1.5000000000001503,0.30911438259598406
63.442824622050814,10.359203813868264,27.517943786034248,1.5000000000001923,0.3162075427293423
63.442824622050814,10.359846772995487,27.48096841610252,1.4999999999999472,0.32508864100431867
63.442824622050814,10.360489732122712,27.438815183562223,1.4999999999996994,0.33524675687810446
63.442824622050814,10.361132691249935,27.394749226743954,1.4999999999995857,0.3459399012835132
63.442824622050814,10.36177565037716,27.34815747717358,1.499999999999658,0.35751940778424535
63.442824622050814,10.362418609504385,27.300066093420302,1.4999999999996447,0.3695772294006583
63.442824622050814,10.363061568631608,27.25459285199963,1.4999999999992395,0.3809903147535431
63.442824622050814,10.363704527758832,27.216164138146585,1.4999999999982878,0.3906976824817926
63.442824622050814,10.364347486886055,27.18864702518882,1.499999999996065,0.3976889876020737
63.442824622050814,10.36499044601328,27.158289207176864,1.4999999999945222,0.4055107010795749
63.442824622050814,10.365633405140503,27.114488157551182,1.4999999999948181,0.41693953339304723
63.442824622050814,10.366276364267728,27.06431323655202,1.4999999999968463,0.430086758940471
63.442824622050814,10.366919323394953,27.010440649438323,1.499999999998603,0.4442412631951837
63.442824622050814,10.367562282522176,26.956422313915436,1.4999999999963354,0.45848073732255384
63.442824622050814,10.3682052416494,26.907232384563482,1.4999999999902245,0.4715034155788867
63.442824622050814,10.368848200776624,26.846535947986773,1.4999999999857494,0.4876074033245552
63.442824622050814,10.369491159903848,26.783609629449533,1.4999999999846028,0.5043330739496836
63.442824622050814,10.370134119031071,26.725547733546716,1.4999999999748395,0.5197695836742365
63.442824622050814,10.370777078158296,26.669062316584046,1.4999999999527234,0.5347817261763994
63.442824622050814,10.371420037285521,26.62879740901581,1.4999999999329359,0.5454517475869847
63.442824622050814,10.372062996412744,26.595240173202363,1.499999999907402,0.5542977221882157
63.442824622050814,10.372705955539969,26.563360832706852,1.4999999998607194,0.5626792340499245
63.442824622050814,10.373348914667192,26.531778303341312,1.4999999997793434,0.570968688076841
63.442824622050814,10.373991873794417,26.503568746528302,1.4999999997083324,0.5783733236538526
63.442824622050814,10.37463483292164,26.480440357438123,1.4999999995777444,0.5844228478134949
63.442824622050814,10.375277792048864,26.466167485093504,1.4999999993674769,0.5881053783101599
63.442824622050814,10.375920751176087,26.45395189796061,1.4999999990158281,0.5911600145578316
63.442824622050814,10.376563710303312,26.442965378449333,1.4999999986293666,0.5939279374315607
63.442824622050814,10.377206669430537,26.44671035034131,1.49999999795859,0.5929289239042799
63.442824622050814,10.37784962855776,26.471267770776,1.4999999970587616,0.5864861518854353
63.442824622050814,10.378492587684985,26.507366228887705,1.499999995855935,0.5769881767746359
63.442824622050814,10.379135546812208,26.552877116035525,1.4999999943582363,0.5650812110603851
63.442824622050814,10.379778505939433,26.592257528427854,1.4999999916559412,0.5548349098135099
63.442824622050814,10.380421465066656,26.629965286961344,1.4999999874542613,0.544989690309561
63.442824622050814,10.38106442419388,26.67658018421774,1.499999979336361,0.5326862474059548
63.442824622050814,10.381707383321105,26.73103896389371,1.499999970184983,0.5181541022349541
63.442824622050814,10.382350342448328,26.811366394971294,1.4999999622894662,0.4968261916782257
63.442824622050814,10.382993301575553,26.906072871053148,1.4999999576300251,0.4718188670812634
63.442824622050814,10.383636260702776,27.014272403706215,1.4999999699134314,0.44333485048444915
63.442824622050814,10.38427921983,27.126209815354066,1.4999999439175113,0.4138703795431273
63.442824622050814,10.384922178957224,27.221548016385633,1.4999998826084857,0.38885444109400413
63.442824622050814,10.385565138084448,27.315601980996043,1.4999997505598053,0.3648657760199234
63.442824622050814,10.386208097211673,27.404087753502914,1.4999996161492413,0.34303727660294775
63.442824622050814,10.386851056338896,27.500792172244687,1.4999994976854294,0.3202363503148311
63.442824622050814,10.387494015466121,27.614890784692733,1.499999394461889,0.2941999197006835
63.442824622050814,10.388136974593344,27.732127864554407,1.4999996375319262,0.2680757812002494
63.442824622050814,10.388779933720569,27.852457121499953,1.4999998351261228,0.2419429784854087
63.442824622050814,10.389422892847792,27.950054912226957,1.4999993653327588,0.2214270585317118
63.442824622050814,10.390065851975017,28.023703430243483,1.4999981581700712,0.20664076318873983
63.442824622050814,10.390708811102241,28.075805723571303,1.4999949809794568,0.19674098966518924
63.442824622050814,10.391351770229464,28.115603512059653,1.4999925174390871,0.18991444175172278
63.442824622050814,10.39199472935669,28.163713156657344,1.499991426906055,0.1816965386229242
63.442824622050814,10.392637688483912,28.217376076462735,1.499994364968732,0.1726075819621059
63.442824622050814,10.393280647611137,28.275682551395626,1.5000008576166195,0.16287670544810856
63.442824622050814,10.39392360673836,28.328881377492216,1.5000001342714866,0.1541343798760713
63.442824622050814,10.394566565865585,28.368472868494226,1.4999957654703908,0.14781295747027584
63.442824622050814,10.39520952499281,28.4001244701039,1.499958490189776,0.14285256084121659
63.442824622050814,10.395852484120033,28.423461736819657,1.4999077413390243,0.13938259587471863
63.442824622050814,10.396495443247257,28.444911422843035,1.499904022643786,0.13640218007113233
63.442824622050814,10.39713840237448,28.467922086661236,1.4998665341398352,0.133146238660104
63.442824622050814,10.397781361501705,28.50450151333007,1.5003084968328797,0.12886998478232856
63.442824622050814,10.398424320628928,28.575441707604632,1.5019463305154976,0.1207539478936616
63.443073570588595,10.35309532104395,27.72380181505371,1.5000000000050064,0.26930419011274165
63.443073570588595,10.353738285760429,27.714517798483424,1.500000000003459,0.2711419339240033
63.443073570588595,10.354381250476905,27.699622727531345,1.5000000000011595,0.27425793197127935
63.443073570588595,10.355024215193383,27.688444045083894,1.4999999999999452,0.27670942348134103
63.443073570588595,10.35566717990986,27.669069154632542,1.4999999999992286,0.28107228294849196
63.443073570588595,10.356310144626338,27.64352142913366,1.4999999999991478,0.2868309320621075
63.443073570588595,10.356953109342816,27.619227190796526,1.4999999999994147,0.29228957786731014
63.443073570588595,10.357596074059293,27.600705463478565,1.4999999999999014,0.2965087641254684
63.443073570588595,10.358239038775771,27.59245903550284,1.5000000000000804,0.298505472282562
63.443073570588595,10.35888200349225,27.58004429814503,1.5000000000001135,0.30153717411248165
63.443073570588595,10.359524968208726,27.549852596400395,1.4999999999999711,0.30871523308247123
63.443073570588595,10.360167932925204,27.510358587864026,1.4999999999997295,0.31810734079263175
63.443073570588595,10.36081089764168,27.46446492603734,1.499999999999609,0.3290303847101321
63.443073570588595,10.36145386235816,27.41909387378273,1.4999999999995561,0.33998862021914766
63.443073570588595,10.362096827074637,27.37089563735916,1.4999999999996183,0.3519043357644831
63.443073570588595,10.362739791791114,27.322307225883765,1.4999999999994087,0.3639598452610492
63.443073570588595,10.363382756507592,27.276023171002116,1.4999999999990328,0.3755336424406155
63.443073570588595,10.36402572122407,27.235679961628144,1.4999999999978983,0.3856978539064187
63.443073570588595,10.364668685940547,27.20313469311502,1.499999999995624,0.39395921640704484
63.443073570588595,10.365311650657025,27.159298788123003,1.4999999999947562,0.40527670130762544
63.443073570588595,10.365954615373502,27.109767856303737,1.4999999999947073,0.4181860369238511
63.443073570588595,10.36659758008998,27.059211555126115,1.4999999999958058,0.4314050499250618
63.443073570588595,10.367240544806458,27.010620996916188,1.4999999999957685,0.44415479436060223
63.443073570588595,10.367883509522935,26.97047011421135,1.4999999999924551,0.454741066342152
63.443073570588595,10.368526474239413,26.928266912682535,1.499999999985944,0.46592191093435503
63.443073570588595,10.369169438955891,26.872421192513073,1.4999999999812774,0.4807489560976341
63.443073570588595,10.369812403672368,26.815450449095728,1.4999999999752007,0.49589374898609545
63.443073570588595,10.370455368388846,26.753181423358892,1.4999999999616798,0.5124482079817572
63.443073570588595,10.371098333105323,26.69789909150479,1.4999999999330749,0.5271358991998034
63.443073570588595,10.371741297821801,26.65946160840413,1.4999999999064537,0.5373260367608534
63.443073570588595,10.37238426253828,26.62626000424817,1.4999999998676772,0.5461054148314529
63.443073570588595,10.373027227254756,26.59777475834779,1.499999999806945,0.5536298163013529
63.443073570588595,10.373670191971234,26.570872881825967,1.499999999696275,0.5607265788613022
63.443073570588595,10.37431315668771,26.54974817269586,1.499999999583769,0.5663233036965587
63.443073570588595,10.374956121404189,26.5382674531932,1.499999999415305,0.5693498069724822
63.443073570588595,10.375599086120667,26.535335509027238,1.4999999991410897,0.5700688363069806
63.443073570588595,10.376242050837144,26.534459744664932,1.4999999986647667,0.5701771561900622
63.443073570588595,10.376885015553622,26.53867281017964,1.4999999980522878,0.5690191982644236
63.443073570588595,10.3775279802701,26.56272667542245,1.4999999973098952,0.5626834509815332
63.443073570588595,10.378170944986577,26.59504836829198,1.4999999960864736,0.5541384666496905
63.443073570588595,10.378813909703055,26.63363157450412,1.4999999944098277,0.5439156697862072
63.443073570588595,10.379456874419532,26.667769912761194,1.4999999920083944,0.5349037637822943
63.443073570588595,10.38009983913601,26.69303713743942,1.4999999890484024,0.5281685587122754
63.443073570588595,10.380742803852488,26.733728627405338,1.4999999831074282,0.5174313836173182
63.443073570588595,10.381385768568965,26.787402477782848,1.4999999730413676,0.5031802470467694
63.443073570588595,10.382028733285443,26.864531376501585,1.4999999630700693,0.48275788804315684
63.443073570588595,10.382671698001921,26.963476184753986,1.4999999526200574,0.456665029684885
63.443073570588595,10.383314662718398,27.061233253567483,1.4999999413068283,0.43101033032467256
63.443073570588595,10.383957627434876,27.164950718010537,1.4999999336420045,0.403844242310682
63.443073570588595,10.384600592151353,27.25243300183102,1.4999999067063237,0.38100970722227046
63.443073570588595,10.385243556867831,27.33347223848317,1.4999998563338683,0.36038040943923905
63.443073570588595,10.38588652158431,27.421202163945743,1.4999996897703345,0.3388960269735475
63.443073570588595,10.386529486300786,27.51235919327457,1.4999995034211497,0.3174700188655795
63.443073570588595,10.387172451017264,27.623143806202854,1.499999279786746,0.2922763881321202
63.443073570588595,10.387815415733742,27.735389891996235,1.4999991782262398,0.2672714366262166
63.443073570588595,10.388458380450219,27.845095520168456,1.4999994433659507,0.2434314056633324
63.443073570588595,10.389101345166697,27.940777214443884,1.499999438462507,0.22330106831327087
63.443073570588595,10.389744309883174,28.011423747274996,1.4999993769278084,0.20921822345973254
63.443073570588595,10.390387274599652,28.07054404086344,1.4999975968422774,0.1979193954971832
63.443073570588595,10.39103023931613,28.112046396274543,1.4999938109258966,0.1906048013250942
63.443073570588595,10.391673204032607,28.157085358709235,1.4999904114199427,0.1828512992599484
63.443073570588595,10.392316168749085,28.206494195002275,1.4999872091655362,0.17438301984903432
63.443073570588595,10.392959133465562,28.256157851242808,1.4999916272853286,0.1660152304521128
63.443073570588595,10.39360209818204,28.30643584155395,1.4999979146491556,0.15769166592257705
63.443073570588595,10.394245062898518,28.344094786583987,1.5000046662653188,0.15162872280552006
63.443073570588595,10.394888027614995,28.374029250785664,1.500001173521082,0.14693940644526432
63.443073570588595,10.395530992331473,28.39769981075512,1.499950241374982,0.1432956719232655
63.443073570588595,10.396173957047951,28.41632645573566,1.499901196597806,0.14060935035894007
63.443073570588595,10.396816921764428,28.43553009798463,1.4997589397720936,0.13775642199736274
63.443073570588595,10.397459886480906,28.458090662296147,1.4997671219283086,0.13449155823568054
63.443073570588595,10.398102851197383,28.496426299046355,1.500347823028729,0.13000098145087194
63.443073570588595,10.39874581591386,28.55263015951965,1.5011074483192914,0.12422673805170462
63.443322519126376,10.353416425073732,27.762740868912417,1.500000000004335,0.26077166956148057
63.443322519126376,10.354059395379572,27.74683523921636,1.5000000000019083,0.2639890865266774
63.443322519126376,10.354702365685412,27.729755235164895,1.5000000000000802,0.2676386470229273
63.443322519126376,10.355345335991252,27.708940854571132,1.4999999999994806,0.272261391729828
63.443322519126376,10.355988306297094,27.68338824285994,1.4999999999994311,0.2779650310331504
63.443322519126376,10.356631276602934,27.659005403311795,1.4999999999996305,0.2834027430567673
63.443322519126376,10.357274246908775,27.63941427666197,1.4999999999999682,0.2877526475678887
63.443322519126376,10.357917217214615,27.630876209305786,1.5000000000001144,0.28966964830045033
63.443322519126376,10.358560187520455,27.62417650475296,1.500000000000095,0.29124569625507346
63.443322519126376,10.359203157826297,27.60887368451515,1.4999999999999825,0.29486333691149136
63.443322519126376,10.359846128132137,27.576152674517118,1.4999999999997966,0.30253832194353003
63.443322519126376,10.360489098437977,27.53425017851275,1.4999999999996771,0.3123742988460159
63.443322519126376,10.361132068743817,27.48689145249754,1.4999999999996014,0.32358078474692925
63.443322519126376,10.361775039049657,27.439372011895465,1.4999999999995641,0.33500875784180384
63.443322519126376,10.3624180093555,27.39151987322141,1.499999999999524,0.3467235052412181
63.443322519126376,10.36306097966134,27.343962541364874,1.4999999999994023,0.35848152709674536
63.443322519126376,10.36370394996718,27.296564411780654,1.4999999999989135,0.37032177648243086
63.443322519126376,10.36434692027302,27.25261372264136,1.4999999999976106,0.38138945494078613
63.443322519126376,10.36498989057886,27.205648217368438,1.499999999996439,0.3933777768486796
63.443322519126376,10.365632860884702,27.154972672029952,1.4999999999955174,0.40645659937186174
63.443322519126376,10.366275831190542,27.105842231429328,1.4999999999942943,0.41922377271061934
63.443322519126376,10.366918801496382,27.059851006702406,1.4999999999931835,0.4312194632773772
63.443322519126376,10.367561771802222,27.022943866790303,1.4999999999903095,0.44088130586734864
63.443322519126376,10.368204742108064,26.98967296550782,1.4999999999853717,0.4496491012251205
63.443322519126376,10.368847712413904,26.951634284994174,1.4999999999775853,0.4597326057045921
63.443322519126376,10.369490682719745,26.901402182227727,1.4999999999687221,0.47307502243069455
63.443322519126376,10.370133653025585,26.84266094008175,1.499999999955848,0.4886848848039621
63.443322519126376,10.370776623331425,26.782177494181326,1.4999999999344815,0.5047558018376062
63.443322519126376,10.371419593637267,26.729958028074304,1.499999999898801,0.5186218387192872
63.443322519126376,10.372062563943107,26.691331021460304,1.4999999998570748,0.5288636218821163
63.443322519126376,10.372705534248947,26.660086507454604,1.4999999997992022,0.5371432913326509
63.443322519126376,10.373348504554787,26.63594057633765,1.4999999997052424,0.5435442134598211
63.443322519126376,10.373991474860627,26.615776603685156,1.4999999995604372,0.5488969157227546
63.443322519126376,10.37463444516647,26.603916895113155,1.4999999993949242,0.5520519693526196
63.443322519126376,10.37527741547231,26.602186406568293,1.4999999991552535,0.5525062359408657
63.443322519126376,10.37592038577815,26.60953684751713,1.4999999987389718,0.5505402044889052
63.443322519126376,10.37656335608399,26.621962386294904,1.4999999980843057,0.5472041892857109
63.443322519126376,10.37720632638983,26.64793873198414,1.4999999973628375,0.5403287518697416
63.443322519126376,10.377849296695672,26.680407428929023,1.499999996293611,0.531735961974872
63.443322519126376,10.378492267001512,26.713359568326258,1.4999999945306663,0.5229855639663914
63.443322519126376,10.379135237307352,26.743864403233964,1.4999999921078577,0.5148407515883254
63.443322519126376,10.379778207613192,26.766271256712493,1.4999999894390426,0.5088009719071915
63.443322519126376,10.380421177919034,26.7953810852912,1.4999999849249013,0.501032187669048
63.443322519126376,10.381064148224874,26.84417628476285,1.4999999768275065,0.488156094921729
63.443322519126376,10.381707118530715,26.917570325905192,1.4999999660030825,0.46881897119622085
63.443322519126376,10.382350088836555,27.012372480905057,1.4999999534246835,0.44391573996243655
63.443322519126376,10.382993059142395,27.112426266317172,1.4999999357507832,0.41771715973563134
63.443322519126376,10.383636029448237,27.206538786311548,1.4999999143662492,0.39319445605163705
63.443322519126376,10.384278999754077,27.288129130021133,1.499999905350516,0.37205367780836057
63.443322519126376,10.384921970059917,27.361732969536426,1.4999998919797422,0.3534334678479574
63.443322519126376,10.385564940365757,27.438796946983693,1.4999997986872815,0.3346656717828758
63.443322519126376,10.386207910671597,27.52696564186314,1.4999995762666394,0.3140203893548336
63.443322519126376,10.38685088097744,27.631286476997563,1.4999992764583467,0.29035791829349783
63.443322519126376,10.38749385128328,27.740418382169246,1.499999014366938,0.266107655619694
63.443322519126376,10.38813682158912,27.843113623816993,1.4999989384827206,0.2437782601125494
63.443322519126376,10.38877979189496,27.932769627805083,1.4999991472947498,0.22490507537979482
63.443322519126376,10.3894227622008,28.00170573512097,1.4999995483991557,0.21113553153752823
63.443322519126376,10.390065732506642,28.058232035556102,1.4999990489830237,0.2004418671907508
63.443322519126376,10.390708702812482,28.10743496736501,1.4999964298538637,0.1915411282032525
63.443322519126376,10.391351673118322,28.151986255544294,1.4999915501612002,0.18380891407588018
63.443322519126376,10.391994643424162,28.199119840495527,1.4999858946353524,0.17566112501007028
63.443322519126376,10.392637613730004,28.244408704597785,1.4999841094271344,0.16792209173502332
63.443322519126376,10.393280584035844,28.287203433584068,1.4999906564784462,0.16075752022139694
63.443322519126376,10.393923554341685,28.32260721147194,1.50000549109533,0.15499082923920454
63.443322519126376,10.394566524647525,28.350180250051864,1.5000164350444773,0.1506351582984884
63.443322519126376,10.395209494953365,28.371989802310967,1.4999967939794419,0.1472794272556274
63.443322519126376,10.395852465259207,28.389114323826238,1.4999296268949966,0.14470245201834472
63.443322519126376,10.396495435565047,28.405293333040373,1.4997884455905577,0.1422551762805343
63.443322519126376,10.397138405870887,28.423647316964697,1.4996895964979458,0.1394872767850811
63.443322519126376,10.397781376176727,28.44611065342812,1.4997746140427948,0.13618266510793553
63.443322519126376,10.398424346482567,28.485682475533586,1.5004241308422668,0.1314625810934469
63.44357146766416,10.353094558790218,27.80876346051142,1.5000000000044345,0.2510220882638619
63.44357146766416,10.35373753468553,27.798147829148355,1.5000000000023523,0.2530690810187449
63.44357146766416,10.354380510580844,27.778967760148547,1.5000000000001816,0.25703250821947343
63.44357146766416,10.355023486476156,27.76121636131714,1.4999999999994953,0.26089985416215394
63.44357146766416,10.355666462371468,27.736424395734513,1.499999999999403,0.26636992504334944
63.44357146766416,10.356309438266782,27.71046693077927,1.4999999999996736,0.27210754718369395
63.44357146766416,10.356952414162095,27.68734355318539,1.5000000000000355,0.2771855577508401
63.44357146766416,10.357595390057407,27.672254484473786,1.5000000000001996,0.28043521392492393
63.44357146766416,10.35823836595272,27.6648205730851,1.5000000000001803,0.282021457097746
63.44357146766416,10.358881341848033,27.654084692449377,1.5000000000000329,0.2844391266423698
63.44357146766416,10.359524317743345,27.628437061657575,1.4999999999998577,0.2903399295887462
63.44357146766416,10.360167293638659,27.59072963465683,1.4999999999997187,0.2990628136343318
63.44357146766416,10.360810269533971,27.54624375530723,1.499999999999629,0.3094178124479803
63.44357146766416,10.361453245429283,27.498538540664928,1.4999999999995755,0.32066129558339207
63.44357146766416,10.362096221324597,27.454245226330926,1.4999999999995275,0.33132905339247926
63.44357146766416,10.36273919721991,27.40695107251831,1.4999999999995939,0.34288963093228464
63.44357146766416,10.363382173115221,27.359247760149888,1.4999999999994615,0.3546807504339076
63.44357146766416,10.364025149010535,27.31211501767339,1.4999999999988098,0.36644211493545953
63.44357146766416,10.364668124905847,27.264674113026963,1.4999999999974694,0.37837336703064595
63.44357146766416,10.36531110080116,27.21285811473079,1.4999999999959432,0.3915999329728037
63.44357146766416,10.365954076696474,27.160666699375984,1.4999999999942597,0.40503183270437265
63.44357146766416,10.366597052591786,27.111908360780415,1.4999999999920914,0.41764722349309713
63.44357146766416,10.367240028487098,27.072854937956993,1.4999999999889277,0.4277952573745273
63.44357146766416,10.367883004382412,27.043518390683484,1.4999999999837468,0.43545545715269474
63.44357146766416,10.368525980277724,27.013768158852002,1.4999999999761842,0.44328722804964815
63.44357146766416,10.369168956173036,26.976298005685834,1.4999999999656868,0.4532183022244502
63.44357146766416,10.36981193206835,26.925818660671244,1.4999999999513016,0.46661975587144916
63.44357146766416,10.370454907963662,26.867954465173586,1.4999999999306657,0.4819845847621206
63.44357146766416,10.371097883858974,26.81272632044763,1.4999999998990035,0.496644201297514
63.44357146766416,10.371740859754288,26.76829812062117,1.4999999998526117,0.5084210614117233
63.44357146766416,10.3723838356496,26.73349674421154,1.4999999997895166,0.5176520323203028
63.44357146766416,10.373026811544912,26.70645449527482,1.4999999996998907,0.5248282898082866
63.44357146766416,10.373669787440226,26.685375723203354,1.4999999995632884,0.5304309059157556
63.44357146766416,10.374312763335539,26.668849982349773,1.4999999993773603,0.5348287004953574
63.44357146766416,10.374955739230852,26.66611965613273,1.4999999991310684,0.5355695544559602
63.44357146766416,10.375598715126165,26.673164963415683,1.4999999987562678,0.5337086790135932
63.44357146766416,10.376241691021477,26.689246548401453,1.499999998147481,0.5294414466689287
63.44357146766416,10.37688466691679,26.713317944361354,1.4999999973366722,0.5230293423824353
63.44357146766416,10.377527642812103,26.746322476252967,1.4999999962803543,0.5142848446435458
63.44357146766416,10.378170618707415,26.782325880045217,1.4999999946992337,0.504732977443933
63.44357146766416,10.378813594602729,26.814923387619917,1.499999992297936,0.496042442609982
63.44357146766416,10.379456570498041,26.83967291617121,1.4999999893938547,0.4893969847912874
63.44357146766416,10.380099546393353,26.865069695101088,1.49999998552275,0.4826153366036672
63.44357146766416,10.380742522288667,26.90341726831646,1.4999999789821274,0.47248072319696505
63.44357146766416,10.38138549818398,26.969796585153244,1.4999999682864877,0.45512944680748313
63.44357146766416,10.382028474079291,27.055684270033524,1.4999999529320207,0.4327006052255691
63.44357146766416,10.382671449974605,27.15323440169736,1.4999999333681515,0.40727808546214705
63.44357146766416,10.383314425869917,27.248890951717073,1.4999999075288952,0.38245071153342447
63.44357146766416,10.38395740176523,27.32816754885843,1.4999998812235364,0.36211903152972835
63.44357146766416,10.384600377660544,27.398177167948603,1.4999998820020428,0.34455915586034513
63.44357146766416,10.385243353555856,27.46662535063366,1.4999998381675874,0.3280143793940905
63.44357146766416,10.385886329451168,27.544955307759828,1.4999996781416698,0.3098166865171378
63.44357146766416,10.386529305346482,27.639147034524004,1.4999993711252677,0.288488508548882
63.44357146766416,10.387172281241794,27.741310678429507,1.499998987488524,0.2658263981144885
63.44357146766416,10.387815257137106,27.842428849713702,1.4999987147792937,0.24387971418926538
63.44357146766416,10.38845823303242,27.928614598474404,1.4999986661219193,0.22570514258059446
63.44357146766416,10.389101208927732,27.99821893764721,1.499999093661718,0.21164580663210603
63.44357146766416,10.389744184823044,28.053047315453203,1.4999993159403562,0.2012692194157848
63.44357146766416,10.390387160718358,28.09835725795069,1.4999980624997582,0.19325334955065712
63.44357146766416,10.39103013661367,28.142866817793745,1.4999945003824735,0.1854846366758169
63.44357146766416,10.391673112508983,28.187354859225294,1.4999876956655844,0.17772721047978673
63.44357146766416,10.392316088404296,28.23110068139373,1.4999823361589995,0.17016667927516882
63.44357146766416,10.392959064299609,28.27169349387267,1.4999831143767892,0.16326443911085134
63.44357146766416,10.39360204019492,28.305353057115877,1.4999926393655962,0.15770065478377496
63.44357146766416,10.394245016090235,28.330814422444238,1.5000119456907708,0.1536178361796861
63.44357146766416,10.394887991985547,28.34965270899164,1.500013049436705,0.15070912988554966
63.44357146766416,10.395530967880859,28.36364682292536,1.4999712909354737,0.1486079476838604
63.44357146766416,10.396173943776173,28.376229716473965,1.499875303855614,0.14669390709690294
63.44357146766416,10.396816919671485,28.39106558765448,1.4997544648822991,0.14441408186515942
63.44357146766416,10.397459895566797,28.409021650962536,1.4997429051997961,0.14170387678873622
63.44357146766416,10.398102871462111,28.43245772611909,1.4999299078883697,0.13823816041007914
63.44357146766416,10.398745847357423,28.47263443599832,1.5006294189215066,0.1333235844271561
63.44382041620194,10.352772686909724,27.85773507013199,1.500000000003951,0.24086466073469825
63.44382041620194,10.353415668394618,27.847341850363545,1.500000000002375,0.24276367244571442
63.44382041620194,10.354058649879512,27.8305581446668,1.5000000000004055,0.24612935236752992
63.44382041620194,10.354701631364406,27.81576109226447,1.499999999999727,0.24925492081501885
63.44382041620194,10.3553446128493,27.801166748801794,1.4999999999994618,0.252415312050865
63.44382041620194,10.355987594334195,27.776290110440428,1.4999999999996931,0.25785759262742025
63.44382041620194,10.35663057581909,27.74966015194838,1.5000000000000269,0.2636503756093631
63.44382041620194,10.357273557303984,27.725282069633778,1.5000000000001723,0.26884523306825153
63.44382041620194,10.357916538788878,27.708648444300444,1.500000000000185,0.2723519220122588
63.44382041620194,10.358559520273772,27.697782538076037,1.500000000000045,0.27462937065028453
63.44382041620194,10.359202501758666,27.672835558985692,1.4999999999998987,0.28019306313819137
63.44382041620194,10.35984548324356,27.632685105094836,1.4999999999997993,0.2893581567092853
63.44382041620194,10.360488464728455,27.589362005673078,1.4999999999996914,0.29931309730013067
63.44382041620194,10.36113144621335,27.544180114150237,1.4999999999996156,0.3097719519740011
63.44382041620194,10.361774427698244,27.505701197196892,1.4999999999995364,0.31887527678890343
63.44382041620194,10.362417409183138,27.467204849198907,1.4999999999994211,0.32818692332445926
63.44382041620194,10.363060390668032,27.421789082647226,1.499999999999432,0.33929180323049235
63.44382041620194,10.363703372152926,27.375686763709204,1.4999999999991602,0.3506746380817947
63.44382041620194,10.36434635363782,27.32869890042354,1.4999999999983595,0.3623162168809304
63.44382041620194,10.364989335122715,27.279845366887525,1.499999999996815,0.37454027641342136
63.44382041620194,10.36563231660761,27.226338365823118,1.4999999999948377,0.38816080973057704
63.44382041620194,10.366275298092503,27.17396532918084,1.499999999992421,0.40158919540071325
63.44382041620194,10.366918279577398,27.126069670489468,1.4999999999898526,0.4139613941674379
63.44382041620194,10.367561261062292,27.09081834599331,1.4999999999851916,0.4230831500150439
63.44382041620194,10.368204242547186,27.06558231830042,1.49999999997775,0.4296494144292565
63.44382041620194,10.36884722403208,27.03526288676094,1.4999999999672962,0.4376301050509534
63.44382041620194,10.369490205516975,27.001936074235612,1.499999999955207,0.44647120914389454
63.44382041620194,10.37013318700187,26.95389001992835,1.499999999935216,0.459206429088175
63.44382041620194,10.370776168486763,26.899577100991117,1.4999999999056164,0.47360679216955315
63.44382041620194,10.371419149971658,26.853258782456567,1.499999999864526,0.4858646194225821
63.44382041620194,10.372062131456552,26.816817480855242,1.499999999809015,0.4955025307229679
63.44382041620194,10.372705112941446,26.78831926377453,1.4999999997219702,0.5030627047511058
63.44382041620194,10.37334809442634,26.764363069639998,1.4999999995916633,0.5094398343278972
63.44382041620194,10.373991075911235,26.739744476998226,1.499999999447506,0.5160016158077967
63.44382041620194,10.374634057396129,26.726072769146906,1.4999999992066275,0.5196189988232627
63.44382041620194,10.375277038881023,26.730030731687016,1.4999999988506447,0.5185802727633093
63.44382041620194,10.375920020365918,26.745452977075185,1.4999999982677,0.5145095003784276
63.44382041620194,10.376563001850812,26.77222422240293,1.499999997620399,0.5073785987736641
63.44382041620194,10.377205983335706,26.800704467060886,1.499999996533635,0.4997693619101311
63.44382041620194,10.3778489648206,26.838537661112817,1.4999999950521772,0.4897452423244597
63.44382041620194,10.378491946305495,26.875631649709263,1.4999999927761267,0.4799255981576534
63.44382041620194,10.379134927790389,26.90246798352421,1.4999999900259302,0.4726893885871487
63.44382041620194,10.379777909275283,26.92845033273997,1.4999999860030377,0.46575514134591184
63.44382041620194,10.380420890760178,26.961828784920943,1.4999999803810402,0.4569826822503406
63.44382041620194,10.381063872245072,27.026348261150062,1.4999999713778853,0.4402596219954023
63.44382041620194,10.381706853729966,27.10883947124665,1.4999999581729877,0.41893708752131786
63.44382041620194,10.38234983521486,27.199443336927917,1.4999999376177677,0.3954709998876754
63.44382041620194,10.382992816699755,27.291342492630395,1.4999999103843547,0.3717447990279241
63.44382041620194,10.383635798184649,27.36217256553398,1.499999874565507,0.3536539619835044
63.44382041620194,10.384278779669543,27.430146576097496,1.499999839581862,0.3368169756085173
63.44382041620194,10.38492176115444,27.49356427300742,1.4999998256630054,0.32162324808755566
63.44382041620194,10.385564742639334,27.565282606336257,1.4999997242135212,0.305088390250261
63.44382041620194,10.386207724124228,27.657631538896194,1.4999995579375822,0.28436241891939246
63.44382041620194,10.386850705609122,27.750967676192293,1.4999992067633812,0.26374182058345164
63.44382041620194,10.387493687094016,27.84739236787448,1.49999877121939,0.24284025182290137
63.44382041620194,10.38813666857891,27.928335388118473,1.4999984914138431,0.22577200428482136
63.44382041620194,10.388779650063805,27.98963622390832,1.4999982548252913,0.21339043583764317
63.44382041620194,10.3894226315487,28.043920422207783,1.4999984473963812,0.20295542052185012
63.44382041620194,10.390065613033594,28.087252779826773,1.4999981972314678,0.195305807542267
63.44382041620194,10.390708594518488,28.131564927053457,1.4999961559471295,0.1875333003704442
63.44382041620194,10.391351576003382,28.17643915411566,1.499992658187722,0.17964038289983666
63.44382041620194,10.391994557488276,28.218232412643932,1.4999856239883174,0.17234760352785683
63.44382041620194,10.39263753897317,28.257072332116266,1.4999816105411228,0.16566653994764635
63.44382041620194,10.393280520458065,28.288524336202947,1.4999824050480475,0.16043323379060978
63.44382041620194,10.39392350194296,28.313383343038616,1.4999872235077265,0.15638215485653473
63.44382041620194,10.394566483427853,28.330159410787992,1.500001440697046,0.15375695875855958
63.44382041620194,10.395209464912748,28.341449183837778,1.4999844760757783,0.15205570268526344
63.44382041620194,10.395852446397642,28.347803434149906,1.4999444121520054,0.15110701111726085
63.44382041620194,10.396495427882536,28.357944771522103,1.4998632084182815,0.14953939440707678
63.44382041620194,10.39713840936743,28.371904098865226,1.4997788562841474,0.14736908395351367
63.44382041620194,10.397781390852325,28.39220360470781,1.499853748833903,0.14429028394818752
63.44382041620194,10.39842437233722,28.415625134595356,1.4999227740187753,0.14071998952745457
63.44382041620194,10.399067353822113,28.44288470426259,1.500995789827564,0.13686287986374854
63.44406936473972,10.352450809432083,27.90958980127704,1.500000000002836,0.23031091514927013
63.44406936473972,10.353093796506668,27.894511823418316,1.5000000000015756,0.23304391904863977
63.44406936473972,10.353736783581255,27.88160268803151,1.5000000000005032,0.23553199530618343
63.44406936473972,10.35437977065584,27.868268365530394,1.500000000000084,0.23825074106973926
63.44406936473972,10.355022757730424,27.85807820014343,1.4999999999997924,0.24038572729331817
63.44406936473972,10.355665744805009,27.84307419732118,1.499999999999734,0.24358206790397785
63.44406936473972,10.356308731879594,27.81803087234236,1.4999999999999876,0.2489700531594617
63.44406936473972,10.35695171895418,27.792278191624426,1.5000000000000808,0.2543997945225606
63.44406936473972,10.357594706028765,27.76467006616145,1.5000000000001104,0.2602043758914098
63.44406936473972,10.35823769310335,27.742672690897223,1.500000000000035,0.2648259318776583
63.44406936473972,10.358880680177935,27.715826712177417,1.4999999999999158,0.27063742252272355
63.44406936473972,10.359523667252521,27.673644000280145,1.4999999999998552,0.2800831345076433
63.44406936473972,10.360166654327106,27.62863689795999,1.4999999999997768,0.29030294843240856
63.44406936473972,10.36080964140169,27.584138248459166,1.499999999999675,0.3004711535402457
63.44406936473972,10.361452628476275,27.546826161070403,1.49999999999957,0.3091179256973407
63.44406936473972,10.362095615550862,27.515258947563773,1.4999999999994316,0.31661658253761915
63.44406936473972,10.362738602625447,27.480151373113763,1.4999999999992144,0.3251003353052041
63.44406936473972,10.363381589700031,27.4381345858325,1.4999999999990579,0.3353586260615793
63.44406936473972,10.364024576774616,27.39445640348026,1.4999999999985332,0.3460617360485312
63.44406936473972,10.364667563849201,27.34634625106314,1.4999999999976157,0.3578986620079364
63.44406936473972,10.365310550923788,27.296224945552638,1.4999999999958273,0.3704029313689867
63.44406936473972,10.365953537998372,27.242783666320133,1.4999999999934155,0.38394863398474666
63.44406936473972,10.366596525072957,27.191912331790466,1.4999999999910567,0.3969571264329432
63.44406936473972,10.367239512147542,27.146415697615588,1.4999999999873972,0.4086818864451401
63.44406936473972,10.367882499222128,27.114114328826386,1.499999999980848,0.4170078144954213
63.44406936473972,10.368525486296713,27.086457617903562,1.4999999999711313,0.42420038845104774
63.44406936473972,10.369168473371298,27.059202676471067,1.499999999960877,0.4313704633092036
63.44406936473972,10.369811460445883,27.028378848147643,1.4999999999436413,0.4395200803418848
63.44406936473972,10.370454447520467,26.983400729774072,1.4999999999160853,0.45141139208913134
63.44406936473972,10.371097434595054,26.93955867821064,1.499999999878764,0.46298718037023767
63.44406936473972,10.371740421669639,26.90194999376948,1.4999999998355684,0.4729087471542912
63.44406936473972,10.372383408744223,26.87195196721753,1.4999999997558762,0.4808445666396431
63.44406936473972,10.373026395818808,26.84776678588249,1.4999999996334281,0.487279109133647
63.44406936473972,10.373669382893395,26.82188321095839,1.4999999995027933,0.49418086784068294
63.44406936473972,10.37431236996798,26.798178899659597,1.4999999993313209,0.5004770456271209
63.44406936473972,10.374955357042564,26.789920417828775,1.4999999989704325,0.5026444480267955
63.44406936473972,10.375598344117149,26.800074266588982,1.4999999984187697,0.49995808342578174
63.44406936473972,10.376241331191736,26.824303896184862,1.4999999978464522,0.49351042321922456
63.44406936473972,10.37688431826632,26.8574242892156,1.4999999969744569,0.4846980141215212
63.44406936473972,10.377527305340905,26.891177974859264,1.499999995473261,0.4757206941938646
63.44406936473972,10.37817029241549,26.929715351207495,1.4999999933413732,0.465541728512981
63.44406936473972,10.378813279490075,26.95808576770957,1.4999999909844879,0.45793281362140076
63.44406936473972,10.379456266564661,26.987645907777257,1.499999987042995,0.4500695666345785
63.44406936473972,10.380099253639246,27.021299472285087,1.4999999813559333,0.44126452620759365
63.44406936473972,10.38074224071383,27.08083049740101,1.4999999732271412,0.42592279094107643
63.44406936473972,10.381385227788416,27.164243326596484,1.4999999628048393,0.40452918151498557
63.44406936473972,10.382028214863002,27.247944585811183,1.4999999447445547,0.383092090573654
63.44406936473972,10.382671201937587,27.3329916836097,1.4999999177837149,0.3612923414327365
63.44406936473972,10.383314189012172,27.399199016002406,1.4999998811621413,0.3445097250582312
63.44406936473972,10.383957176086756,27.45623759395156,1.4999998343321197,0.33045027028843227
63.44406936473972,10.384600163161343,27.519625312071945,1.4999997866011825,0.31543414717068535
63.44406936473972,10.385243150235928,27.58637138327137,1.4999997246193648,0.30018292853520717
63.44406936473972,10.385886137310512,27.67416653256126,1.4999996208419706,0.28062408450628185
63.44406936473972,10.386529124385097,27.766955991785196,1.4999994189014012,0.2602688754407563
63.44406936473972,10.387172111459682,27.85405204440273,1.4999989969494985,0.24146465721685975
63.44406936473972,10.387815098534269,27.93094941348728,1.4999985528480864,0.22526424599854217
63.44406936473972,10.388458085608853,27.985939838152394,1.499998096420224,0.21421108657901958
63.44406936473972,10.389101072683438,28.03297696004291,1.4999976194000384,0.20515946779050354
63.44406936473972,10.389744059758023,28.075864385726838,1.499997465870135,0.19739218294690436
63.44406936473972,10.39038704683261,28.118079755117247,1.499996326015977,0.18995690240185334
63.44406936473972,10.391030033907194,28.163374791390538,1.4999945103353274,0.1819322593432282
63.44406936473972,10.391673020981779,28.204848402406036,1.4999905020477393,0.17463901786541225
63.44406936473972,10.392316008056364,28.241893975512323,1.499984001212375,0.1682028901621309
63.44406936473972,10.39295899513095,28.271887082489776,1.4999804498677196,0.16315214417314577
63.44406936473972,10.393601982205535,28.2948368920187,1.4999766224816498,0.15940863021626794
63.44406936473972,10.39424496928012,28.311593321455824,1.4999771615340791,0.15671755456235212
63.44406936473972,10.394887956354705,28.32117104817611,1.4999757481277207,0.15525257881052495
63.44406936473972,10.39553094342929,28.324916267261237,1.4999559744810185,0.15468906685625916
63.44406936473972,10.396173930503876,28.328345176644977,1.4999234526084066,0.1541643373859298
63.44406936473972,10.39681691757846,28.337850968039483,1.4998523655552602,0.15266396217756298
63.44406936473972,10.397459904653045,28.353937661773948,1.499838889544062,0.1501617302123412
63.44406936473972,10.39810289172763,28.37494082323838,1.4997851434166183,0.1468658848100866
63.44406936473972,10.398745878802217,28.395603539105977,1.4997975114208417,0.14368069070741418
63.44406936473972,10.399388865876801,28.419388783886003,1.5007295845597584,0.14029030371978654
63.444318313277506,10.352128926357134,27.964034629483603,1.5000000000011777,0.2194331989620485
63.444318313277506,10.352771919021519,27.94462787141515,1.5000000000002554,0.2229201828244051
63.444318313277506,10.353414911685904,27.92994514743885,1.5000000000001565,0.22567007846915504
63.444318313277506,10.35405790435029,27.919445290267202,1.5000000000002556,0.22771329096561022
63.444318313277506,10.354700897014675,27.910792740732294,1.500000000000159,0.22943996144462686
63.444318313277506,10.35534388967906,27.89983109235754,1.499999999999996,0.23169829357041588
63.444318313277506,10.355986882343446,27.882574927958654,1.499999999999978,0.23530952728273843
63.444318313277506,10.356629875007831,27.859281344629903,1.500000000000007,0.24014757071311305
63.444318313277506,10.357272867672217,27.83056860917244,1.5000000000000084,0.2461163601941991
63.444318313277506,10.357915860336602,27.797815478318896,1.4999999999999791,0.2529885709220118
63.444318313277506,10.358558853000988,27.76272053557241,1.4999999999999136,0.26047723713877136
63.444318313277506,10.359201845665373,27.718610020557296,1.4999999999998723,0.270164081674951
63.444318313277506,10.359844838329758,27.670849111129723,1.4999999999998281,0.28082062139229264
63.444318313277506,10.360487830994144,27.625067692898,1.4999999999997442,0.29114945726210195
63.444318313277506,10.361130823658529,27.585834755333607,1.4999999999996152,0.30008951297669784
63.444318313277506,10.361773816322914,27.55471461217894,1.4999999999994476,0.30730436588158405
63.444318313277506,10.3624168089873,27.526338583404087,1.4999999999992064,0.314027185724351
63.444318313277506,10.363059801651685,27.494647792114833,1.499999999998871,0.3216574807417775
63.444318313277506,10.36370279431607,27.45652926554751,1.4999999999984417,0.33088214200659316
63.444318313277506,10.364345786980456,27.412888605833853,1.4999999999977705,0.34148743856384034
63.444318313277506,10.364988779644841,27.36480009768046,1.49999999999657,0.3532849030255181
63.444318313277506,10.365631772309227,27.313707945105847,1.4999999999945537,0.3659994757766866
63.444318313277506,10.366274764973612,27.262235580305695,1.499999999992411,0.37899410233062736
63.444318313277506,10.366917757637998,27.213530550616575,1.49999999998931,0.39141651077363016
63.444318313277506,10.367560750302383,27.171200885444556,1.499999999983959,0.40228177258976466
63.444318313277506,10.368203742966768,27.13871107449445,1.4999999999756854,0.4106426323038466
63.444318313277506,10.368846735631154,27.111675959900317,1.4999999999663425,0.4176527972705889
63.444318313277506,10.36948972829554,27.085572630200122,1.4999999999517855,0.4244785369656225
63.444318313277506,10.370132720959925,27.055485585314702,1.499999999927389,0.43238606143353764
63.444318313277506,10.37077571362431,27.018682344884812,1.4999999998944256,0.4420618352461095
63.444318313277506,10.371418706288695,26.984679990225466,1.4999999998549294,0.4510040368646534
63.444318313277506,10.37206169895308,26.954539119801247,1.4999999997889535,0.4589531859890127
63.444318313277506,10.372704691617466,26.929735630729756,1.4999999996771163,0.4655336992616523
63.444318313277506,10.373347684281851,26.905728849322543,1.4999999995550877,0.4719281479094774
63.444318313277506,10.373990676946237,26.88127539899722,1.4999999993999187,0.47842483011055503
63.444318313277506,10.374633669610622,26.86401473442497,1.499999999103445,0.4829939194952174
63.444318313277506,10.375276662275008,26.862153310896453,1.4999999985744985,0.4834574317450985
63.444318313277506,10.375919654939393,26.879066539421054,1.499999998018347,0.478942240957503
63.444318313277506,10.376562647603778,26.9095598032868,1.4999999972495577,0.47085228359259995
63.444318313277506,10.377205640268164,26.94683735979909,1.4999999959394357,0.4609893832626415
63.444318313277506,10.37784863293255,26.98350777230032,1.4999999939271265,0.45129595324868343
63.444318313277506,10.378491625596935,27.013831867962285,1.499999991612155,0.44322967942406477
63.444318313277506,10.37913461826132,27.044286944497856,1.4999999881148482,0.4351803547675587
63.444318313277506,10.379777610925705,27.081992258652214,1.4999999824655332,0.4253703517623606
63.444318313277506,10.38042060359009,27.136449739615344,1.4999999747648092,0.4113917686996249
63.444318313277506,10.381063596254476,27.212143630058634,1.4999999650648057,0.3920903672490296
63.444318313277506,10.381706588918862,27.295148432841604,1.49999994990964,0.37100850066996777
63.444318313277506,10.382349581583247,27.37287905320017,1.4999999258253165,0.3513315500286483
63.444318313277506,10.382992574247632,27.435925035252083,1.499999889742269,0.3354964647150846
63.444318313277506,10.383635566912018,27.488608178585302,1.4999998396472933,0.3226220115948928
63.444318313277506,10.384278559576403,27.5422055049069,1.4999997783165733,0.31004881274096363
63.444318313277506,10.384921552240789,27.606588385481412,1.4999997095948803,0.2954639199423182
63.444318313277506,10.385564544905174,27.688004994891322,1.499999637952452,0.27745065179857775
63.444318313277506,10.38620753756956,27.77699451051068,1.4999994988847432,0.2580478013238682
63.444318313277506,10.386850530233945,27.86238733879825,1.4999992086828686,0.2397039132767451
63.444318313277506,10.38749352289833,27.93420193668459,1.499998717502056,0.22462576904506457
63.444318313277506,10.388136515562715,27.987212081844447,1.4999981126304618,0.21394465231997037
63.444318313277506,10.3887795082271,28.028561342696026,1.499997424045293,0.20604942312521027
63.444318313277506,10.389422500891486,28.06593972059559,1.4999967021936713,0.19924446772105803
63.444318313277506,10.390065493555872,28.105279028309962,1.4999959813060553,0.19224818961128626
63.444318313277506,10.390708486220257,28.147449934616134,1.4999948448706832,0.1847414322391207
63.444318313277506,10.391351478884642,28.188658894163677,1.4999923684615666,0.17743434126638
63.444318313277506,10.391994471549028,28.224997946405566,1.4999875280109332,0.17106669886535705
63.444318313277506,10.392637464213413,28.25415683782222,1.499980987288722,0.16608853688096742
63.444318313277506,10.393280456877799,28.2762574697964,1.4999734252209647,0.16243457535370037
63.444318313277506,10.393923449542184,28.291786939519532,1.4999662304747026,0.15994035268136356
63.444318313277506,10.39456644220657,28.30110044684104,1.4999609122301152,0.15847163476332204
63.444318313277506,10.395209434870955,28.30402944556952,1.4999519019823937,0.15801075180631746
63.444318313277506,10.39585242753534,28.305002240975305,1.4999335467854282,0.157849068944657
63.444318313277506,10.396495420199726,28.30877728475806,1.499898914779602,0.1572380417257417
63.444318313277506,10.397138412864111,28.319800295091067,1.4998455286677261,0.15548072186167639
63.444318313277506,10.397781405528495,28.336845831888052,1.4997784334888808,0.15278405561170597
63.444318313277506,10.39842439819288,28.355856155931917,1.4997110193067222,0.1497908696390788
63.444318313277506,10.399067390857265,28.37298418767514,1.4996600482721012,0.1471071754880849
63.44456726181529,10.351164039430415,28.0451994814048,1.5000000000011826,0.20413385835987974
63.44456726181529,10.351807037684711,28.019962380440248,1.4999999999996094,0.20852191413179666
63.44456726181529,10.352450035939006,27.996197365932687,1.4999999999992106,0.21278600688109378
63.44456726181529,10.3530930341933,27.97448112886268,1.4999999999995652,0.21673159399599484
63.44456726181529,10.353736032447596,27.96304005437505,1.4999999999998523,0.21895716693343414
63.44456726181529,10.35437903070189,27.954712635564597,1.5000000000000124,0.2205362359516972
63.44456726181529,10.355022028956185,27.94666119076893,1.5000000000000073,0.22211415616741828
63.44456726181529,10.35566502721048,27.93452393710144,1.5000000000000204,0.22457628016113856
63.44456726181529,10.356308025464775,27.914743679420837,1.500000000000034,0.22866248092080427
63.44456726181529,10.35695102371907,27.886845208688133,1.5000000000000133,0.23439201978775098
63.44456726181529,10.357594021973364,27.854144488954795,1.4999999999999645,0.24115101357409663
63.44456726181529,10.35823702022766,27.818149497754447,1.4999999999998987,0.24866115550645354
63.44456726181529,10.358880018481955,27.775572814102265,1.4999999999998572,0.2577489510744273
63.44456726181529,10.359523016736249,27.725352192700118,1.4999999999998326,0.26876187388216644
63.44456726181529,10.360166014990545,27.6743804050347,1.4999999999997855,0.2800783363795002
63.44456726181529,10.36080901324484,27.62924508474816,1.499999999999676,0.29021468885580054
63.44456726181529,10.361452011499134,27.595691707712753,1.499999999999483,0.2978124502088173
63.44456726181529,10.362095009753428,27.569007977878115,1.4999999999992228,0.3039673667618623
63.44456726181529,10.362738008007724,27.54193926779137,1.4999999999988716,0.3103516071986218
63.44456726181529,10.363381006262019,27.511149274612006,1.499999999998436,0.31773283274726744
63.44456726181529,10.364024004516313,27.473167987594643,1.4999999999978952,0.32684147502395827
63.44456726181529,10.36466700277061,27.42987250309206,1.4999999999969915,0.3373051727965856
63.44456726181529,10.365310001024904,27.382389531123927,1.4999999999953755,0.3489272941454778
63.44456726181529,10.365952999279198,27.33255717499156,1.4999999999930886,0.36129158114842985
63.44456726181529,10.366595997533494,27.282420097230112,1.4999999999904137,0.37393472396557365
63.44456726181529,10.367238995787789,27.236684342009966,1.4999999999861522,0.3855577061279791
63.44456726181529,10.367881994042083,27.19904335652243,1.4999999999790625,0.39514652445254417
63.44456726181529,10.368524992296377,27.168590147177692,1.4999999999691753,0.40292353530397085
63.44456726181529,10.369167990550674,27.14300829429082,1.499999999956666,0.4095091238150109
63.44456726181529,10.369810988804968,27.115854662031936,1.4999999999365488,0.41655603652771794
63.44456726181529,10.370453987059262,27.080790391112103,1.4999999999067897,0.4257086824162555
63.44456726181529,10.371096985313558,27.048834697126786,1.499999999865658,0.43407560006585094
63.44456726181529,10.371739983567853,27.0222991665753,1.4999999998089928,0.4410433445782526
63.44456726181529,10.372382981822147,27.00125872275895,1.4999999997142794,0.44660262850243254
63.44456726181529,10.373025980076443,26.99063527878855,1.499999999589133,0.4494922164135123
63.44456726181529,10.373668978330738,26.96925967348311,1.499999999426756,0.4551763019579661
63.44456726181529,10.374311976585032,26.94972871496534,1.4999999991765722,0.4603478864617084
63.44456726181529,10.374954974839326,26.939847310776326,1.4999999987133965,0.4629231495836882
63.44456726181529,10.375597973093623,26.945140445495923,1.4999999981037542,0.4614527376962362
63.44456726181529,10.376240971347917,26.970396707803623,1.4999999973691114,0.45478295002726926
63.44456726181529,10.376883969602211,27.005858052835215,1.4999999962582342,0.4454360236726475
63.44456726181529,10.377526967856507,27.044417754877617,1.4999999944545728,0.4353433705457746
63.44456726181529,10.378169966110802,27.083639261275824,1.4999999919546863,0.42509361013625846
63.44456726181529,10.378812964365096,27.115134949133505,1.4999999886701203,0.4168394268198691
63.44456726181529,10.379455962619392,27.150114027853338,1.4999999836903022,0.4077681363948703
63.44456726181529,10.380098960873687,27.19305002887667,1.4999999764434322,0.3967988616360388
63.44456726181529,10.380741959127981,27.255379126448737,1.4999999664676826,0.38102684556604877
63.44456726181529,10.381384957382275,27.33270718369558,1.4999999529517467,0.36153322460041015
63.44456726181529,10.382027955636572,27.409837677317764,1.4999999319257538,0.3421686272483694
63.44456726181529,10.382670953890866,27.471589995592826,1.4999999009903262,0.3268188539741627
63.44456726181529,10.38331395214516,27.52250572712354,1.4999998484220627,0.3144773622231434
63.44456726181529,10.383956950399456,27.569041670591155,1.499999781920124,0.30367735942826285
63.44456726181529,10.38459994865375,27.624893017627663,1.4999997043715068,0.29117298623825266
63.44456726181529,10.385242946908045,27.696269882400305,1.4999996146444199,0.2754417212460739
63.44456726181529,10.385885945162341,27.778969066448845,1.4999995117269607,0.25750651526498425
63.44456726181529,10.386528943416636,27.86375358164758,1.4999993011959942,0.23938494297917395
63.44456726181529,10.38717194167093,27.936242767573933,1.4999989013888064,0.22422455304246935
63.44456726181529,10.387814939925224,27.99065890149864,1.4999982495651756,0.21317770099731148
63.44456726181529,10.38845793817952,28.029446708514538,1.4999974042151585,0.20574445248761075
63.44456726181529,10.389100936433815,28.06066354423555,1.4999964967323098,0.20019146896110784
63.44456726181529,10.38974393468811,28.094805280427884,1.499995521732845,0.19412682909117182
63.44456726181529,10.390386932942405,28.131984738928093,1.499994539423776,0.18748093167786908
63.44456726181529,10.3910299311967,28.170568325748256,1.4999929004496728,0.18059066490250736
63.44456726181529,10.391672929450994,28.205920373312214,1.4999894015433652,0.17433234165664604
63.44456726181529,10.39231592770529,28.233643183153937,1.4999832356881257,0.16952262951609234
63.44456726181529,10.392958925959585,28.255181228283853,1.499973183801984,0.16589452991703763
63.44456726181529,10.393601924213879,28.270122565353457,1.4999623980240775,0.16347373300303902
63.44456726181529,10.394244922468173,28.279326942246207,1.4999525417620452,0.16202108210007268
63.44456726181529,10.39488792072247,28.28450450529886,1.4999434215657867,0.16117528008126508
63.44456726181529,10.395530918976764,28.284668561030987,1.499932137427431,0.16111904341933553
63.44456726181529,10.396173917231058,28.285151425485424,1.499908291905816,0.1610051832577001
63.44456726181529,10.396816915485354,28.29184267141029,1.4998642844373673,0.15991201746653247
63.44456726181529,10.397459913739649,28.305511950067817,1.4997908352769824,0.157698448423198
63.44456726181529,10.398102911993943,28.321805966178832,1.4997000798141875,0.15510561379881294
63.44456726181529,10.398745910248238,28.33792064617371,1.499616526940943,0.15255552045877083
63.44456726181529,10.399388908502534,28.346161221163225,1.4995479006217034,0.15129555113930984
63.44481621035307,10.350199135726022,28.14328343044384,1.4999999999840605,0.18545713689674143
63.44481621035307,10.350842139570336,28.10531968630199,1.4999999999996034,0.19275039601168234
63.44481621035307,10.35148514341465,28.07621944819353,1.4999999999988212,0.19787993274796153
63.44481621035307,10.352128147258963,28.045448369276592,1.4999999999991158,0.20336610462669047
63.44481621035307,10.352771151103276,28.0158109770814,1.499999999999479,0.20859742714255777
63.44481621035307,10.353414154947592,28.003148329607157,1.4999999999995988,0.2110249202471444
63.44481621035307,10.354057158791905,27.993489420604988,1.4999999999998133,0.21297619854953817
63.44481621035307,10.354700162636219,27.984905783262256,1.499999999999961,0.21458399228109543
63.44481621035307,10.355343166480532,27.975543045129847,1.5000000000000187,0.21638016007535488
63.44481621035307,10.355986170324845,27.961671610533323,1.5000000000000486,0.2191609381362657
63.44481621035307,10.356629174169159,27.93904603723284,1.5000000000000258,0.2237840456074383
63.44481621035307,10.357272178013474,27.908157672904604,1.4999999999999698,0.2300748773544711
63.44481621035307,10.357915181857788,27.87381783379364,1.499999999999904,0.23710456696592802
63.44481621035307,10.358558185702101,27.832530111403035,1.4999999999998654,0.24561705713104784
63.44481621035307,10.359201189546415,27.785510634354623,1.4999999999998352,0.2556198696249674
63.44481621035307,10.359844193390728,27.731970436846545,1.499999999999809,0.26731054844956015
63.44481621035307,10.360487197235042,27.682785147235823,1.499999999999727,0.2781813157066303
63.44481621035307,10.361130201079355,27.639957812881708,1.499999999999589,0.28777795024552627
63.44481621035307,10.36177320492367,27.6093968825032,1.499999999999336,0.29465243575063516
63.44481621035307,10.362416208767984,27.5836012172462,1.4999999999989833,0.3005703237400889
63.44481621035307,10.363059212612297,27.556692451419806,1.4999999999985905,0.30689230158105085
63.44481621035307,10.36370221645661,27.52775705099168,1.4999999999980338,0.31380525551985744
63.44481621035307,10.364345220300924,27.489927932428273,1.4999999999972737,0.3228272836623456
63.44481621035307,10.364988224145238,27.446479508950908,1.4999999999959357,0.33329222795936164
63.44481621035307,10.365631227989553,27.39875172334561,1.4999999999941933,0.34490180975578316
63.44481621035307,10.366274231833867,27.352550014545024,1.4999999999912539,0.3563253964817981
63.44481621035307,10.36691723567818,27.306110206159065,1.499999999987627,0.36800420277834767
63.44481621035307,10.367560239522494,27.266183731686116,1.499999999981575,0.37807630344588794
63.44481621035307,10.368203243366807,27.23127772238872,1.4999999999736964,0.38689683441972766
63.44481621035307,10.36884624721112,27.200480386093304,1.499999999960567,0.3947043741808919
63.44481621035307,10.369489251055436,27.173521179868505,1.499999999943341,0.4015949264530233
63.44481621035307,10.37013225489975,27.138898481221545,1.4999999999185945,0.41053774479687744
63.44481621035307,10.370775258744063,27.101079013784776,1.4999999998854545,0.4203683354776858
63.44481621035307,10.371418262588376,27.074314083824074,1.4999999998288076,0.42735084384270366
63.44481621035307,10.37206126643269,27.0576792582024,1.499999999744985,0.4317270090354592
63.44481621035307,10.372704270277003,27.057846442357608,1.4999999996588285,0.4317905551531728
63.44481621035307,10.373347274121317,27.05877307218878,1.499999999509589,0.4316512815006548
63.44481621035307,10.373990277965632,27.043344933109495,1.4999999992677275,0.43574479913766795
63.44481621035307,10.374633281809945,27.029580020736475,1.4999999988424972,0.4393382527302462
63.44481621035307,10.375276285654259,27.02123750487523,1.4999999983894567,0.44138759416795986
63.44481621035307,10.375919289498572,27.034779307062433,1.4999999976130398,0.43779440046889817
63.44481621035307,10.376562293342886,27.06702452379013,1.4999999965961544,0.4293634788569751
63.44481621035307,10.3772052971872,27.103879604393207,1.4999999949558356,0.4198233204764146
63.44481621035307,10.377848301031515,27.151482059393476,1.4999999930515302,0.40756432123503006
63.44481621035307,10.378491304875828,27.193708797503277,1.4999999896666452,0.3966766959042316
63.44481621035307,10.379134308720142,27.22738695486956,1.4999999850724997,0.38801023863583106
63.44481621035307,10.379777312564455,27.26457441726667,1.499999978575022,0.37858470309261316
63.44481621035307,10.380420316408768,27.30964072642477,1.4999999701245996,0.367292436772048
63.44481621035307,10.381063320253082,27.37330424926475,1.4999999565099824,0.351405651191673
63.44481621035307,10.381706324097395,27.444822090894377,1.4999999372607367,0.3336275272507678
63.44481621035307,10.38234932794171,27.500946686866033,1.4999999121565772,0.3198350887901512
63.44481621035307,10.382992331786024,27.550057120541215,1.4999998716567855,0.3080199721758751
63.44481621035307,10.383635335630338,27.593119471957905,1.4999998037509297,0.29808714255426805
63.44481621035307,10.384278339474651,27.643354682301034,1.4999997195598302,0.2869139292559155
63.44481621035307,10.384921343318965,27.71184526300829,1.4999996250282337,0.2718761617908866
63.44481621035307,10.385564347163278,27.78367900914233,1.499999488924202,0.2563615612545703
63.44481621035307,10.386207351007593,27.863833503280063,1.4999993253775166,0.23931173109597134
63.44481621035307,10.386850354851907,27.93454454498625,1.499999002101718,0.22459025528583118
63.44481621035307,10.38749335869622,27.98832731193112,1.499998543205703,0.2137900855680248
63.44481621035307,10.388136362540534,28.029318125679804,1.499997719199253,0.20580813524457856
63.44481621035307,10.388779366384847,28.057805238520586,1.499996667863878,0.20072696574212942
63.44481621035307,10.38942237022916,28.088770836459762,1.4999955218035084,0.19520261920584508
63.44481621035307,10.390065374073476,28.12064423861673,1.4999940896845012,0.18947272757088277
63.44481621035307,10.39070837791779,28.15383483219616,1.499992480657728,0.18351368566391313
63.44481621035307,10.391351381762103,28.18633918088201,1.4999898710475537,0.1777150296283726
63.44481621035307,10.391994385606417,28.211527624101635,1.4999852240316978,0.17331623549345543
63.44481621035307,10.39263738945073,28.23116433235853,1.4999774536457902,0.16993299142688706
63.44481621035307,10.393280393295043,28.24540122578323,1.4999649959045338,0.1675767384478109
63.44481621035307,10.393923397139357,28.25466550965478,1.4999518659181061,0.1660949444461624
63.44481621035307,10.394566400983672,28.2603318640075,1.4999386935962362,0.16515650033450952
63.44481621035307,10.395209404827986,28.263848148991656,1.4999227986182242,0.16454434783450794
63.44481621035307,10.3958524086723,28.26309402353392,1.499904524708622,0.1646106052115911
63.44481621035307,10.396495412516613,28.266887397694685,1.4998686418053486,0.16397183666492932
63.44481621035307,10.397138416360926,28.279062396021512,1.49981181767923,0.16195564296281337
63.44481621035307,10.39778142020524,28.29346938893224,1.4997199544403172,0.15959066116335807
63.44481621035307,10.398424424049555,28.307651565717173,1.4996112992746151,0.15731601186098096
63.44481621035307,10.399067427893868,28.312831068218582,1.4995146157747083,0.15653301668438516
63.44481621035307,10.399710431738182,28.3132653802378,1.4993875869120081,0.15651944929615147
63.44506515889085,10.349877224677902,28.202476085353183,1.4999999999845937,0.17469816710099778
63.44506515889085,10.350520234112345,28.165029569729164,1.4999999999990923,0.18181304133818044
63.44506515889085,10.351163243546786,28.129824443590856,1.4999999999992457,0.18805187987964886
63.44506515889085,10.351806252981229,28.091375204375225,1.4999999999995204,0.19474885798696698
63.44506515889085,10.35244926241567,28.060242377749073,1.4999999999996927,0.2002110938857592
63.44506515889085,10.353092271850112,28.043209582347636,1.4999999999997078,0.2033524960394159
63.44506515889085,10.353735281284553,28.032847371324525,1.4999999999997558,0.2054159812208574
63.44506515889085,10.354378290718996,28.021823498814502,1.499999999999903,0.2075725550220162
63.44506515889085,10.355021300153437,28.011536223747914,1.4999999999999993,0.20947681747566163
63.44506515889085,10.35566430958788,27.998802659777088,1.5000000000000306,0.21192832447141355
63.44506515889085,10.356307319022322,27.982710414646824,1.5000000000000242,0.2151004687568894
63.44506515889085,10.356950328456763,27.958266050608536,1.4999999999999822,0.22001036624394332
63.44506515889085,10.357593337891206,27.926884818609278,1.4999999999999238,0.22631943247988046
63.44506515889085,10.358236347325647,27.888375967207537,1.4999999999998912,0.2340990033971227
63.44506515889085,10.35887935676009,27.843614509965466,1.4999999999998586,0.24329159772418063
63.44506515889085,10.35952236619453,27.793435819487172,1.4999999999998241,0.25393300173333516
63.44506515889085,10.360165375628974,27.7425960886412,1.4999999999997606,0.2649462950563716
63.44506515889085,10.360808385063416,27.695494221395144,1.4999999999996616,0.27532778829842636
63.44506515889085,10.361451394497857,27.65453217691527,1.4999999999994709,0.2844650110795324
63.44506515889085,10.3620944039323,27.62461962765743,1.4999999999991476,0.29116203265197466
63.44506515889085,10.362737413366741,27.597183821107286,1.4999999999987867,0.2974369481211733
63.44506515889085,10.363380422801184,27.57227299391049,1.499999999998324,0.3032656093516961
63.44506515889085,10.364023432235625,27.542627704711297,1.499999999997522,0.31029537367401894
63.44506515889085,10.364666441670067,27.504218899604826,1.4999999999963554,0.3194215932624405
63.44506515889085,10.36530945110451,27.460651841411597,1.4999999999949005,0.3298724484009601
63.44506515889085,10.365952460538951,27.41607833870176,1.4999999999926084,0.3406562335879508
63.44506515889085,10.366595469973394,27.374292388244186,1.4999999999887466,0.3509473535897723
63.44506515889085,10.367238479407835,27.33485740576441,1.4999999999834825,0.3607881599487849
63.44506515889085,10.367881488842277,27.29979728111295,1.4999999999770217,0.36955442497183366
63.44506515889085,10.368524498276718,27.264791541769664,1.4999999999661167,0.3783544796498646
63.44506515889085,10.369167507711161,27.232218027745688,1.4999999999488791,0.3865720424640343
63.44506515889085,10.369810517145602,27.19639939178948,1.4999999999273372,0.3957113868445337
63.44506515889085,10.370453526580045,27.156212375440685,1.4999999999022948,0.4060634458783433
63.44506515889085,10.371096536014488,27.124781752897647,1.4999999998521132,0.41421029815445065
63.44506515889085,10.371739545448929,27.107839719500397,1.49999999977117,0.41862491466355006
63.44506515889085,10.372382554883371,27.109927349824833,1.4999999996970779,0.41814897570492454
63.44506515889085,10.373025564317812,27.12302422307392,1.499999999603994,0.41482985838265646
63.44506515889085,10.373668573752255,27.128333137464814,1.499999999360032,0.41350067588433226
63.44506515889085,10.374311583186696,27.11847746214694,1.4999999989594925,0.4160694919592092
63.44506515889085,10.374954592621139,27.10897991998919,1.4999999985670964,0.4184283234809728
63.44506515889085,10.375597602055581,27.10670260690757,1.4999999979918668,0.4189399217287015
63.44506515889085,10.376240611490022,27.127807160077264,1.4999999969272495,0.41348835246892246
63.44506515889085,10.376883620924465,27.163391877970444,1.4999999954376901,0.40437364306139717
63.44506515889085,10.377526630358906,27.211179460095583,1.499999993847109,0.39218477519769496
63.44506515889085,10.378169639793349,27.261500579254484,1.4999999910999666,0.3793795408064349
63.44506515889085,10.37881264922779,27.303177165259143,1.4999999865064237,0.36879300331190557
63.44506515889085,10.379455658662232,27.339700728376684,1.4999999805567412,0.35962567405005036
63.44506515889085,10.380098668096675,27.378927714090054,1.4999999736357115,0.34991955199970676
63.44506515889085,10.380741677531116,27.42287687884099,1.4999999612585608,0.33916059756287714
63.44506515889085,10.381384686965559,27.481630465128784,1.4999999422906127,0.3247713623539415
63.44506515889085,10.3820276964,27.53148500550824,1.499999919481822,0.3127135086958884
63.44506515889085,10.382670705834443,27.575029069121882,1.4999998883722179,0.30236695304431166
63.44506515889085,10.383313715268883,27.618750499540646,1.4999998316602696,0.2922742599142652
63.44506515889085,10.383956724703326,27.663889128500454,1.4999997463281947,0.2822791140291984
63.44506515889085,10.384599734137767,27.72618666059874,1.4999996499896335,0.2686613161980883
63.44506515889085,10.38524274357221,27.795509879692776,1.499999513684675,0.2537226045923061
63.44506515889085,10.385885753006653,27.864497573412066,1.4999993194005348,0.23912301650169202
63.44506515889085,10.386528762441094,27.931857338369966,1.499999049632133,0.2251602666321933
63.44506515889085,10.387171771875536,27.983569338727303,1.4999986827069431,0.21484503863327395
63.44506515889085,10.387814781309977,28.025509476152052,1.499998066350734,0.20673007710882682
63.44506515889085,10.38845779074442,28.056685675425115,1.4999970418279325,0.20095742263004263
63.44506515889085,10.389100800178861,28.085095041422235,1.4999958061772487,0.19585777565176324
63.44506515889085,10.389743809613304,28.113785912783996,1.499994271864601,0.19066519781275815
63.44506515889085,10.390386819047746,28.140773409218323,1.4999921741436992,0.1857951527125722
63.44506515889085,10.391029828482187,28.16791489100367,1.4999896727253985,0.18092138941223737
63.44506515889085,10.39167283791663,28.189792725548735,1.4999857681867628,0.17706730242635688
63.44506515889085,10.392315847351071,28.207044803618047,1.4999798097911548,0.17407783367353385
63.44506515889085,10.392958856785514,28.22010514312473,1.4999698833467507,0.1718453025920565
63.44506515889085,10.393601866219955,28.228670928680298,1.4999556227419002,0.1704444862132297
63.44506515889085,10.394244875654397,28.233760968845175,1.4999404527409386,0.16958989477855843
63.44506515889085,10.39488788508884,28.237313346394103,1.4999205247923062,0.1689766200262581
63.44506515889085,10.395530894523281,28.23986496375072,1.4998959793509297,0.16851232120584397
63.44506515889085,10.396173903957724,28.242309121247292,1.4998636319202112,0.16807597645657102
63.44506515889085,10.396816913392165,28.252692879100863,1.499812956828047,0.16633480622651353
63.44506515889085,10.397459922826608,28.26520876055172,1.4997376012524013,0.16423620523743002
63.44506515889085,10.398102932261049,28.277723998915782,1.4996267947068604,0.16215890994944626
63.44506515889085,10.398745941695491,28.28302390978687,1.4995083708388848,0.16130832521077643
63.44506515889085,10.399388951129932,28.280377088469137,1.4993645567635612,0.16177807410988704
63.44506515889085,10.400031960564375,28.280312592205043,1.4991580806495817,0.16179083836145472
63.44531410742863,10.348912293006919,28.397634303504073,1.5000000001691147,0.14887285509239792
63.44531410742863,10.349555308031597,28.25615879646232,1.499999999983007,0.16539142111072488
63.44531410742863,10.350198323056278,28.222677600995237,1.5000000000000464,0.17164763584744
63.44531410742863,10.350841338080956,28.18361635451293,1.5000000000000906,0.17845301556936422
63.44531410742863,10.351484353105636,28.14565305453759,1.5000000000000842,0.18501834818859314
63.44531410742863,10.352127368130315,28.114145295219917,1.5000000000000115,0.1905042430792307
63.44531410742863,10.352770383154995,28.09185389702409,1.4999999999999265,0.19449567278281535
63.44531410742863,10.353413398179674,28.075281863430213,1.4999999999999118,0.1975650581987854
63.44531410742863,10.354056413204354,28.061697685633714,1.4999999999999443,0.20013500628353023
63.44531410742863,10.354699428229033,28.048428520209118,1.4999999999999976,0.20261864491579012
63.44531410742863,10.355342443253713,28.03488687431092,1.5000000000000264,0.20513486253047597
63.44531410742863,10.355985458278392,28.01981628773044,1.5000000000000187,0.20798631641196086
63.44531410742863,10.356628473303072,28.00067440372049,1.4999999999999867,0.21168868837105984
63.44531410742863,10.35727148832775,27.974899276969687,1.4999999999999434,0.21675550303046734
63.44531410742863,10.357914503352431,27.941001375443552,1.4999999999999112,0.22346108222967073
63.44531410742863,10.35855751837711,27.900114611381724,1.4999999999998836,0.23166586159848043
63.44531410742863,10.35920053340179,27.85368710647547,1.4999999999998455,0.241191056282408
63.44531410742863,10.35984354842647,27.803752328869262,1.499999999999788,0.2517220841092652
63.44531410742863,10.360486563451149,27.754563782085977,1.4999999999997076,0.26233922181344543
63.44531410742863,10.361129578475829,27.709121612467637,1.4999999999995621,0.27230368693677875
63.44531410742863,10.361772593500508,27.670247432831342,1.4999999999993052,0.2809133174018034
63.44531410742863,10.362415608525188,27.63946006944819,1.4999999999989664,0.287791777083447
63.44531410742863,10.363058623549867,27.613024278237578,1.4999999999985436,0.29380808191573304
63.44531410742863,10.363701638574547,27.586103965431874,1.4999999999978615,0.3000583359508288
63.44531410742863,10.364344653599225,27.553900791418613,1.499999999996753,0.3076294548411952
63.44531410742863,10.364987668623906,27.515696961308482,1.4999999999953773,0.3166697346194021
63.44531410742863,10.365630683648584,27.475161618017413,1.4999999999934015,0.3263359621100218
63.44531410742863,10.366273698673265,27.435460671107336,1.4999999999901508,0.3359068950611198
63.44531410742863,10.366916713697943,27.39944301861712,1.4999999999851452,0.3447279082061509
63.44531410742863,10.367559728722624,27.365527553401588,1.4999999999790885,0.3531098747350589
63.44531410742863,10.368202743747302,27.331739046380566,1.4999999999698868,0.3615144950814528
63.44531410742863,10.368845758771982,27.296686160280387,1.4999999999547673,0.3702879138276601
63.44531410742863,10.369488773796661,27.258451778234022,1.4999999999338394,0.3799308410811901
63.44531410742863,10.370131788821341,27.217845850651795,1.499999999909702,0.3902849608207395
63.44531410742863,10.37077480384602,27.18255895551225,1.4999999998684885,0.3993431256149272
63.44531410742863,10.3714178188707,27.160693460149258,1.4999999997950035,0.4049847299888393
63.44531410742863,10.37206083389538,27.159324573887694,1.4999999997132445,0.4053547002349023
63.44531410742863,10.37270384892006,27.172754891524594,1.4999999996246056,0.4019043582056101
63.44531410742863,10.37334686394474,27.188358787342768,1.4999999994367403,0.3978792307420249
63.44531410742863,10.373989878969418,27.193575199685988,1.4999999990600754,0.3965081234373641
63.44531410742863,10.374632893994098,27.188199531767964,1.4999999986576458,0.39783923377450536
63.44531410742863,10.375275909018777,27.184359914700064,1.4999999981625525,0.39878925236259494
63.44531410742863,10.375918924043457,27.19232434147306,1.499999997299508,0.39676887073286116
63.44531410742863,10.376561939068136,27.221461837552773,1.499999995876949,0.3894137709030534
63.44531410742863,10.377204954092816,27.266696946188386,1.499999994302754,0.3779950332025028
63.44531410742863,10.377847969117495,27.318134662408415,1.4999999919666183,0.3650298537264965
63.44531410742863,10.378490984142175,27.367146899749006,1.4999999879861399,0.3527225393274601
63.44531410742863,10.379133999166854,27.407420234193832,1.4999999822114083,0.3427106171462383
63.44531410742863,10.379777014191534,27.44439098507341,1.4999999755004374,0.3336951105108403
63.44531410742863,10.380420029216213,27.48216066465306,1.4999999649850815,0.3246314812678968
63.44531410742863,10.381063044240893,27.52428301840294,1.4999999474795105,0.3146061566567768
63.44531410742863,10.381706059265571,27.56800065253122,1.4999999249615437,0.30424783938346844
63.44531410742863,10.382349074290252,27.607191864524722,1.4999998969550474,0.2950985353414619
63.44531410742863,10.38299208931493,27.64591287927988,1.499999851000341,0.286277045402061
63.44531410742863,10.38363510433961,27.688418143476163,1.4999997747645366,0.27685524184339455
63.44531410742863,10.38427811936429,27.741926861214576,1.4999996735614254,0.2652155307216073
63.44531410742863,10.38492113438897,27.804624981685475,1.4999995386250435,0.25175844940744413
63.44531410742863,10.38556414941365,27.87001401941952,1.49999934733267,0.23794473236550248
63.44531410742863,10.386207164438328,27.93132227396719,1.4999990834895622,0.22528948804519613
63.44531410742863,10.386850179463009,27.98188417277778,1.4999987544213078,0.21519115919482323
63.44531410742863,10.387493194487687,28.022412965042488,1.4999982450249396,0.20739175877034233
63.44531410742863,10.388136209512368,28.0549358907009,1.4999974146584403,0.2013520547281195
63.44531410742863,10.388779224537046,28.082149730282485,1.4999961673223823,0.19640042243217268
63.44531410742863,10.389422239561727,28.107550049577405,1.4999945281965896,0.19177394088652028
63.44531410742863,10.390065254586405,28.131077134748658,1.4999923681964282,0.18749394273843217
63.44531410742863,10.390708269611086,28.152374365625572,1.499989542057598,0.18364401939300337
63.44531410742863,10.391351284635764,28.170609321954174,1.4999859321753721,0.18039252503943648
63.44531410742863,10.391994299660444,28.184995598512327,1.499980733746349,0.17787419755532466
63.44531410742863,10.392637314685123,28.1957245316471,1.4999726044405546,0.17603174254652174
63.44531410742863,10.393280329709803,28.20299920402787,1.4999602144283404,0.17480545134508985
63.44531410742863,10.393923344734482,28.207295466814617,1.499943478306805,0.17407955887161414
63.44531410742863,10.394566359759162,28.209787636047814,1.4999218337727775,0.17364691599310014
63.44531410742863,10.39520937478384,28.21175959286112,1.4998939237101647,0.17329628933835248
63.44531410742863,10.395852389808521,28.214866301657647,1.4998581203359884,0.17275415912887368
63.44531410742863,10.3964954048332,28.222873064855882,1.4998085732422561,0.17139089184238793
63.44531410742863,10.39713841985788,28.233957632323406,1.499738229565662,0.1695110023451551
63.44531410742863,10.39778143488256,28.24497888084779,1.4996404440129947,0.16763998751009768
63.44531410742863,10.398424449907239,28.252115302842597,1.4995103761810773,0.1664221975549291
63.44531410742863,10.39906746493192,28.25303478093194,1.499344091884607,0.16625552725534895
63.44531410742863,10.399710479956598,28.251822964511437,1.4991265528127897,0.16643350327648818
63.44531410742863,10.400353494981278,28.25298976241492,1.498841853867748,0.16617627090146686
63.44531410742863,10.400996510005957,28.262677138453558,1.498672508047012,0.16457984786785118
63.44556305596641,10.347947344556891,,,
63.44556305596641,10.348590365171917,28.46455657077238,1.500000000813347,0.13978497138934248
63.44556305596641,10.349233385786944,28.30778666351066,1.4999999999806222,0.15692721298172654
63.44556305596641,10.34987640640197,28.28525941972018,1.5000000000012461,0.16098944725544698
63.44556305596641,10.350519427016996,28.252062936038065,1.500000000000689,0.16677553985304755
63.44556305596641,10.351162447632023,28.213646052539076,1.5000000000004496,0.17333116054660327
63.44556305596641,10.351805468247049,28.179799876988053,1.5000000000002185,0.17910638012768373
63.44556305596641,10.352448488862075,28.150819256747386,1.500000000000109,0.18406375239317257
63.44556305596641,10.353091509477101,28.12905039917933,1.500000000000015,0.18792262889856037
63.44556305596641,10.353734530092128,28.11062222600847,1.4999999999999902,0.19127115427807181
63.44556305596641,10.354377550707154,28.09192597287681,1.5000000000000107,0.19465922890308826
63.44556305596641,10.35502057132218,28.071831125850263,1.5000000000000364,0.19828964212896832
63.44556305596641,10.355663591937207,28.055931605637415,1.500000000000032,0.20117369832299287
63.44556305596641,10.356306612552233,28.03808893573561,1.499999999999997,0.20449099883575816
63.44556305596641,10.35694963316726,28.01611451599012,1.499999999999956,0.20870756708017202
63.44556305596641,10.357592653782286,27.990219370242514,1.499999999999921,0.2137771632666178
63.44556305596641,10.358235674397312,27.9542383540047,1.4999999999998954,0.2208208307935688
63.44556305596641,10.358878695012338,27.911637642066598,1.4999999999998652,0.22933281102214562
63.44556305596641,10.359521715627364,27.863112843276788,1.4999999999998135,0.23925464695434331
63.44556305596641,10.36016473624239,27.814157530461614,1.4999999999997338,0.2495474746196619
63.44556305596641,10.360807756857419,27.766033086484587,1.4999999999996216,0.2599069476881196
63.44556305596641,10.361450777472445,27.723061216088713,1.4999999999994182,0.26925692517690003
63.44556305596641,10.362093798087471,27.685566469928172,1.4999999999991136,0.27746725846021414
63.44556305596641,10.362736818702498,27.65428271284921,1.4999999999986873,0.28441364732566005
63.44556305596641,10.363379839317524,27.626795375032167,1.499999999998113,0.29063684251141475
63.44556305596641,10.36402285993255,27.59610768989566,1.4999999999971607,0.29772142013873326
63.44556305596641,10.364665880547577,27.55934795767382,1.499999999995828,0.30631987384110204
63.44556305596641,10.365308901162603,27.522511196801794,1.4999999999940137,0.31496922969812013
63.44556305596641,10.36595192177763,27.48592487025035,1.4999999999913,0.3236459011343697
63.44556305596641,10.366594942392656,27.455985371773128,1.4999999999869482,0.3308834062164485
63.44556305596641,10.367237963007682,27.428600947981614,1.4999999999808535,0.3376213589534351
63.44556305596641,10.367880983622708,27.3970349066319,1.4999999999727902,0.3453827537103078
63.44556305596641,10.368524004237734,27.364240907402802,1.4999999999601383,0.3534922177024622
63.44556305596641,10.36916702485276,27.326297265727845,1.4999999999432787,0.3628726052207963
63.44556305596641,10.369810045467787,27.289661321688435,1.499999999917599,0.37205655737237225
63.44556305596641,10.370453066082813,27.251979197847202,1.4999999998816373,0.38164653699790546
63.44556305596641,10.37109608669784,27.224129387776884,1.4999999998183096,0.38877093131082163
63.44556305596641,10.371739107312866,27.21412958148838,1.4999999997553675,0.3913449894599301
63.44556305596641,10.372382127927892,27.220878723193806,1.4999999996490734,0.38956029338249537
63.44556305596641,10.373025148542919,27.239162418025444,1.499999999491916,0.38480099600847284
63.44556305596641,10.373668169157945,27.249976250541273,1.499999999156366,0.3819523327842839
63.44556305596641,10.374311189772971,27.24565643464183,1.499999998732512,0.3829911125420293
63.44556305596641,10.374954210387997,27.242244269621388,1.4999999982512213,0.3838836614987898
63.44556305596641,10.375597231003024,27.246285269478186,1.4999999975557252,0.38290933206539574
63.44556305596641,10.37624025161805,27.27455037386856,1.4999999963773551,0.3758782763605239
63.44556305596641,10.376883272233076,27.3179791217322,1.499999994835138,0.3651224648951608
63.44556305596641,10.377526292848104,27.368441988183747,1.4999999927117567,0.35253336448415895
63.44556305596641,10.37816931346313,27.420421805388607,1.4999999893284033,0.33957932074441605
63.44556305596641,10.378812334078157,27.45975385504304,1.4999999842241196,0.3298176439219114
63.44556305596641,10.379455354693183,27.49350051483001,1.4999999771005925,0.3217052559162036
63.44556305596641,10.38009837530821,27.52788270086378,1.4999999677935092,0.31363521847879494
63.44556305596641,10.380741395923236,27.56631853087337,1.499999952621051,0.304693210972314
63.44556305596641,10.381384416538262,27.613914377591243,1.49999993119136,0.2937038776866877
63.44556305596641,10.382027437153289,27.65306084448539,1.499999902496294,0.2847587848175043
63.44556305596641,10.382670457768315,27.686909078424158,1.4999998640366292,0.2771814607653347
63.44556305596641,10.383313478383341,27.721805294055578,1.49999979876655,0.26954810803531287
63.44556305596641,10.383956498998367,27.76166347296138,1.4999997070831124,0.2609389300163749
63.44556305596641,10.384599519613394,27.815570053645434,1.499999572151283,0.24943363613302258
63.44556305596641,10.38524254022842,27.875836390652164,1.4999993909553064,0.23674656070323066
63.44556305596641,10.385885560843446,27.933557832384658,1.4999991365606176,0.224887605835768
63.44556305596641,10.386528581458473,27.985257925744445,1.4999987928325944,0.21453505237764312
63.44556305596641,10.387171602073499,28.024999983745147,1.4999983516902164,0.20686816876187408
63.44556305596641,10.387814622688525,28.05566307441532,1.4999976604671408,0.20122653367290436
63.44556305596641,10.388457643303552,28.080332244651814,1.4999966011283064,0.19674727092202093
63.44556305596641,10.389100663918578,28.102502958281956,1.4999949490186792,0.19269584048918226
63.44556305596641,10.389743684533604,28.12251319584044,1.4999927526793189,0.18902538307377809
63.44556305596641,10.39038670514863,28.140078074382465,1.4999899213998154,0.1858199426622275
63.44556305596641,10.391029725763657,28.153978244602516,1.4999862318486812,0.1833164046411426
63.44556305596641,10.391672746378683,28.165799469457532,1.4999812002780013,0.18121480295494238
63.44556305596641,10.39231576699371,28.17394902600485,1.4999742259220723,0.17980379451723746
63.44556305596641,10.392958787608736,28.179004470905912,1.4999634136718334,0.17895026047439228
63.44556305596641,10.393601808223764,28.182041644509383,1.499947320813549,0.17844112999714215
63.44556305596641,10.39424482883879,28.183268844933835,1.4999243379193385,0.17823495712086695
63.44556305596641,10.394887849453816,28.183421342004387,1.4998955352702872,0.17820065225829929
63.44556305596641,10.395530870068843,28.183826934227888,1.4998589948265189,0.17813122554003621
63.44556305596641,10.396173890683869,28.184768289022983,1.4998082582496046,0.17797482909157591
63.44556305596641,10.396816911298895,28.193389253843772,1.4997397887378647,0.17649564689217195
63.44556305596641,10.397459931913922,28.204220178473292,1.4996470545301683,0.17463812684620222
63.44556305596641,10.398102952528948,28.215220979643302,1.4995204265645175,0.17270545631015585
63.44556305596641,10.398745973143974,28.221235110300473,1.499337191534584,0.17161049735924333
63.44556305596641,10.399388993759,28.221923288023135,1.4991074604449277,0.17143823907822336
63.44556305596641,10.400032014374027,28.223395377906815,1.4988156717710166,0.17111748313978065
63.44556305596641,10.400675034989053,28.23368933141015,1.4984340875629925,0.16925819150064608
63.44556305596641,10.40131805560408,28.237669017650894,1.498063043935822,0.16839708385730565
63.44581200450419,10.346982379327327,,,
63.44581200450419,10.34762540553281,,,
63.44581200450419,10.348268431738292,28.541018371283542,1.5000000019510753,0.12919331129134398
63.44581200450419,10.348911457943776,28.365430370577368,1.4999999999759335,0.14814156256269945
63.44581200450419,10.349554484149259,28.343418639574224,1.500000000002422,0.15146211040166868
63.44581200450419,10.350197510354741,28.315745229512867,1.5000000000010774,0.1561520701869504
63.44581200450419,10.350840536560224,28.284888648713363,1.5000000000005436,0.1613807905397025
63.44581200450419,10.351483562765706,28.24913936216617,1.5000000000002673,0.16734772139751206
63.44581200450419,10.352126588971188,28.216345320639668,1.5000000000001925,0.17279605323863184
63.44581200450419,10.35276961517667,28.18784140356154,1.5000000000000961,0.17759051203322254
63.44581200450419,10.353412641382153,28.165321991459663,1.5000000000000175,0.181526096362926
63.44581200450419,10.354055667587636,28.1420897684697,1.5000000000000127,0.18563472477155188
63.44581200450419,10.35469869379312,28.115445027364117,1.500000000000026,0.19036890517898986
63.44581200450419,10.355341719998602,28.09149033274288,1.5000000000000282,0.1946474026948612
63.44581200450419,10.355984746204085,28.07230952419587,1.5000000000000004,0.19808185323893177
63.44581200450419,10.356627772409567,28.051152946382132,1.4999999999999665,0.20200084506545504
63.44581200450419,10.35727079861505,28.03110866492871,1.4999999999999407,0.20584326232926192
63.44581200450419,10.357913824820532,28.003429067684394,1.4999999999999103,0.21122602285995756
63.44581200450419,10.358556851026014,27.965384895099593,1.4999999999998828,0.21864452963160055
63.44581200450419,10.359199877231497,27.920227611953685,1.4999999999998375,0.2276579967764979
63.44581200450419,10.359842903436979,27.871398244023354,1.4999999999997715,0.2375568360226021
63.44581200450419,10.360485929642463,27.824817331089683,1.4999999999996583,0.24731412823079593
63.44581200450419,10.361128955847946,27.779674101127174,1.4999999999994946,0.25696672649936914
63.44581200450419,10.361771982053428,27.739248420312038,1.4999999999992544,0.26566399420731035
63.44581200450419,10.36241500825891,27.700466635409335,1.4999999999988938,0.27412394646452776
63.44581200450419,10.363058034464393,27.66767700171954,1.499999999998344,0.28137416304396645
63.44581200450419,10.363701060669875,27.636391889420768,1.499999999997524,0.28843901511773046
63.44581200450419,10.364344086875358,27.599253817736106,1.4999999999964995,0.2970097230915833
63.44581200450419,10.36498711308084,27.562612980202168,1.4999999999947806,0.3055335755701848
63.44581200450419,10.365630139286322,27.52866061749859,1.4999999999923643,0.3134551269847506
63.44581200450419,10.366273165491805,27.502239647999325,1.499999999988591,0.3197203112358952
63.44581200450419,10.366916191697289,27.484876526010527,1.4999999999839346,0.32396180060434404
63.44581200450419,10.367559217902771,27.46084966706839,1.4999999999759108,0.32984032028247
63.44581200450419,10.368202244108254,27.430920804798962,1.4999999999649662,0.3371464870910865
63.44581200450419,10.368845270313736,27.394936637180642,1.4999999999508018,0.34592653553739117
63.44581200450419,10.369488296519219,27.356738015815488,1.4999999999349416,0.3552594311899931
63.44581200450419,10.370131322724701,27.324951188807397,1.4999999998977451,0.3632031452287239
63.44581200450419,10.370774348930183,27.294964636442202,1.4999999998409912,0.37082318935377645
63.44581200450419,10.371417375135666,27.281471474476575,1.4999999997999363,0.3742769155487749
63.44581200450419,10.372060401341148,27.27779680768449,1.4999999997373552,0.37518572494566316
63.44581200450419,10.372703427546632,27.287038542508395,1.4999999995660458,0.3726965608959132
63.44581200450419,10.373346453752115,27.298122055418165,1.4999999992558473,0.369734927354711
63.44581200450419,10.373989479957597,27.29271689696349,1.499999998932429,0.37097646392514594
63.44581200450419,10.37463250616308,27.28923296567027,1.499999998439842,0.371865293433014
63.44581200450419,10.375275532368562,27.292341746950985,1.4999999977964886,0.3711931229547526
63.44581200450419,10.375918558574044,27.318360639799,1.4999999967783728,0.3648109289331108
63.44581200450419,10.376561584779527,27.367630623236572,1.4999999958353896,0.35274469325918717
63.44581200450419,10.37720461098501,27.415150085421338,1.4999999936754864,0.3411106040214091
63.44581200450419,10.377847637190492,27.46645379755198,1.4999999905703225,0.32844274844163096
63.44581200450419,10.378490663395976,27.50648484155245,1.4999999859556588,0.31857981464153357
63.44581200450419,10.379133689601458,27.535281507462134,1.4999999806337794,0.3116467599538003
63.44581200450419,10.37977671580694,27.567079755481412,1.4999999710521696,0.30432214205266683
63.44581200450419,10.380419742012423,27.603091213319903,1.4999999574945357,0.2961424734044132
63.44581200450419,10.381062768217905,27.65041865564124,1.4999999392797023,0.28541571132355936
63.44581200450419,10.381705794423388,27.697999247205672,1.4999999134368223,0.2747753384456307
63.44581200450419,10.38234882062887,27.73308987778026,1.4999998750885166,0.26703784165006644
63.44581200450419,10.382991846834353,27.763517468512905,1.4999998178712788,0.26045951859298777
63.44581200450419,10.383634873039835,27.794206294283338,1.4999997466477917,0.2538878855172145
63.44581200450419,10.384277899245319,27.832473677144254,1.4999996274292955,0.2458285312146546
63.44581200450419,10.384920925450801,27.884365311708187,1.4999994522795375,0.23498782640357616
63.44581200450419,10.385563951656284,27.936301555279282,1.499999209148225,0.22438984032468387
63.44581200450419,10.386206977861766,27.986748380857595,1.4999989103654177,0.21439802863297797
63.44581200450419,10.386850004067249,28.02831757525209,1.4999984380345837,0.20628922484520387
63.44581200450419,10.387493030272731,28.058080460625515,1.4999978278863069,0.20077585379963925
63.44581200450419,10.388136056478213,28.0810097590664,1.4999969132044093,0.1965949793277364
63.44581200450419,10.388779082683696,28.09989386075019,1.4999956013154434,0.19315750911160987
63.44581200450419,10.389422108889178,28.116377708423794,1.4999934581800165,0.19013205004792022
63.44581200450419,10.390065135094662,28.129962482512237,1.4999906469700195,0.18763370204015578
63.44581200450419,10.390708161300145,28.139490369113467,1.4999870833481468,0.1859092334138061
63.44581200450419,10.391351187505627,28.14719113848876,1.499982039225156,0.1845211458996547
63.44581200450419,10.39199421371111,28.15344716093884,1.4999751987576342,0.18341463844320927
63.44581200450419,10.392637239916592,28.156730204330344,1.4999655294897343,0.1828547547619281
63.44581200450419,10.393280266122074,28.158194099618512,1.4999517865987648,0.18260418633670927
63.44581200450419,10.393923292327557,28.1578772309569,1.4999304218979088,0.18267452643864057
63.44581200450419,10.39456631853304,28.156111110007174,1.4999011116443506,0.1829881843267346
63.44581200450419,10.395209344738522,28.154298107675377,1.4998641852147048,0.18331664880525617
63.44581200450419,10.395852370944006,28.1507871675289,1.4998158425468497,0.18395280279154808
63.44581200450419,10.396495397149488,28.150838453154062,1.4997449573640051,0.18394944613577813
63.44581200450419,10.39713842335497,28.159184971207985,1.499654031950408,0.18250462545347845
63.44581200450419,10.397781449560453,28.169854108837225,1.4995311333554162,0.18061328139954427
63.44581200450419,10.398424475765935,28.18092478979413,1.4993590803206505,0.178580277293492
63.44581200450419,10.399067501971418,28.186910031488807,1.4991140668263894,0.1774473651019012
63.44581200450419,10.3997105281769,28.190039615880686,1.4988125451635996,0.17682836580491956
63.44581200450419,10.400353554382383,28.202348327918862,1.4984321776074925,0.1746297175446308
63.44581200450419,10.400996580587865,28.218338983142438,1.4978925832902386,0.1717252371641799
63.44581200450419,10.40163960679335,28.223676722860386,1.497357923644631,0.17055414338155406
63.44581200450419,10.402282632998832,28.22358573000983,1.4965929284739639,0.1703349561610263
63.44581200450419,10.408069868848175,28.470192392818696,1.4733037133598494,0.1339672407137123
63.44581200450419,10.408712895053657,28.56227192962392,1.465973055131418,0.12898999142841716
63.44581200450419,10.40935592125914,28.63913502577842,1.463865267093145,0.12231389566045663
63.44581200450419,10.409998947464622,28.61852162079134,1.4643793549837516,0.12118525077575977
63.44606095304197,10.347303460909833,,,
63.44606095304197,10.347946492705882,28.614334679671643,1.5000000033412586,0.11825095227141864
63.44606095304197,10.34858952450193,28.434274134115327,1.4999999999562106,0.1382954974825752
63.44606095304197,10.349232556297979,28.39465230984981,1.500000000000687,0.1436525673852969
63.44606095304197,10.349875588094026,28.37050644998174,1.5000000000005185,0.1474216241109228
63.44606095304197,10.350518619890074,28.345350079645108,1.500000000000409,0.15147113197900594
63.44606095304197,10.351161651686123,28.314717671411323,1.5000000000001692,0.1564677299147624
63.44606095304197,10.351804683482172,28.282187189944725,1.5000000000001266,0.1617352392845583
63.44606095304197,10.352447715278219,28.25061007763458,1.5000000000000835,0.16688630484388572
63.44606095304197,10.353090747074267,28.22089388488112,1.5000000000000353,0.17183597577617296
63.44606095304197,10.353733778870316,28.19470648374168,1.5000000000000053,0.17633964297140658
63.44606095304197,10.354376810666363,28.165158480094988,1.5000000000000058,0.18149297083744553
63.44606095304197,10.355019842462411,28.135149733946946,1.5000000000000056,0.186789248016328
63.44606095304197,10.35566287425846,28.10827693474522,1.499999999999997,0.1915519273078241
63.44606095304197,10.356305906054509,28.085442460429157,1.4999999999999727,0.19563612511712733
63.44606095304197,10.356948937850555,28.065017151736345,1.4999999999999554,0.1993986644144441
63.44606095304197,10.357591969646604,28.04289377597459,1.4999999999999325,0.20360682851501835
63.44606095304197,10.358235001442653,28.012302263122866,1.4999999999998992,0.20951413612949138
63.44606095304197,10.358878033238701,27.97183681525011,1.4999999999998592,0.21742376175200637
63.44606095304197,10.359521065034748,27.926221990219474,1.499999999999803,0.22646839271393893
63.44606095304197,10.360164096830797,27.87972222599733,1.4999999999997056,0.23584567515205263
63.44606095304197,10.360807128626845,27.83603013609512,1.4999999999995524,0.24494357577458006
63.44606095304197,10.361450160422894,27.794963519959147,1.4999999999993543,0.25361929913954584
63.44606095304197,10.362093192218941,27.75458011866057,1.4999999999990754,0.26228369006435864
63.44606095304197,10.36273622401499,27.7149987937835,1.4999999999985945,0.2709033353731011
63.44606095304197,10.363379255811038,27.679266819773034,1.4999999999978566,0.278799334356262
63.44606095304197,10.364022287607087,27.640332850905363,1.4999999999969957,0.2876133707330779
63.44606095304197,10.364665319403134,27.60297165002378,1.499999999995661,0.2961961355799756
63.44606095304197,10.365308351199182,27.570217312186234,1.4999999999933813,0.3037683844809028
63.44606095304197,10.365951382995231,27.544627943702647,1.4999999999901223,0.3097087934301696
63.44606095304197,10.36659441479128,27.529211962075237,1.499999999986236,0.31335837931765553
63.44606095304197,10.367237446587326,27.514771020286368,1.499999999979853,0.3168449571512265
63.44606095304197,10.367880478383375,27.491950343537663,1.4999999999693918,0.3223593029960001
63.44606095304197,10.368523510179424,27.460293380204128,1.4999999999575937,0.3299893862500023
63.44606095304197,10.36916654197547,27.42441346972051,1.4999999999460254,0.33864424374310587
63.44606095304197,10.36980957377152,27.3916476749004,1.499999999917361,0.34661221456983227
63.44606095304197,10.370452605567568,27.366591139653092,1.49999999986192,0.35286865881782814
63.44606095304197,10.371095637363617,27.352571432989564,1.4999999998294766,0.35641694811218594
63.44606095304197,10.371738669159663,27.34643063044063,1.499999999799422,0.35796530061215087
63.44606095304197,10.372381700955712,27.343101423631577,1.4999999996539322,0.35873648573112504
63.44606095304197,10.37302473275176,27.346012170634236,1.4999999993490822,0.3578213361140537
63.44606095304197,10.37366776454781,27.33792465497304,1.499999999066291,0.3597042639465733
63.44606095304197,10.374310796343856,27.33178333711332,1.4999999987090602,0.3611964528332942
63.44606095304197,10.374953828139905,27.33656207405925,1.4999999980566079,0.36010827366818393
63.44606095304197,10.375596859935953,27.358553522500088,1.4999999971612707,0.3548190810739358
63.44606095304197,10.376239891732002,27.404798094444452,1.4999999964036494,0.34359822474515694
63.44606095304197,10.376882923528049,27.458412739833605,1.4999999948245137,0.33058107060061337
63.44606095304197,10.377525955324097,27.506568138927793,1.4999999916664015,0.31888797472746083
63.44606095304197,10.378168987120146,27.546581861110408,1.499999987502355,0.30914988053598863
63.44606095304197,10.378812018916195,27.574722753432606,1.499999983096944,0.30244618614422214
63.44606095304197,10.379455050712242,27.602669402497913,1.4999999752654107,0.29602201511748044
63.44606095304197,10.38009808250829,27.636805300064026,1.4999999621148574,0.2884227362906519
63.44606095304197,10.380741114304339,27.681741287021232,1.4999999460248907,0.2784417909061211
63.44606095304197,10.381384146100386,27.73074938165322,1.499999924770935,0.2676364642403299
63.44606095304197,10.382027177896434,27.77454780178824,1.4999998887850998,0.2580352282831395
63.44606095304197,10.382670209692483,27.80597512993806,1.4999998349317676,0.2512774311078464
63.44606095304197,10.383313241488532,27.833774197391566,1.4999997725820136,0.2453676971281193
63.44606095304197,10.383956273284578,27.861565902519516,1.4999996777606042,0.23959606599266975
63.44606095304197,10.384599305080627,27.897095313942962,1.4999995177785534,0.2323411685230814
63.44606095304197,10.385242336876676,27.94198619825681,1.4999992904274202,0.22328167654322834
63.44606095304197,10.385885368672724,27.98742950339923,1.499999016474667,0.2143743514384835
63.44606095304197,10.386528400468771,28.029312737476996,1.4999985994398912,0.2062601055646906
63.44606095304197,10.38717143226482,28.06093797538435,1.4999979718919643,0.20024822619083132
63.44606095304197,10.387814464060869,28.08277618348629,1.4999971683409583,0.19623166387603952
63.44606095304197,10.388457495856917,28.09929061670987,1.4999960804090022,0.1932142867384028
63.44606095304197,10.389100527652964,28.111658825160788,1.4999942432117936,0.19096610131592046
63.44606095304197,10.389743559449013,28.121241414879893,1.4999915336473923,0.18920861917048024
63.44606095304197,10.390386591245061,28.12699770508023,1.4999881055637896,0.1881649804036241
63.44606095304197,10.39102962304111,28.13081603156103,1.4999833744918047,0.18747354153776677
63.44606095304197,10.391672654837157,28.13387949352856,1.4999764979240064,0.18691775953200582
63.44606095304197,10.392315686633205,28.135803482083432,1.499967236582343,0.18657743588960635
63.44606095304197,10.392958718429254,28.135946800103397,1.4999546143227875,0.18654949894220813
63.44606095304197,10.3936017502253,28.134393219199133,1.4999360140814,0.18682880262468282
63.44606095304197,10.39424478202135,28.13098781448996,1.4999085419497742,0.18744765101977062
63.44606095304197,10.394887813817398,28.126476899515787,1.499872144007582,0.1882641757289646
63.44606095304197,10.395530845613447,28.12015735656967,1.49982485460309,0.18940803257914435
63.44606095304197,10.396173877409494,28.11564369540029,1.4997572001949664,0.19022116475832207
63.44606095304197,10.396816909205542,28.116279392720877,1.499663802445038,0.19010780558674711
63.44606095304197,10.39745994100159,28.1234544162202,1.4995430278151074,0.18881689211239625
63.44606095304197,10.39810297279764,28.133173130696058,1.499376633114709,0.1870119621169924
63.44606095304197,10.398746004593686,28.144487032078544,1.4991421907419593,0.18491529823161587
63.44606095304197,10.399389036389735,28.15220390280527,1.4988289075429564,0.1834713374263847
63.44606095304197,10.400032068185784,28.165025730757478,1.4984388327985951,0.181171026724601
63.44606095304197,10.400675099981832,28.182702834681848,1.4979096468640976,0.17799338830870676
63.44606095304197,10.40131813177788,28.199344476697746,1.497177877404635,0.17490914723786716
63.44606095304197,10.401961163573928,28.206998157911663,1.4963344818651803,0.17328319132214873
63.44606095304197,10.402604195369976,28.205759527731676,1.4952865917619265,0.17321456287118062
63.44606095304197,10.403247227166025,28.203446741309318,1.4937528352121041,0.1733747681616483
63.44606095304197,10.403890258962072,28.212490778923314,1.4915838481333217,0.17177916344204144
63.44606095304197,10.405819354350216,28.283391668235335,1.4829832344125908,0.15871355111288057
63.44606095304197,10.406462386146265,28.301021265016317,1.4797553589211538,0.15396990783825004
63.44606095304197,10.407105417942313,28.30619663051933,1.4759520040499883,0.15099090011081082
63.44606095304197,10.407748449738362,28.306263797225277,1.4713770778065534,0.14945433143269296
63.44606095304197,10.408391481534409,28.318579734189246,1.4654505850822217,0.14869258043456346
63.44606095304197,10.409034513330457,28.368745640385917,1.4582706261276261,0.14636010106823438
63.44606095304197,10.409677545126506,28.41484012789495,1.4518218294953908,0.1437720174299859
63.44606095304197,10.410320576922555,28.42862433974252,1.4471218476201857,0.14234279553765036
63.44606095304197,10.410963608718601,28.301181636658566,1.444624949010195,0.15262778137606442
63.44630990157975,10.346981510687796,,,
63.44630990157975,10.347624548074519,28.649979375328215,1.5000000039458832,0.11323887074960938
63.44630990157975,10.348267585461242,28.509989030214733,1.4999999999291638,0.1278810987160841
63.44630990157975,10.348910622847965,28.445568292744365,1.5000000000001943,0.13629414258248354
63.44630990157975,10.349553660234688,28.420538465218495,1.499999999999959,0.1399043627429966
63.44630990157975,10.350196697621412,28.39630605954947,1.4999999999999716,0.14351339180747036
63.44630990157975,10.350839735008135,28.36941656927023,1.4999999999999796,0.14765366593780135
63.44630990157975,10.351482772394858,28.338246414967273,1.499999999999944,0.15256811082818678
63.44630990157975,10.352125809781581,28.306385021624198,1.4999999999999598,0.15762944369811027
63.44630990157975,10.352768847168305,28.274946540011193,1.4999999999999776,0.16270074885925223
63.44630990157975,10.353411884555028,28.245567560794935,1.499999999999987,0.1675654467746479
63.44630990157975,10.354054921941751,28.215194504653414,1.4999999999999858,0.17275971746655722
63.44630990157975,10.354697959328474,28.182807274481515,1.4999999999999851,0.17838567948827377
63.44630990157975,10.355340996715196,28.151309287224002,1.4999999999999818,0.183902668036245
63.44630990157975,10.355984034101919,28.12299034777553,1.4999999999999694,0.1888743800031055
63.44630990157975,10.356627071488642,28.099626311761305,1.4999999999999567,0.1930314917078995
63.44630990157975,10.357270108875365,28.076982280753693,1.499999999999942,0.19718231277113574
63.44630990157975,10.357913146262089,28.050151475041286,1.4999999999999176,0.20224455635909727
63.44630990157975,10.358556183648812,28.01520481940053,1.4999999999998774,0.20895401793821775
63.44630990157975,10.359199221035535,27.97434005821622,1.499999999999826,0.21688957958010668
63.44630990157975,10.359842258422258,27.930632237284136,1.499999999999744,0.22551000555874187
63.44630990157975,10.360485295808981,27.887837012421766,1.4999999999996096,0.23413425979993716
63.44630990157975,10.361128333195705,27.848242561286206,1.4999999999994227,0.24234021789826177
63.44630990157975,10.361771370582428,27.808216903902043,1.4999999999991855,0.25077841077669727
63.44630990157975,10.362414407969151,27.768606125031596,1.4999999999988003,0.25926469358941256
63.44630990157975,10.363057445355874,27.729289729474104,1.4999999999981661,0.2678077744594609
63.44630990157975,10.363700482742596,27.68977222517661,1.4999999999973443,0.2765587271372404
63.44630990157975,10.364343520129319,27.650938793825617,1.4999999999962226,0.2853183140298706
63.44630990157975,10.364986557516042,27.61608788411747,1.4999999999943823,0.2932589394446773
63.44630990157975,10.365629594902765,27.58838826128729,1.4999999999914393,0.2995878752072196
63.44630990157975,10.366272632289489,27.57109657325731,1.499999999987822,0.30354378821407246
63.44630990157975,10.366915669676212,27.558418871802004,1.4999999999825093,0.30648688284508957
63.44630990157975,10.367558707062935,27.542874166022198,1.4999999999738145,0.3101627670454694
63.44630990157975,10.368201744449658,27.517788813449574,1.4999999999615816,0.31612724193598724
63.44630990157975,10.368844781836382,27.487303730765877,1.4999999999493487,0.32339318295025365
63.44630990157975,10.369487819223105,27.45676587928803,1.4999999999267097,0.3307119467159074
63.44630990157975,10.370130856609828,27.43226047572657,1.4999999998802531,0.33666244105556187
63.44630990157975,10.370773893996551,27.418200800730578,1.49999999982808,0.34018791934545334
63.44630990157975,10.371416931383274,27.41016582774953,1.4999999997930293,0.34220535341652797
63.44630990157975,10.372059968769996,27.405952101232174,1.499999999690356,0.3432283001192708
63.44630990157975,10.37270300615672,27.401718872496993,1.4999999994250237,0.3441596647843806
63.44630990157975,10.373346043543442,27.393492075042335,1.4999999991218924,0.34607147650585673
63.44630990157975,10.373989080930166,27.384409131943805,1.4999999988258288,0.34828042380425567
63.44630990157975,10.374632118316889,27.38335012718337,1.4999999983375154,0.34860511171132924
63.44630990157975,10.375275155703612,27.39960355305811,1.4999999975068152,0.3447743181801657
63.44630990157975,10.375918193090335,27.437944949437373,1.4999999966067408,0.33558209520154264
63.44630990157975,10.376561230477058,27.489427744317926,1.499999995263378,0.32318583189859446
63.44630990157975,10.377204267863782,27.5420401670762,1.4999999926640724,0.3105125296790037
63.44630990157975,10.377847305250505,27.58350639572524,1.4999999884155908,0.3005712371288251
63.44630990157975,10.378490342637228,27.613630778797482,1.4999999840930802,0.2934942172157777
63.44630990157975,10.379133380023951,27.639604258397323,1.4999999776550965,0.28761143087415186
63.44630990157975,10.379776417410675,27.669485386673514,1.499999966489784,0.28105071700112777
63.44630990157975,10.380419454797396,27.710287794746534,1.4999999504167212,0.27214958530246275
63.44630990157975,10.38106249218412,27.757687746312428,1.499999930979461,0.26182141630070443
63.44630990157975,10.381705529570842,27.804250881215268,1.4999999008725395,0.2517171745894386
63.44630990157975,10.382348566957566,27.841781686066724,1.4999998524280207,0.24364957534895612
63.44630990157975,10.382991604344289,27.868231520730458,1.49999978941303,0.23806157227767724
63.44630990157975,10.383634641731012,27.891560011362817,1.4999997054551995,0.23326322068272048
63.44630990157975,10.384277679117735,27.917517496501567,1.4999995721759416,0.22806410402700383
63.44630990157975,10.384920716504459,27.95196339124329,1.4999993625167374,0.2212484457533056
63.44630990157975,10.385563753891182,27.991468227949838,1.4999990922070945,0.2135465250362381
63.44630990157975,10.386206791277905,28.030075453406955,1.4999987167102604,0.2061345019779186
63.44630990157975,10.386849828664628,28.06241235287732,1.4999981555143238,0.20001502020007864
63.44630990157975,10.387492866051351,28.08390490198839,1.4999973345441429,0.19600417192268885
63.44630990157975,10.388135903438075,28.098635829232986,1.4999962394549087,0.19328414984039927
63.44630990157975,10.388778940824798,28.107947884279298,1.4999946889119629,0.19159178901910137
63.44630990157975,10.38942197821152,28.1130841467635,1.499992380880993,0.19067459224336203
63.44630990157975,10.390065015598243,28.115855984357264,1.49998899569653,0.19017812082661306
63.44630990157975,10.390708052984966,28.116701834590597,1.499984429615655,0.19002688825585082
63.44630990157975,10.391351090371689,28.11636844362453,1.4999780599793264,0.19008723714186043
63.44630990157975,10.391994127758412,28.115838499748325,1.4999691949953422,0.19017910992382894
63.44630990157975,10.392637165145135,28.114980167389763,1.4999569175882979,0.1903272602805811
63.44630990157975,10.393280202531859,28.112458505453915,1.4999397368035112,0.190778387285674
63.44630990157975,10.393923239918582,28.108160772430125,1.4999151790430332,0.1915546161029108
63.44630990157975,10.394566277305305,28.101911794930626,1.4998804907024958,0.19269282474114713
63.44630990157975,10.395209314692028,28.093709013712893,1.4998327172123034,0.1941803593932543
63.44630990157975,10.395852352078752,28.085978969301628,1.499767591898423,0.19557790419256602
63.44630990157975,10.396495389465475,28.081609693638143,1.4996786564037892,0.19636407604604375
63.44630990157975,10.397138426852198,28.083173162987958,1.4995568110630224,0.19606942179743528
63.44630990157975,10.39778146423892,28.08979392349213,1.4993899195301188,0.1948248902586423
63.44630990157975,10.398424501625643,28.099246256906838,1.499163615669819,0.1930540296428868
63.44630990157975,10.399067539012366,28.109482647678313,1.4988608187924277,0.1911519567345463
63.44630990157975,10.39971057639909,28.120636505377803,1.498451942192206,0.18911905004611781
63.44630990157975,10.400353613785812,28.136702186609686,1.4979103071798496,0.18621896872221946
63.44630990157975,10.400996651172536,28.154115859053775,1.4971941728845177,0.18302652267818745
63.44630990157975,10.401639688559259,28.16983629366445,1.4962560597618588,0.18001488071971014
63.44630990157975,10.402282725945982,28.177101173067047,1.495000573881954,0.17841930222063768
63.44630990157975,10.402925763332705,28.174420012544957,1.493423182300436,0.17859339495209378
63.44630990157975,10.403568800719428,28.169428475394163,1.4914318178792592,0.1792021655744207
63.44630990157975,10.404211838106152,28.1699855246806,1.4888895315037751,0.17887991689757235
63.44630990157975,10.404854875492875,28.181796634191063,1.4855776295367435,0.17649700239860033
63.44630990157975,10.405497912879598,28.203225061681312,1.4816039240797128,0.17230616585645095
63.44630990157975,10.40614095026632,28.227157125435824,1.477189623259284,0.16738330057692596
63.44630990157975,10.406783987653043,28.24430748835246,1.4723744944843449,0.1631622067594995
63.44630990157975,10.407427025039766,28.24607245713202,1.4664744112682186,0.16125130018323489
63.44630990157975,10.40807006242649,28.238038079987486,1.4596429986268165,0.16116993928956885
63.44630990157975,10.408713099813212,28.229708385502356,1.4522031944631166,0.16213629467680335
63.44630990157975,10.409356137199936,28.227597380868126,1.4448603036973529,0.1633423775978084
63.44630990157975,10.409999174586659,28.23460443580813,1.43780588486653,0.1635430264896983
63.44630990157975,10.410642211973382,28.23032281935394,1.431707138203625,0.16386659217983865
63.44630990157975,10.411285249360105,28.18531221285946,1.4275570738049808,0.16559360934248646
63.44655885011754,10.347302597844042,28.685151999307998,1.5000000043176571,0.10899180885806678
63.44655885011754,10.347945640821548,28.575718347551206,1.4999999999434697,0.11888434020682333
63.44655885011754,10.348588683799056,28.496758151462345,1.5000000000077203,0.12900180989323612
63.44655885011754,10.349231726776564,28.46814968634972,1.5000000000008147,0.13303283369093644
63.44655885011754,10.34987476975407,28.44135869519672,1.500000000000524,0.13679265418263412
63.44655885011754,10.350517812731578,28.41433334583066,1.5000000000003832,0.1407141700634181
63.44655885011754,10.351160855709086,28.382326238495832,1.4999999999999705,0.14559791589463378
63.44655885011754,10.351803898686592,28.348114870856797,1.4999999999998648,0.15094431136653785
63.44655885011754,10.3524469416641,28.316105303727483,1.499999999999898,0.1559618652962182
63.44655885011754,10.353089984641608,28.288068824940005,1.4999999999999007,0.1604438343616438
63.44655885011754,10.353733027619114,28.264205468647052,1.49999999999997,0.16442078900474252
63.44655885011754,10.354376070596622,28.232981021063416,1.4999999999999816,0.16975581247477006
63.44655885011754,10.35501911357413,28.19935692791068,1.499999999999987,0.17556732858637997
63.44655885011754,10.355662156551636,28.167687825627556,1.4999999999999793,0.1810331921503565
63.44655885011754,10.356305199529144,28.135245796569855,1.4999999999999574,0.18665406110094696
63.44655885011754,10.356948242506652,28.109194505298575,1.4999999999999454,0.19126921255953303
63.44655885011754,10.357591285484158,28.08281910029318,1.499999999999928,0.19608747933004758
63.44655885011754,10.358234328461666,28.049317105826212,1.499999999999897,0.20240680937428807
63.44655885011754,10.358877371439174,28.010529428227734,1.4999999999998475,0.20982972514496068
63.44655885011754,10.35952041441668,27.969788294553126,1.4999999999997777,0.21768752417586504
63.44655885011754,10.360163457394188,27.930253092933107,1.4999999999996647,0.22546935580859084
63.44655885011754,10.360806500371696,27.89925245745934,1.4999999999995066,0.2317865412183785
63.44655885011754,10.361449543349204,27.86426139926936,1.4999999999992737,0.23905510607797553
63.44655885011754,10.36209258632671,27.82585186378799,1.4999999999989637,0.24714289021730634
63.44655885011754,10.362735629304218,27.786092431227786,1.4999999999984326,0.2556120262872768
63.44655885011754,10.363378672281726,27.74510588755526,1.4999999999977098,0.26438567013432257
63.44655885011754,10.364021715259232,27.708020372985374,1.4999999999966573,0.27256016562552976
63.44655885011754,10.36466475823674,27.671272012270236,1.4999999999951732,0.28080657945526777
63.44655885011754,10.365307801214248,27.64039349948336,1.4999999999927172,0.28776316782898004
63.44655885011754,10.365950844191754,27.616273995673254,1.49999999998928,0.2931781004484378
63.44655885011754,10.366593887169262,27.60140218875076,1.4999999999846134,0.29649271712495584
63.44655885011754,10.36723693014677,27.588317033833672,1.4999999999774978,0.2994672479450696
63.44655885011754,10.367879973124277,27.564550723585235,1.4999999999692235,0.3050142753701317
63.44655885011754,10.368523016101785,27.5359814419743,1.4999999999559506,0.31172623271673106
63.44655885011754,10.369166059079292,27.508489097214884,1.4999999999361389,0.3182203778398574
63.44655885011754,10.369809102056799,27.486952631157813,1.4999999998964515,0.32336965541011753
63.44655885011754,10.370452145034307,27.482397484526153,1.4999999998754634,0.3246237337536084
63.44655885011754,10.371095188011815,27.476075587414595,1.499999999816255,0.3262729941112007
63.44655885011754,10.37173823098932,27.471297868648605,1.4999999997327675,0.3274503966171818
63.44655885011754,10.372381273966829,27.465093642857337,1.4999999994941822,0.3288520634239314
63.44655885011754,10.373024316944337,27.452791774334646,1.4999999991958466,0.33162690074170015
63.44655885011754,10.373667359921843,27.445249111605882,1.4999999988827635,0.3334427481293057
63.44655885011754,10.37431040289935,27.439072716215037,1.4999999985203583,0.3350308128967775
63.44655885011754,10.374953445876859,27.44946443269262,1.4999999979216172,0.3326830437663336
63.44655885011754,10.375596488854365,27.478843951647843,1.499999997284462,0.3257662289421723
63.44655885011754,10.376239531831873,27.52393577878465,1.4999999959754522,0.31501136564410837
63.44655885011754,10.37688257480938,27.576027420717985,1.4999999937165076,0.30256184039437123
63.44655885011754,10.377525617786887,27.615475800084567,1.4999999898140468,0.2931967875803473
63.44655885011754,10.378168660764395,27.647965628801927,1.4999999849026653,0.2856362527252913
63.44655885011754,10.378811703741903,27.673876897013844,1.499999979344455,0.27985019562718866
63.44655885011754,10.379454746719409,27.701632291466343,1.4999999701741134,0.27387225565060314
63.44655885011754,10.380097789696917,27.742486791559163,1.49999995702343,0.26510695995597866
63.44655885011754,10.380740832674425,27.785373954564797,1.499999936844488,0.2558904386002656
63.44655885011754,10.381383875651931,27.832278916199286,1.4999999110510749,0.24580703728702083
63.44655885011754,10.382026918629439,27.871368611145073,1.4999998688168406,0.23747652949804257
63.44655885011754,10.382669961606947,27.89491121056998,1.4999998162584955,0.2325368607693258
63.44655885011754,10.383313004584453,27.914822793695713,1.4999997332113235,0.22847821101879628
63.44655885011754,10.383956047561961,27.93473192795177,1.4999996190118277,0.22455922906016754
63.44655885011754,10.384599090539469,27.964362457807187,1.499999434863126,0.21875579777965592
63.44655885011754,10.385242133516975,27.998936300867612,1.4999991838482625,0.21205165371727583
63.44655885011754,10.385885176494483,28.032700513771733,1.4999988360971073,0.2056012494146679
63.44655885011754,10.386528219471991,28.063256682942804,1.4999983428459616,0.1998582396789775
63.44655885011754,10.387171262449497,28.082543004882258,1.499997678695571,0.19626187329477243
63.44655885011754,10.387814305427005,28.092947034024913,1.4999969039613967,0.19432772952405997
63.44655885011754,10.388457348404513,28.099898534889014,1.4999951848013378,0.19303100347591456
63.44655885011754,10.38910039138202,28.102855046143404,1.499992995714163,0.1925061631847258
63.44655885011754,10.389743434359527,28.102274761367593,1.4999900973924036,0.19264846792921828
63.44655885011754,10.390386477337035,28.101693029318223,1.499985655686549,0.19276761994930314
63.44655885011754,10.391029520314541,28.098175293337107,1.4999797916420436,0.19341065125468326
63.44655885011754,10.39167256329205,28.09557037891675,1.4999716313624167,0.19388243123028648
63.44655885011754,10.392315606269557,28.095417271612508,1.499960298868478,0.19388612692650464
63.44655885011754,10.392958649247063,28.092537507936967,1.4999438355445656,0.19440400828227417
63.44655885011754,10.393601692224571,28.08751221037109,1.49992158329381,0.19531802820303243
63.44655885011754,10.39424473520208,28.08012941023225,1.499889967478013,0.19668237823892226
63.44655885011754,10.394887778179585,28.072081892780005,1.4998445947331207,0.19817438408082513
63.44655885011754,10.395530821157093,28.062950696825673,1.499781400544451,0.19983517685772156
63.44655885011754,10.396173864134601,28.0549300875326,1.4996974208598703,0.20128539586460528
63.44655885011754,10.396816907112107,28.052144350848167,1.4995836745398496,0.2017814326055692
63.44655885011754,10.397459950089615,28.054153206660164,1.499418456415641,0.2014137014511865
63.44655885011754,10.398102993067123,28.060558195393387,1.4991980254284598,0.20020099533229746
63.44655885011754,10.39874603604463,28.068280611991707,1.4989067991456289,0.19873906928104332
63.44655885011754,10.399389079022137,28.07329040488359,1.4985172875460155,0.19779258324402826
63.44655885011754,10.400032121999645,28.082679809850934,1.4979565759792373,0.19606113339968564
63.44655885011754,10.400675164977152,28.099225513500983,1.4972454264785273,0.19303006782385432
63.44655885011754,10.40131820795466,28.116860323478043,1.4963213546752172,0.18968177625638774
63.44655885011754,10.401961250932168,28.133667735853187,1.4950768296810582,0.18627612091201537
63.44655885011754,10.402604293909674,28.136059759186747,1.4933555491618344,0.18547713637121935
63.44655885011754,10.403247336887182,28.129342282035775,1.4912800181145882,0.18634676718908186
63.44655885011754,10.40389037986469,28.12500547476845,1.4886762875375485,0.18690729805774284
63.44655885011754,10.404533422842198,28.120409194516828,1.4852085168956592,0.18745401644308712
63.44655885011754,10.405176465819704,28.13030201822555,1.4807862198196773,0.18515369859083125
63.44655885011754,10.405819508797212,28.15111415393776,1.475696208696039,0.18077359997986395
63.44655885011754,10.40646255177472,28.172036867776182,1.4701001023000073,0.17578779262733868
63.44655885011754,10.407105594752226,28.18142948383584,1.4629680048844318,0.17241808450210652
63.44655885011754,10.407748637729734,28.172957483089046,1.4546385119465866,0.17207462528705553
63.44655885011754,10.408391680707242,28.15621035296887,1.4454075113526337,0.1735740715267742
63.44655885011754,10.409034723684748,28.137175895922216,1.4360662591507416,0.17690806005202547
63.44655885011754,10.409677766662256,28.120086767587082,1.4269474725124571,0.18063669289553097
63.44655885011754,10.410320809639764,28.1110574954158,1.4181027683717862,0.1825845299952623
63.44655885011754,10.41096385261727,28.081748387735924,1.410198575409319,0.1842729958008817
63.44655885011754,10.411606895594778,28.064346358244013,1.4059164499504013,0.18475194430511285
63.44655885011754,10.412249938572286,27.640022359792336,1.4078410807287485,0.20866558211505495
63.44680779865532,10.346980642014284,,,
63.44680779865532,10.347623690582685,28.63280687513302,1.4999999999753313,0.11138916499244583
63.44680779865532,10.348266739151086,28.553354844634097,1.500000000010831,0.12130647871267931
63.44680779865532,10.348909787719487,28.51927473156392,1.5000000000031426,0.1258917420488509
63.44680779865532,10.349552836287888,28.48569283248526,1.5000000000006326,0.1305063030915564
63.44680779865532,10.350195884856289,28.455552943338823,1.500000000000872,0.1346752878344806
63.44680779865532,10.35083893342469,28.421859600232104,1.5000000000008331,0.1395958082985435
63.44680779865532,10.351481981993091,28.38643499512955,1.5000000000000677,0.14499944605530835
63.44680779865532,10.352125030561492,28.352309609084685,1.499999999999887,0.1502733005214927
63.44680779865532,10.352768079129893,28.323852182754646,1.4999999999998164,0.15468185465831708
63.44680779865532,10.353411127698294,28.302291099479792,1.49999999999985,0.15813200065953142
63.44680779865532,10.354054176266695,28.27984726909583,1.4999999999999643,0.1618658283612316
63.44680779865532,10.354697224835094,28.248802299700014,1.4999999999999916,0.16714299529903837
63.44680779865532,10.355340273403495,28.216720767718257,1.5000000000000013,0.1726045915347823
63.44680779865532,10.355983321971896,28.18097752971044,1.4999999999999802,0.17867909947944693
63.44680779865532,10.356626370540297,28.14515677162836,1.4999999999999534,0.18487180950782564
63.44680779865532,10.357269419108698,28.115327775258358,1.4999999999999358,0.19015115182916134
63.44680779865532,10.3579124676771,28.08126246238529,1.4999999999999072,0.19640418863440123
63.44680779865532,10.3585555162455,28.04282570737845,1.499999999999873,0.2036690550121092
63.44680779865532,10.359198564813902,28.004024809875016,1.4999999999998084,0.21105494129678293
63.44680779865532,10.359841613382303,27.966660058918393,1.4999999999997133,0.21823491199290274
63.44680779865532,10.360484661950704,27.938686863415768,1.4999999999995826,0.22377077152424335
63.44680779865532,10.361127710519105,27.91412917953378,1.499999999999398,0.2287890400783998
63.44680779865532,10.361770759087506,27.881565500743115,1.4999999999990983,0.23553658748590997
63.44680779865532,10.362413807655907,27.84382210479515,1.4999999999986555,0.24343704662031118
63.44680779865532,10.363056856224308,27.80263447834708,1.4999999999980873,0.2520803928073983
63.44680779865532,10.363699904792709,27.764027413365618,1.4999999999971751,0.2602743463841323
63.44680779865532,10.36434295336111,27.729962974963517,1.4999999999958173,0.2677467186989543
63.44680779865532,10.36498600192951,27.698456284569897,1.4999999999937494,0.27474042228904055
63.44680779865532,10.365629050497912,27.672826007925817,1.4999999999911595,0.28042447787986996
63.44680779865532,10.366272099066313,27.649521283699777,1.499999999986717,0.2855826725229985
63.44680779865532,10.366915147634714,27.63352343212233,1.4999999999805516,0.28909454186229827
63.44680779865532,10.367558196203115,27.610020985070356,1.4999999999739566,0.29445045654727514
63.44680779865532,10.368201244771516,27.579906898022955,1.4999999999690512,0.30141784665255605
63.44680779865532,10.368844293339917,27.55439514112477,1.4999999999468607,0.3073683080060547
63.44680779865532,10.369487341908318,27.534950519901756,1.499999999910976,0.31193985729382084
63.44680779865532,10.370130390476719,27.533457198273823,1.4999999999012694,0.3123976990330623
63.44680779865532,10.37077343904512,27.539280173841195,1.4999999998963842,0.3111765981570318
63.44680779865532,10.371416487613521,27.53631488527881,1.4999999997806497,0.31195418933522456
63.44680779865532,10.372059536181922,27.529951280260306,1.4999999995606965,0.3134063560669995
63.44680779865532,10.372702584750323,27.51436322190498,1.4999999993116466,0.3169378380467329
63.44680779865532,10.373345633318724,27.502300696240997,1.4999999990226762,0.3197013272103535
63.44680779865532,10.373988681887125,27.49821259817876,1.4999999986638282,0.32077577777498467
63.44680779865532,10.374631730455526,27.504778103342687,1.4999999981948624,0.31939010881717306
63.44680779865532,10.375274779023927,27.53119528332236,1.4999999980584562,0.3132819573303029
63.44680779865532,10.375917827592328,27.565295853193916,1.4999999969009976,0.3052972338012039
63.44680779865532,10.37656087616073,27.610928794121335,1.4999999947074079,0.294493820588121
63.44680779865532,10.37720392472913,27.647754867274024,1.499999991104648,0.2858487100390865
63.44680779865532,10.377846973297531,27.676648986147068,1.4999999873571017,0.27919791869611016
63.44680779865532,10.378490021865932,27.706114047255337,1.4999999813185128,0.27264478739950576
63.44680779865532,10.379133070434333,27.7335213246959,1.4999999735180187,0.2668256719194703
63.44680779865532,10.379776119002734,27.773554132581275,1.4999999627730434,0.25834442256572865
63.44680779865532,10.380419167571135,27.817966702179945,1.4999999473016872,0.24895874308922614
63.44680779865532,10.381062216139537,27.859222042938462,1.4999999209493957,0.2402168528729164
63.44680779865532,10.381705264707938,27.89815061851085,1.4999998837973942,0.23199702216119683
63.44680779865532,10.382348313276339,27.92060218273063,1.499999843156498,0.2273387921695163
63.44680779865532,10.38299136184474,27.93687957216214,1.4999997738292035,0.2240510403295043
63.44680779865532,10.38363441041314,27.95311702632563,1.4999996622982197,0.22089680405880582
63.44680779865532,10.384277458981542,27.9769498887614,1.4999994972099733,0.21629151846755562
63.44680779865532,10.384920507549943,28.009079744988078,1.4999992944443896,0.21012085824858512
63.44680779865532,10.385563556118344,28.03779001519453,1.4999989730482888,0.2046320312143744
63.44680779865532,10.386206604686745,28.0639412009427,1.4999985266575098,0.1997211283931158
63.44680779865532,10.386849653255146,28.080793711930227,1.4999979514593023,0.19657395558577387
63.44680779865532,10.387492701823547,28.08843017311289,1.4999973809171223,0.19515253412190875
63.44680779865532,10.388135750391948,28.09055100970053,1.4999963555446212,0.19476536392894261
63.44680779865532,10.38942184752875,28.08847251927344,1.4999911099003171,0.19515886099781238
63.44680779865532,10.390064896097151,28.084065988181123,1.4999872349179113,0.1960011219594496
63.44680779865532,10.39070794466555,28.080239927603795,1.499981728296352,0.19671626269337011
63.44680779865532,10.391350993233951,28.075390334003306,1.4999743271958519,0.1976039588058409
63.44680779865532,10.391994041802352,28.074383232327712,1.4999642488396805,0.19776666823580782
63.44680779865532,10.392637090370753,28.072854998898556,1.4999491465278496,0.198031033233663
63.44680779865532,10.393280138939154,28.067745912526256,1.4999280511113797,0.19897497316179566
63.44680779865532,10.393923187507555,28.059908943521517,1.4998990606427869,0.20044124909973102
63.44680779865532,10.394566236075956,28.050390213667807,1.4998592517863805,0.20223290489722848
63.44680779865532,10.395209284644357,28.04217739858184,1.4997996070405784,0.20376461279874938
63.44680779865532,10.395852333212758,28.033224384463193,1.499719588992916,0.20539679652573875
63.44680779865532,10.39649538178116,28.02789221546714,1.4996123781349802,0.20636153592362333
63.44680779865532,10.39713843034956,28.026179508914698,1.499463712247336,0.20667361038906346
63.44680779865532,10.397781478917961,28.02720924957478,1.499247006708597,0.20648792203814434
63.44680779865532,10.398424527486362,28.031412084375148,1.498966057674964,0.2056772609315494
63.44680779865532,10.399067576054764,28.032853627190942,1.4985943653036657,0.20537867122779935
63.44680779865532,10.399710624623165,28.03468495049873,1.4980715625446335,0.2049943919272627
63.44680779865532,10.400353673191566,28.043951473577007,1.4973428931395185,0.20322992878754725
63.44680779865532,10.400996721759967,28.060413775995,1.496428498359962,0.20009269754889886
63.44680779865532,10.401639770328368,28.079734266191302,1.4952283373957305,0.1962182192416075
63.44680779865532,10.402282818896769,28.093585828718858,1.4935404691427048,0.19325789277665809
63.44680779865532,10.40292586746517,28.09124026649537,1.4913294189211537,0.1932731813643594
63.44680779865532,10.40356891603357,28.08523878814381,1.4886402603097546,0.1940795633253022
63.44680779865532,10.404211964601972,28.073005433575,1.4851968663281592,0.19604822677198197
63.44680779865532,10.404855013170373,28.06777865506524,1.480514862075336,0.19643512159374227
63.44680779865532,10.405498061738774,28.079579886365355,1.474818138295319,0.19350755230374478
63.44680779865532,10.406141110307175,28.098377707929004,1.4684284747068044,0.18886648770992054
63.44680779865532,10.406784158875576,28.116806544826463,1.460511893061349,0.18385620688285803
63.44680779865532,10.407427207443977,28.115325754928815,1.4506835461036116,0.18207708217069177
63.44680779865532,10.408070256012378,28.096335808424524,1.4396718921457063,0.1834357758200419
63.44680779865532,10.408713304580779,28.069157709992684,1.4281418069186882,0.1871008780965932
63.44680779865532,10.40935635314918,28.033413741165308,1.416221708316581,0.19286280521858043
63.44680779865532,10.409999401717581,28.011123879410988,1.404380483756696,0.19779374979525316
63.44680779865532,10.410642450285982,27.987831721456793,1.3928339321491139,0.20065353790724863
63.44680779865532,10.411285498854383,28.025187147151122,1.3839581102594691,0.1972539764523143
63.44680779865532,10.411928547422784,27.91999850718078,1.3800149519793952,0.2172619703077785
63.44680779865532,10.412571595991185,27.063823770155132,1.3845472758699477,0.27520796835846495
63.4470567471931,10.346658680585081,,,
63.4470567471931,10.347301734744486,28.67687261353322,1.4999999999819749,0.10591779453427425
63.4470567471931,10.34794478890389,28.623682547081575,1.4999999999948763,0.11221820682705982
63.4470567471931,10.348587843063292,28.57927535588603,1.4999999999946707,0.11794042148475338
63.4470567471931,10.349230897222697,28.537033173042733,1.4999999999982407,0.12348477128202243
63.4470567471931,10.3498739513821,28.498685388868097,1.5000000000005211,0.12866429941323607
63.4470567471931,10.350517005541505,28.460775839349736,1.5000000000013591,0.1340105149586228
63.4470567471931,10.35116005970091,28.422924739070762,1.5000000000010116,0.1395795245495606
63.4470567471931,10.351803113860313,28.388275309801756,1.5000000000001965,0.14480434669809156
63.4470567471931,10.352446168019718,28.35777356847163,1.499999999999853,0.14944703423806036
63.4470567471931,10.35308922217912,28.33494387405277,1.499999999999762,0.15296826631752597
63.4470567471931,10.353732276338524,28.315451069368777,1.4999999999998452,0.15606916313356745
63.4470567471931,10.354375330497929,28.293739043257347,1.4999999999999702,0.15964247418220812
63.4470567471931,10.355018384657333,28.264630160461934,1.5000000000000118,0.16451445316638705
63.4470567471931,10.355661438816737,28.230175168837533,1.5000000000000127,0.1702858592932181
63.4470567471931,10.356304492976141,28.191748778990103,1.4999999999999827,0.17679675910995818
63.4470567471931,10.356947547135546,28.1530360642996,1.4999999999999478,0.1834893049657976
63.4470567471931,10.357590601294948,28.115697760123336,1.4999999999999194,0.1901547243634282
63.4470567471931,10.358233655454352,28.075872466421856,1.4999999999998892,0.1974997516665939
63.4470567471931,10.358876709613757,28.037623275067553,1.4999999999998406,0.20468653994049935
63.4470567471931,10.35951976377316,28.001936899598146,1.499999999999757,0.21144001346456442
63.4470567471931,10.360162817932565,27.97407415420039,1.4999999999996496,0.2167832081770059
63.4470567471931,10.36080587209197,27.95181443468906,1.4999999999994995,0.22117058069642148
63.4470567471931,10.361448926251374,27.92839792415948,1.499999999999248,0.22592068461823717
63.4470567471931,10.362091980410776,27.89669785593844,1.499999999998851,0.23243944142959327
63.4470567471931,10.36273503457018,27.859376673552553,1.4999999999983784,0.2401438132050391
63.4470567471931,10.363378088729585,27.821069880041065,1.4999999999976537,0.24810752358478466
63.4470567471931,10.364021142888989,27.78628952446064,1.499999999996443,0.2554468759999151
63.4470567471931,10.364664197048393,27.757423275809863,1.4999999999946627,0.26171222873042094
63.4470567471931,10.365307251207797,27.732582049004957,1.499999999992496,0.26712822212356624
63.4470567471931,10.365950305367202,27.708438301228018,1.4999999999890095,0.272427709040111
63.4470567471931,10.366593359526604,27.68387400825083,1.4999999999832707,0.2778292940280158
63.4470567471931,10.367236413686008,27.657879320013013,1.4999999999781488,0.28361735935364757
63.4470567471931,10.367879467845412,27.626855251807726,1.4999999999750622,0.2906661382948109
63.4470567471931,10.368522522004817,27.599920180467073,1.4999999999605182,0.2968515135914617
63.4470567471931,10.369165576164221,27.581962740972195,1.499999999924204,0.30101352436249873
63.4470567471931,10.369808630323625,27.579875270055012,1.49999999991814,0.3015389237823358
63.4470567471931,10.37045168448303,27.587898473577656,1.4999999999283633,0.2997379687503941
63.4470567471931,10.371094738642432,27.594868332383584,1.4999999998515066,0.2981629680719794
63.4470567471931,10.371737792801836,27.59109114391714,1.4999999996219886,0.29902566116599194
63.4470567471931,10.37238084696124,27.577177478641012,1.499999999399438,0.3021763624945151
63.4470567471931,10.373023901120645,27.561978563416474,1.499999999181127,0.305649426749317
63.4470567471931,10.373666955280049,27.55482009624639,1.4999999988524395,0.30733966586505124
63.4470567471931,10.374310009439453,27.561431144958473,1.4999999984533599,0.3059475554386156
63.4470567471931,10.374953063598857,27.5845021193206,1.4999999983668362,0.3006879100989003
63.4470567471931,10.37559611775826,27.61556961896661,1.499999997659444,0.2935465322090426
63.4470567471931,10.376239171917664,27.649370099064573,1.4999999955048993,0.28572057795003925
63.4470567471931,10.376882226077068,27.6821239413637,1.4999999922525966,0.2781231474899274
63.4470567471931,10.377525280236473,27.708373202545665,1.4999999891423457,0.27217605338178497
63.4470567471931,10.378168334395877,27.73509795149258,1.4999999845655814,0.26631642890423074
63.4470567471931,10.378811388555281,27.765286774295994,1.4999999770794277,0.25990670929951765
63.4470567471931,10.379454442714685,27.803906178955188,1.4999999680820564,0.2518215495467359
63.4470567471931,10.380097496874088,27.847727127285843,1.4999999556247752,0.2426712592268762
63.4470567471931,10.380740551033492,27.88934330746212,1.4999999337928587,0.23400375682092672
63.4470567471931,10.381383605192896,27.92431844123051,1.4999998987119465,0.22673372985518622
63.4470567471931,10.3820266593523,27.946132157312586,1.499999863425854,0.2222722913312101
63.4470567471931,10.382669713511705,27.96032569483037,1.4999998090674256,0.21945300664971537
63.4470567471931,10.383312767671109,27.973638162043144,1.4999997097898157,0.21689332088639388
63.4470567471931,10.383955821830513,27.991826114643303,1.499999557169382,0.21344295500956223
63.4470567471931,10.384598875989916,28.01803815064049,1.4999993763354527,0.2084609830721163
63.4470567471931,10.38524193014932,28.04503097301428,1.4999991111647402,0.2033217552866194
63.4470567471931,10.385884984308724,28.06648354555065,1.4999987021994512,0.19924849273086234
63.4470567471931,10.386528038468128,28.08013792595899,1.499998216539387,0.19668506190642837
63.4470567471931,10.387171092627533,28.08490648881376,1.4999977743400639,0.19578784399255714
63.4470567471931,10.389100255105744,28.07476419203122,1.499992789817125,0.19770007625782193
63.4470567471931,10.389743309265148,28.068333819501156,1.4999890183884028,0.1989083979246366
63.4470567471931,10.390386363424552,28.062209010513435,1.4999837841201222,0.200051452869892
63.4470567471931,10.391029417583956,28.056319341764738,1.499977107524574,0.2011469147608735
63.4470567471931,10.39167247174336,28.05339210331289,1.4999680191086773,0.20167659485529427
63.4470567471931,10.392315525902765,28.05131176041759,1.4999545603550466,0.20205416948793664
63.4470567471931,10.392958580062169,28.047531749395578,1.4999349860996691,0.20276615985829521
63.4470567471931,10.393601634221572,28.03991166471022,1.4999082105769075,0.2042147335592551
63.4470567471931,10.394244688380976,28.030347669567565,1.4998716841533513,0.20603757819914298
63.4470567471931,10.39488774254038,28.020778947666876,1.4998187892848776,0.20785188874494884
63.4470567471931,10.395530796699784,28.012857055853733,1.4997436176038004,0.20933464414573955
63.4470567471931,10.396173850859189,28.00682343365792,1.4996436094765022,0.21044493997921276
63.4470567471931,10.396816905018593,28.00345989708181,1.4995048073001267,0.2110687451636582
63.4470567471931,10.397459959177997,28.00105178455394,1.4993073317629826,0.21151373494286682
63.4470567471931,10.3981030133374,27.999825900991986,1.4990354945816906,0.2117360630104067
63.4470567471931,10.398746067496804,27.997511717066043,1.4986799829497965,0.21214524872683235
63.4470567471931,10.399389121656208,27.995196635783476,1.4981849526252022,0.21252316372097446
63.4470567471931,10.400032175815612,27.997199611587348,1.4974960314924053,0.21204564345945914
63.4470567471931,10.400675229975016,28.007359037219796,1.4965797049693579,0.21001294017551436
63.4470567471931,10.40131828413442,28.024095562649226,1.4953946014619486,0.20661336361576702
63.4470567471931,10.401961338293825,28.0410077608769,1.4937710569153042,0.20309108394602568
63.4470567471931,10.402604392453227,28.050459360434612,1.491579882968273,0.20091512569738373
63.4470567471931,10.403247446612632,28.04600261893402,1.4887951156762893,0.20134890095437477
63.4470567471931,10.403890500772036,28.033014019888476,1.4852589015596693,0.20335958927784795
63.4470567471931,10.40453355493144,28.020641798405226,1.4805959401580233,0.205062189121319
63.4470567471931,10.405176609090844,28.018785625431047,1.4745620295870951,0.20449332547628363
63.4470567471931,10.405819663250249,28.03225443200244,1.46737594253028,0.20075596998825612
63.4470567471931,10.406462717409653,28.04930302238779,1.4585819610614446,0.19603690293534984
63.4470567471931,10.407105771569055,28.057932765241297,1.4478637646981363,0.1925448958538171
63.4470567471931,10.40774882572846,28.045219932593454,1.435156132343359,0.19257088119391597
63.4470567471931,10.408391879887864,28.013468202820587,1.4213197115905014,0.1959970304797698
63.4470567471931,10.409034934047268,27.970866934218087,1.406430988377346,0.2014571101686973
63.4470567471931,10.409677988206672,27.931968008948477,1.3909255367843218,0.20760993852741697
63.4470567471931,10.410321042366077,27.90771218283194,1.3755388469499237,0.21276740639833658
63.4470567471931,10.41096409652548,27.913394022267312,1.3619067041406514,0.2177179876645036
63.4470567471931,10.411607150684883,27.856189036650232,1.3525042234292122,0.23643320349270458
63.4470567471931,10.412250204844288,27.645810987411696,1.349190365989018,0.27793690827114237
63.4470567471931,10.412893259003692,26.857143988026365,1.3551421741805756,0.3390133084008475
63.44730569573088,10.346336713556271,,,
63.44730569573088,10.346979773306787,28.7165458407191,1.4999999999938942,0.10125580196502537
63.44730569573088,10.347622833057303,28.681629798312578,1.500000000003975,0.10487339200477631
63.44730569573088,10.34826589280782,28.635200251536265,1.4999999999979172,0.1107377938009077
63.44730569573088,10.348908952558336,28.59036253660181,1.4999999999978133,0.11647083899423044
63.44730569573088,10.349552012308852,28.548119319262163,1.4999999999994036,0.12199670561978987
63.44730569573088,10.350195072059368,28.507948485420762,1.500000000000619,0.1274288867039211
63.44730569573088,10.350838131809885,28.467462128948206,1.5000000000010187,0.13318082467666975
63.44730569573088,10.351481191560401,28.42910314755077,1.5000000000005704,0.1387920432622402
63.44730569573088,10.352124251310917,28.394956457896217,1.5000000000000742,0.14386537097306512
63.44730569573088,10.352767311061434,28.36834817227917,1.499999999999848,0.14784854646390616
63.44730569573088,10.35341037081195,28.34889850048783,1.49999999999983,0.15079610807505542
63.44730569573088,10.354053430562466,28.330155148084454,1.4999999999999223,0.153743350321973
63.44730569573088,10.354696490312982,28.30715327738397,1.4999999999999896,0.15749366466910922
63.44730569573088,10.3553395500635,28.276253954138202,1.5000000000000144,0.16259799430383648
63.44730569573088,10.355982609814015,28.239141181398953,1.5000000000000002,0.1687787959979443
63.44730569573088,10.356625669564531,28.19953542104577,1.499999999999966,0.17548137139741618
63.44730569573088,10.357268729315049,28.159954444739547,1.4999999999999343,0.18232389462885437
63.44730569573088,10.357911789065565,28.119480007010804,1.4999999999999039,0.18958427418266907
63.44730569573088,10.35855484881608,28.079212895472665,1.4999999999998639,0.19698298731041353
63.44730569573088,10.359197908566598,28.041576674890543,1.4999999999997964,0.20398555988060232
63.44730569573088,10.359840968317114,28.00899041108222,1.4999999999996945,0.2100726044013007
63.44730569573088,10.36048402806763,27.985969429926975,1.4999999999995675,0.21443612289207895
63.44730569573088,10.361127087818145,27.964976892433224,1.499999999999365,0.21853922457814637
63.44730569573088,10.361770147568663,27.939499411306503,1.4999999999990319,0.2236632106630732
63.44730569573088,10.362413207319179,27.90653868502803,1.4999999999985765,0.2303505600113249
63.44730569573088,10.363056267069695,27.87177119420905,1.499999999997974,0.2374436952255063
63.44730569573088,10.363699326820212,27.838140078220658,1.4999999999970004,0.24438162500695274
63.44730569573088,10.364342386570728,27.812306696371394,1.4999999999954523,0.24985416147671133
63.44730569573088,10.364985446321244,27.78859314065489,1.4999999999934135,0.254958636751023
63.44730569573088,10.365628506071761,27.765759134297873,1.499999999990553,0.25989991561845466
63.44730569573088,10.366271565822277,27.74266004316299,1.4999999999859088,0.2649281513888499
63.44730569573088,10.366914625572793,27.71591901777064,1.4999999999797275,0.2707295833067305
63.44730569573088,10.367557685323309,27.68571442934669,1.4999999999747444,0.2774549863260812
63.44730569573088,10.368200745073826,27.65616717323744,1.4999999999643303,0.28412347166896074
63.44730569573088,10.368843804824342,27.634040490268575,1.4999999999361517,0.2891528279300987
63.44730569573088,10.369486864574858,27.625850771598184,1.4999999999060525,0.2910239732054525
63.44730569573088,10.370129924325376,27.631542125408142,1.4999999999034774,0.2896966391460534
63.44730569573088,10.370772984075892,27.64129221156604,1.499999999859585,0.2874255725533921
63.44730569573088,10.371416043826407,27.643875747714883,1.4999999996739826,0.28678331985570976
63.44730569573088,10.372059103576925,27.63415845428282,1.4999999994411568,0.28896439533569135
63.44730569573088,10.37270216332744,27.62039026528964,1.4999999992660928,0.2921026018817821
63.44730569573088,10.373345223077957,27.609984540561125,1.4999999990366153,0.2945144406448632
63.44730569573088,10.373988282828472,27.614640939019804,1.4999999987343902,0.2935779323902311
63.44730569573088,10.37463134257899,27.632012748602857,1.4999999983576404,0.28974346961142533
63.44730569573088,10.375274402329506,27.659966257834288,1.499999997737349,0.28342040383494727
63.44730569573088,10.375917462080022,27.69285598349748,1.499999996075159,0.27592182970719575
63.44730569573088,10.37656052183054,27.722103562147517,1.499999992630321,0.2692300742196946
63.44730569573088,10.377203581581055,27.74740345610499,1.4999999898592462,0.2635954014642819
63.44730569573088,10.37784664133157,27.77089703514481,1.4999999865291418,0.2585484397200519
63.44730569573088,10.378489701082087,27.79736760020813,1.4999999809197522,0.25303920636333077
63.44730569573088,10.379132760832604,27.832261323171778,1.4999999733055978,0.2458350265281551
63.44730569573088,10.37977582058312,27.87350003582632,1.4999999623913542,0.23733135459071253
63.44730569573088,10.380418880333636,27.915752812075965,1.4999999448004593,0.2286401826977367
63.44730569573088,10.381061940084154,27.951851854658617,1.4999999142252616,0.22125630010243594
63.44730569573088,10.38170499983467,27.97596201513676,1.4999998750462153,0.21638805126924673
63.44730569573088,10.382348059585185,27.989314283577325,1.499999828260113,0.2137786560036821
63.44730569573088,10.382991119335703,27.99861272209066,1.499999749139678,0.21207720851834552
63.44730569573088,10.383634179086219,28.010834087338182,1.4999996144190408,0.20982573677495003
63.44730569573088,10.384277238836734,28.02916627433833,1.4999994398852592,0.20636911130883556
63.44730569573088,10.38492029858725,28.051573760335557,1.499999210766879,0.20212119759057826
63.44730569573088,10.385563358337768,28.071706803473386,1.4999988679713492,0.19830290023774325
63.44730569573088,10.386206418088284,28.082343076674768,1.4999983967955006,0.19628622177804958
63.44730569573088,10.3868494778388,28.08759736267055,1.4999975845427878,0.1952844060683035
63.44730569573088,10.389421716840866,28.06049496655814,1.4999900203378402,0.20035978626845943
63.44730569573088,10.390064776591382,28.04869176662348,1.4999857100912666,0.20257224678446908
63.44730569573088,10.390707836341898,28.03943755189147,1.499979768301383,0.20430429637233996
63.44730569573088,10.391350896092414,28.033876380284383,1.4999712766936675,0.20534839661890422
63.44730569573088,10.391993955842931,28.03024212467463,1.499959148361164,0.2060373850205904
63.44730569573088,10.392637015593447,28.02619117599514,1.4999417547071523,0.20681645428270992
63.44730569573088,10.393280075343963,28.018681892078174,1.499917309039486,0.20827089702531718
63.44730569573088,10.39392313509448,28.00935408221959,1.499882823786675,0.2100741472249407
63.44730569573088,10.394566194844996,27.999594551475642,1.4998349680843461,0.21195166179705424
63.44730569573088,10.395209254595512,27.99062324003892,1.499767839385911,0.21366515273859332
63.44730569573088,10.39585231434603,27.984954132860782,1.4996736664024617,0.21471736983693937
63.44730569573088,10.396495374096546,27.980228058717483,1.4995422618422825,0.21560195643569416
63.44730569573088,10.397138433847061,27.9768110682653,1.499360932376336,0.21624525858444818
63.44730569573088,10.397781493597577,27.97387008350731,1.4991119132272535,0.21679789629640597
63.44730569573088,10.398424553348095,27.97000758427744,1.4987654285679333,0.217510783158732
63.44730569573088,10.39906761309861,27.964416131495895,1.4982902652983998,0.2184947105330734
63.44730569573088,10.399710672849126,27.961246587182707,1.4976458981161354,0.21898191006841225
63.44730569573088,10.400353732599644,27.964353054648885,1.4967792964476425,0.21823890008580046
63.44730569573088,10.40099679235016,27.975617849776686,1.495584190113876,0.2158985584072852
63.44730569573088,10.401639852100676,27.991427981298994,1.4939940026861451,0.21260206731265152
63.44730569573088,10.402282911851191,28.003782511761305,1.491899211869291,0.20988645331088487
63.44730569573088,10.402925971601709,28.004969415655882,1.48915024993139,0.20924343973690404
63.44730569573088,10.403569031352225,27.995818924722894,1.4854292623600691,0.21040587995020596
63.44730569573088,10.40421209110274,27.981995504575902,1.4806996676003072,0.21228532391165822
63.44730569573088,10.404855150853258,27.973477109816056,1.4747175967908774,0.2129250424528371
63.44730569573088,10.405498210603774,27.980177686801213,1.4670197569552987,0.21026755993119858
63.44730569573088,10.40614127035429,27.993096453020055,1.4572384859754823,0.20638833879061824
63.44730569573088,10.406784330104808,28.003242579159558,1.445615456723559,0.20274883598829682
63.44730569573088,10.407427389855323,27.99846628654386,1.4319790340587597,0.201523016690606
63.44730569573088,10.40807044960584,27.96981390350033,1.4155155084209237,0.20418250963122714
63.44730569573088,10.408713509356355,27.92622477268723,1.3972378733020803,0.20838884107280362
63.44730569573088,10.409356569106873,27.879740232589466,1.3780584591193692,0.21384919382117523
63.44730569573088,10.409999628857388,27.844375095479922,1.3585468976517812,0.21908017666559035
63.44730569573088,10.410642688607904,27.807464431040355,1.3394961032998367,0.23022045566296928
63.44730569573088,10.411285748358422,27.73038589253721,1.3244850391130238,0.25719428240294906
63.44730569573088,10.411928808108938,27.54880847894766,1.3146562882222783,0.3019197294296819
63.44730569573088,10.412571867859453,27.166149026864616,1.3126425038605116,0.3837382130458768
63.44730569573088,10.413214927609971,26.487003417588475,1.3205946185516673,0.43576880162867204
63.44755464426866,10.346014740927687,,,
63.44755464426866,10.346657806269425,28.763652341070944,1.5000000002813718,0.09557063785514076
63.44755464426866,10.347300871611163,28.734483203967407,1.5000000000282734,0.09823053281554486
63.44755464426866,10.3479439369529,28.68682045129281,1.500000000007395,0.10424925179757427
63.44755464426866,10.34858700229464,28.642935066432162,1.5000000000018474,0.10974077249604887
63.44755464426866,10.349230067636377,28.60044061710034,1.5000000000005802,0.1151470589079818
63.44755464426866,10.349873132978114,28.559411910002375,1.4999999999999878,0.12048452209233121
63.44755464426866,10.350516198319854,28.519007221817702,1.5000000000004612,0.12591618978660576
63.44755464426866,10.351159263661591,28.47796766032775,1.5000000000004372,0.1317298532013076
63.44755464426866,10.351802329003329,28.43966566671208,1.500000000000121,0.1372702245584277
63.44755464426866,10.352445394345068,28.405845990303007,1.5000000000000184,0.142247948067472
63.44755464426866,10.353088459686806,28.380777075525412,1.4999999999998939,0.14594347673971758
63.44755464426866,10.353731525028543,28.362647567558746,1.499999999999936,0.14864295537188196
63.44755464426866,10.354374590370282,28.341733279852612,1.4999999999999785,0.1519126919843065
63.44755464426866,10.35501765571202,28.319875201355227,1.4999999999999942,0.1554713207080263
63.44755464426866,10.355660721053757,28.28785180405862,1.4999999999999991,0.16072680034360562
63.44755464426866,10.356303786395495,28.249151045605203,1.4999999999999736,0.1671425369969588
63.44755464426866,10.356946851737234,28.208640876912163,1.4999999999999505,0.173966011751156
63.44755464426866,10.357589917078972,28.169489898820427,1.4999999999999203,0.18068144665369146
63.44755464426866,10.35823298242071,28.129693759617123,1.4999999999998845,0.18780599372075624
63.44755464426866,10.358876047762449,28.089782207352236,1.499999999999829,0.19508837488930483
63.44755464426866,10.359519113104186,28.052126895002694,1.4999999999997482,0.2019869198450687
63.44755464426866,10.360162178445924,28.02029219410757,1.4999999999996236,0.20787121350382637
63.44755464426866,10.360805243787663,27.998616159813196,1.49999999999946,0.21193568351251632
63.44755464426866,10.3614483091294,27.97544894927292,1.4999999999991829,0.21645577195426133
63.44755464426866,10.362091374471138,27.943684067025586,1.499999999998814,0.22281296170640674
63.44755464426866,10.362734439812877,27.910336140784693,1.4999999999982403,0.22949183642389814
63.44755464426866,10.363377505154615,27.879027515407138,1.4999999999974591,0.23580742553164152
63.44755464426866,10.364020570496352,27.85749757467963,1.4999999999961628,0.24026291780975903
63.44755464426866,10.36466363583809,27.845142007782123,1.4999999999944171,0.24297751064668022
63.44755464426866,10.36530670117983,27.82578859627855,1.4999999999918252,0.2471318533844491
63.44755464426866,10.365949766521567,27.80469271749727,1.4999999999880693,0.2516532067295969
63.44755464426866,10.366592831863304,27.77773018148199,1.4999999999845819,0.25737624512819585
63.44755464426866,10.367235897205044,27.748913723537285,1.499999999979257,0.263487520605362
63.44755464426866,10.367878962546781,27.72008566634573,1.49999999996882,0.269855093178511
63.44755464426866,10.368522027888519,27.69480740992883,1.4999999999453968,0.2755249754044512
63.44755464426866,10.369165093230258,27.68300537530825,1.4999999999473352,0.27821107672051776
63.44755464426866,10.369808158571995,27.679445671841734,1.4999999999196096,0.27894750753462655
63.44755464426866,10.370451223913733,27.68754364501354,1.499999999880161,0.2769886377244739
63.44755464426866,10.371094289255472,27.69108994545493,1.4999999997146076,0.27607554015050173
63.44755464426866,10.37173735459721,27.679766253981605,1.4999999995103606,0.27854541918583803
63.44755464426866,10.372380419938947,27.667990665904135,1.4999999993153488,0.28120420304092963
63.44755464426866,10.373023485280685,27.65693971812148,1.4999999991568056,0.28375373340985793
63.44755464426866,10.373666550622424,27.662064455005243,1.4999999989715562,0.2827195311374493
63.44755464426866,10.374309615964162,27.6836608509915,1.4999999990855817,0.2780824060714349
63.44755464426866,10.3749526813059,27.707313137793726,1.4999999983074086,0.2728865060631468
63.44755464426866,10.375595746647639,27.737815799283798,1.499999996787873,0.26603161404296716
63.44755464426866,10.376238811989376,27.762932381331392,1.499999993395318,0.26032911533698
63.44755464426866,10.376881877331114,27.784978324268305,1.4999999897082148,0.2554523297473849
63.44755464426866,10.377524942672853,27.80733847524754,1.4999999869698664,0.2507444103428734
63.44755464426866,10.37816800801459,27.83135765918208,1.4999999832752382,0.24585729464310477
63.44755464426866,10.378811073356328,27.865689718156254,1.4999999802718742,0.23889030753965712
63.44755464426866,10.379454138698065,27.902727764905666,1.4999999720596306,0.2313665619844577
63.44755464426866,10.380097204039805,27.943597324911988,1.4999999570777973,0.22306384832624776
63.44755464426866,10.380740269381542,27.97966071037912,1.4999999286544845,0.21579090777077115
63.44755464426866,10.38138333472328,28.00466722812815,1.4999998950533826,0.2108717219806156
63.44755464426866,10.382026400065019,28.021293449937023,1.499999844592076,0.20765199913015997
63.44755464426866,10.382669465406757,28.028405527024088,1.4999997803644058,0.2064128524494691
63.44755464426866,10.383312530748494,28.03716422834122,1.4999996660473383,0.20484507571568558
63.44755464426866,10.383955596090233,28.047971620465148,1.4999995149447511,0.20282953076759253
63.44755464426866,10.384598661431971,28.062471004545714,1.4999993091665336,0.20009582362193276
63.44755464426866,10.385241726773708,28.078675444635113,1.49999902227531,0.19702476026640767
63.44755464426866,10.385884792115448,28.085264465167967,1.4999986286158677,0.19576768706357148
63.44755464426866,10.389100118824137,28.051376578090824,1.499991053679776,0.2020696620607647
63.44755464426866,10.389743184165875,28.036811114503998,1.4999874043378543,0.2048058093776061
63.44755464426866,10.390386249507614,28.025379876311906,1.4999821740671548,0.20695568205711248
63.44755464426866,10.391029314849352,28.018162097581875,1.4999748983013763,0.20831971940252672
63.44755464426866,10.391672380191089,28.011744088648655,1.4999637623394302,0.20955744073438679
63.44755464426866,10.392315445532828,28.00652188079883,1.4999484273985277,0.21058019005127557
63.44755464426866,10.392958510874566,27.997929345719665,1.4999265442659482,0.21226592236294686
63.44755464426866,10.393601576216303,27.985508585923753,1.4998960077095544,0.21470774027813297
63.44755464426866,10.394244641558043,27.97501501392249,1.4998519794254088,0.2167564461211554
63.44755464426866,10.39488770689978,27.965845614030204,1.4997920978495825,0.21853274433613895
63.44755464426866,10.395530772241518,27.96140228910641,1.49970818678841,0.21936173327049113
63.44755464426866,10.396173837583255,27.958646748997445,1.4995874738299355,0.2198484175099482
63.44755464426866,10.396816902924995,27.954585479980352,1.4994206325291901,0.2206185083542736
63.44755464426866,10.397459968266732,27.950802147005334,1.4991936748111683,0.2213481375909482
63.44755464426866,10.39810303360847,27.94570056454672,1.4988836560801568,0.22233971300507058
63.44755464426866,10.398746098950209,27.941173232406534,1.4984327241340942,0.22315998635208703
63.44755464426866,10.399389164291946,27.934851047404138,1.4978313578354152,0.2242417724661033
63.44755464426866,10.400032229633684,27.932953918845364,1.4970224157694259,0.2244331683304967
63.44755464426866,10.400675294975423,27.937475115052656,1.4959299240836528,0.22335348812148711
63.44755464426866,10.40131836031716,27.946718093084264,1.4943727273696776,0.22137776231205106
63.44755464426866,10.401961425658898,27.95913935807717,1.492368537630271,0.21868989780296952
63.44755464426866,10.402604491000638,27.961547447569686,1.4897421845773118,0.21785795764334148
63.44755464426866,10.403247556342375,27.956970542824543,1.4861877004826887,0.21828090444961606
63.44755464426866,10.403890621684113,27.947458222355603,1.4813664679276246,0.21928389180472596
63.44755464426866,10.40453368702585,27.936106055819764,1.4754089004843158,0.22037295480365346
63.44755464426866,10.40517675236759,27.940538440412,1.4678519722564654,0.2179140958242904
63.44755464426866,10.405819817709327,27.9527595467721,1.457682143190308,0.21370331488074257
63.44755464426866,10.406462883051065,27.96149424673354,1.44509057831434,0.2104644257399331
63.44755464426866,10.407105948392804,27.957191304437902,1.4305385863093547,0.20952616909651792
63.44755464426866,10.407749013734541,27.924042012295438,1.4130704876124434,0.21435357969512867
63.44755464426866,10.408392079076279,27.889145801832363,1.3910706838533207,0.21728507120847487
63.44755464426866,10.409035144418018,27.84189475156377,1.3676194277781355,0.22088848238312142
63.44755464426866,10.409678209759756,27.800411681595893,1.3437316328076057,0.22438196898462354
63.44755464426866,10.410321275101493,27.776888006589417,1.3173543390500362,0.22178643215123123
63.44755464426866,10.41096434044323,27.683204947500617,1.294471039889257,0.24846033115239066
63.44755464426866,10.41160740578497,27.516903827236646,1.2776339277997688,0.29855540872343855
63.44755464426866,10.412250471126708,27.155469969220864,1.2690161864281166,0.3906166704928217
63.44755464426866,10.412893536468445,26.56514068321404,1.2714466133015283,0.5498445456175942
63.44755464426866,10.413536601810184,26.050906970906116,1.2857133064254298,0.5417769031500864
63.447803592806444,10.345692762699166,,,
63.447803592806444,10.346335833632235,28.797440278029374,1.5000000003472773,0.09181335017406261
63.447803592806444,10.346978904565304,28.774161628359217,1.5000000000273437,0.093630134301316
63.447803592806444,10.347621975498374,28.733587958475333,1.5000000000154836,0.09851095528612905
63.447803592806444,10.348265046431443,28.69243251854931,1.5000000000048326,0.1035765002367261
63.447803592806444,10.348908117364513,28.651940990359773,1.500000000001945,0.10858772508132272
63.447803592806444,10.34955118829758,28.61219171663712,1.5000000000011835,0.11360088429377899
63.447803592806444,10.35019425923065,28.571157338504975,1.5000000000002125,0.11889137355464652
63.447803592806444,10.350837330163719,28.530410823105946,1.5000000000002125,0.12435433035550214
63.447803592806444,10.351480401096788,28.489599219609666,1.5000000000000375,0.1300757566848809
63.447803592806444,10.352123472029858,28.45204526334838,1.4999999999999987,0.13544993415339857
63.447803592806444,10.352766542962927,28.41881109801317,1.4999999999999947,0.14030180958101976
63.447803592806444,10.353409613895996,28.394364286602034,1.4999999999999605,0.14385901051044017
63.447803592806444,10.354052684829066,28.37309831976853,1.4999999999999876,0.14703161986251265
63.447803592806444,10.354695755762135,28.353335553704596,1.4999999999999896,0.15011198703577625
63.447803592806444,10.355338826695203,28.330566480781634,1.4999999999999873,0.15378088611440408
63.447803592806444,10.355981897628272,28.297111009304707,1.4999999999999756,0.1592284110229432
63.447803592806444,10.356624968561341,28.258730939773994,1.4999999999999571,0.16555713754109666
63.447803592806444,10.35726803949441,28.21872429541031,1.4999999999999378,0.17222106933402062
63.447803592806444,10.35791111042748,28.180697359499785,1.499999999999903,0.17872250393367609
63.447803592806444,10.35855418136055,28.141857289780734,1.4999999999998561,0.18563872759075456
63.447803592806444,10.359197252293619,28.103652945374286,1.4999999999997895,0.19250409728200327
63.447803592806444,10.359840323226688,28.066858984317147,1.4999999999996956,0.19919395060740108
63.447803592806444,10.360483394159758,28.035573331035682,1.4999999999995377,0.20495110489703267
63.447803592806444,10.361126465092825,28.01112494111244,1.4999999999993094,0.20955355350128527
63.447803592806444,10.361769536025895,27.979412493386945,1.4999999999990148,0.21575351331275539
63.447803592806444,10.362412606958964,27.94724995868623,1.4999999999985563,0.22212508587159444
63.447803592806444,10.363055677892033,27.917452182815815,1.499999999997832,0.22802033451800469
63.447803592806444,10.363698748825103,27.89706874004746,1.4999999999967613,0.23210061626595135
63.447803592806444,10.364341819758172,27.88969608828877,1.4999999999954081,0.23367665700687223
63.447803592806444,10.364984890691241,27.88198245075873,1.4999999999931721,0.23538671945305828
63.447803592806444,10.36562796162431,27.865248862533672,1.4999999999898612,0.2389360370377484
63.447803592806444,10.366271032557378,27.841791970502943,1.499999999987417,0.24384625742835042
63.447803592806444,10.366914103490448,27.811708070090443,1.4999999999877578,0.2500779886167633
63.447803592806444,10.367557174423517,27.785101330685098,1.4999999999757019,0.2556651851856576
63.447803592806444,10.368200245356586,27.76045925945287,1.499999999953287,0.2610704465940325
63.447803592806444,10.368843316289656,27.746809735206874,1.4999999999613225,0.26410085473651435
63.447803592806444,10.369486387222725,27.74040131021239,1.4999999999859972,0.26552126541256654
63.447803592806444,10.370129458155795,27.737012981085407,1.499999999907736,0.2661418175131267
63.447803592806444,10.370772529088864,27.73813969760033,1.4999999997506506,0.26571029776282057
63.447803592806444,10.371415600021933,27.725118626376016,1.4999999995716304,0.2684928188251312
63.447803592806444,10.372058670955001,27.71112006586724,1.4999999994185982,0.27156712085831824
63.447803592806444,10.37270174188807,27.70231897901698,1.4999999992448614,0.2735883054739917
63.447803592806444,10.37334481282114,27.70579699675422,1.4999999991326798,0.2729230411617187
63.447803592806444,10.373987883754209,27.72885781746993,1.4999999995600561,0.2679887686382154
63.447803592806444,10.374630954687278,27.756131617932123,1.4999999991524484,0.2621314961323208
63.447803592806444,10.375274025620348,27.7826448841938,1.4999999974671316,0.25632830599701256
63.447803592806444,10.375917096553417,27.805748017981117,1.4999999942607336,0.25119002016336195
63.447803592806444,10.376560167486486,27.822584938481103,1.4999999909435242,0.2474973668697665
63.447803592806444,10.377203238419556,27.843319649382483,1.4999999876826262,0.24316428928656747
63.447803592806444,10.377846309352623,27.86666051375065,1.4999999850111656,0.23850008996258354
63.447803592806444,10.378489380285693,27.89947879181696,1.4999999835325766,0.23194325017063178
63.447803592806444,10.379132451218762,27.93743429574235,1.4999999799774903,0.2243675350346229
63.447803592806444,10.379775522151832,27.97333368229456,1.4999999658000218,0.2171990772314333
63.447803592806444,10.380418593084901,28.00833415749747,1.4999999399639108,0.2102379977418071
63.447803592806444,10.38106166401797,28.032828748621384,1.4999999119136822,0.2055096507042165
63.447803592806444,10.38170473495104,28.05036807950821,1.4999998723688093,0.20220257933378682
63.447803592806444,10.382347805884109,28.06087466088593,1.4999998072192358,0.20028952601429564
63.447803592806444,10.382990876817177,28.067556079739976,1.4999997100116773,0.1991383777421729
63.447803592806444,10.383633947750246,28.07503908997859,1.4999995809491247,0.19776341583975204
63.447803592806444,10.384277018683315,28.080622209202694,1.4999994045053602,0.1967108449063919
63.447803592806444,10.384920089616385,28.088739240824413,1.4999991572560518,0.19517114094160407
63.447803592806444,10.385563160549454,28.090656813035803,1.4999988375458206,0.1947895371772211
63.447803592806444,10.389421586147868,28.027070592602826,1.499988938172019,0.20666290633045403
63.447803592806444,10.390064657080938,28.01365457505664,1.4999843929378953,0.20919415799478855
63.447803592806444,10.390707728014007,28.004702963535003,1.499978069989242,0.21089421242793513
63.447803592806444,10.391350798947077,27.99681797465065,1.4999686078955095,0.2124199036085521
63.447803592806444,10.391993869880146,27.988557042613134,1.4999547281462233,0.21404640200693018
63.447803592806444,10.392636940813215,27.97863894953128,1.499935445840104,0.21601047782835703
63.447803592806444,10.393280011746285,27.96426110486933,1.4999090249618934,0.21885904540840145
63.447803592806444,10.393923082679354,27.95099363780927,1.499870090573933,0.22148271310220521
63.447803592806444,10.394566153612422,27.941046353193183,1.4998158530957744,0.22343639731281295
63.447803592806444,10.395209224545491,27.936003708563057,1.499740931991444,0.22440579657131926
63.447803592806444,10.39585229547856,27.9350582085874,1.4996364508502251,0.2245501193298601
63.447803592806444,10.39649536641163,27.932956227699627,1.499483852700201,0.22493182648873988
63.447803592806444,10.3971384373447,27.928940066916116,1.4992778499973778,0.2257161506031758
63.447803592806444,10.397781508277768,27.923548381135205,1.4989972353834984,0.22678255444971593
63.447803592806444,10.398424579210838,27.91775938915668,1.4986023123610803,0.2279005009790768
63.447803592806444,10.399067650143907,27.91336404469933,1.4980378246388453,0.22866253055943356
63.447803592806444,10.399710721076975,27.908973188588636,1.497291529875035,0.22933603740071554
63.447803592806444,10.400353792010044,27.910066982301323,1.4962911539181158,0.22890833025016238
63.447803592806444,10.400996862943114,27.9125034522322,1.4948848942640973,0.2282163996625312
63.447803592806444,10.401639933876183,27.917838686232965,1.4929528736121163,0.22698253445534808
63.447803592806444,10.402283004809252,27.919729587583152,1.490465480818796,0.22632996327219432
63.447803592806444,10.402926075742322,27.914695007557526,1.4871639345590177,0.22697012665182623
63.447803592806444,10.403569146675391,27.91005699451554,1.4825863898070566,0.22718817787241782
63.447803592806444,10.40421221760846,27.902729594885937,1.476621071017519,0.2274703384677852
63.447803592806444,10.40485528854153,27.905357156557095,1.4691790877151758,0.22530603469684568
63.447803592806444,10.405498359474597,27.918368016294927,1.4594260635575362,0.22061988603218435
63.447803592806444,10.406141430407667,27.923472932887744,1.4464686199725934,0.2178058860622401
63.447803592806444,10.406784501340736,27.91823320550347,1.4309555984646896,0.2173417783617097
63.447803592806444,10.407427572273805,27.885104456657047,1.4125684498351327,0.2226793911669436
63.447803592806444,10.408070643206875,27.841640896415555,1.3896092490129244,0.22910439222439136
63.447803592806444,10.408713714139944,27.805726148388732,1.3617388093959295,0.23046315023774158
63.447803592806444,10.409356785073014,27.765415720545448,1.3326866665946062,0.23120182596290254
63.447803592806444,10.409999856006083,27.749747273749307,1.30035966801097,0.22298885899363693
63.447803592806444,10.410642926939152,27.686596950152257,1.2685477132401444,0.23189852519453538
63.447803592806444,10.41128599787222,27.519740019247475,1.2427092226630942,0.2818232441570334
63.447803592806444,10.41192906880529,27.19931356979124,1.225555719316558,0.3746389334802817
63.447803592806444,10.412572139738359,26.619051719455012,1.2200509595964837,0.5550039161026947
63.447803592806444,10.413215210671428,25.959384490731818,1.228229036588341,0.7266698369946155
63.447803592806444,10.413858281604497,25.30213265486542,1.2517309515461301,0.6992591954617182
63.448052541344225,10.345370778870544,,,
63.448052541344225,10.346013855395054,28.837163818417118,1.5000000004327674,0.08772482157714588
63.448052541344225,10.346656931919563,28.800040854720233,1.499999999999678,0.09116834028864491
63.448052541344225,10.347300008444073,28.766941244148253,1.4999999999984395,0.09484514596997784
63.448052541344225,10.347943084968582,28.733763977276375,1.4999999999998528,0.09864563290985956
63.448052541344225,10.348586161493092,28.69905699974031,1.5000000000008624,0.1027647714328772
63.448052541344225,10.349229238017601,28.66222305278222,1.5000000000011764,0.10725216131641754
63.448052541344225,10.349872314542111,28.623275720638773,1.5000000000008769,0.11210970472699336
63.448052541344225,10.35051539106662,28.58278546414886,1.5000000000002955,0.1173171789042713
63.448052541344225,10.35115846759113,28.541691557599563,1.4999999999999756,0.12281080085532697
63.448052541344225,10.35180154411564,28.501825341457334,1.4999999999999194,0.12833270462285845
63.448052541344225,10.35244462064015,28.464615816164677,1.4999999999999398,0.1336205241026292
63.448052541344225,10.353087697164659,28.431994511383195,1.4999999999999822,0.13833030035169291
63.448052541344225,10.353730773689168,28.405992985412905,1.499999999999998,0.14210425130640877
63.448052541344225,10.354373850213678,28.384512536603626,1.4999999999999991,0.14529914221735984
63.448052541344225,10.35501692673819,28.363380551392353,1.4999999999999898,0.14856168105966308
63.448052541344225,10.355660003262699,28.33798061833927,1.4999999999999765,0.1526015540118044
63.448052541344225,10.356303079787208,28.30453950454429,1.4999999999999616,0.1579918717378168
63.448052541344225,10.356946156311718,28.26759757095201,1.4999999999999458,0.16400754389927327
63.448052541344225,10.357589232836228,28.229431351071433,1.4999999999999207,0.1703357911341184
63.448052541344225,10.358232309360737,28.192441664891998,1.499999999999879,0.17664870263790833
63.448052541344225,10.358875385885247,28.156145557173936,1.4999999999998246,0.1830215671672134
63.448052541344225,10.359518462409756,28.119849281666873,1.4999999999997475,0.18950110191480876
63.448052541344225,10.360161538934266,28.084764925147017,1.4999999999996214,0.19586666434727437
63.448052541344225,10.360804615458775,28.052877983544512,1.4999999999994216,0.20175007331208916
63.448052541344225,10.361447691983285,28.019642017056295,1.4999999999991764,0.20807540377125236
63.448052541344225,10.362090768507795,27.986792972936463,1.4999999999988074,0.21444271785649804
63.448052541344225,10.362733845032304,27.958072132417993,1.499999999998202,0.22005059554183806
63.448052541344225,10.363376921556814,27.937178395536947,1.499999999997292,0.22411457152206873
63.448052541344225,10.364019998081323,27.92889583757557,1.4999999999961573,0.22573611072542266
63.448052541344225,10.364663074605833,27.925749081572427,1.4999999999943803,0.22640155920026514
63.448052541344225,10.365306151130342,27.919231704712796,1.4999999999914901,0.22779324136178028
63.448052541344225,10.365949227654852,27.901915436007823,1.499999999989614,0.23136661668014094
63.448052541344225,10.366592304179362,27.8766362346704,1.4999999999903992,0.23652773812669006
63.448052541344225,10.367235380703871,27.84948616257206,1.4999999999841687,0.2420904842260669
63.448052541344225,10.36787845722838,27.826703682534607,1.4999999999615077,0.24684407880405315
63.448052541344225,10.36852153375289,27.81255104433312,1.49999999996658,0.24987568308837968
63.448052541344225,10.3691646102774,27.80442661672305,1.49999999999621,0.25162752457987414
63.448052541344225,10.36980768680191,27.797967691851436,1.4999999999624987,0.2529917606371287
63.448052541344225,10.370450763326419,27.79017373930709,1.4999999997909366,0.25455380633847136
63.448052541344225,10.371093839850928,27.775130492497325,1.4999999996222728,0.257720382412966
63.448052541344225,10.371736916375438,27.75854566463238,1.499999999501221,0.26129285502350447
63.448052541344225,10.372379992899948,27.74789479721152,1.4999999993673923,0.26364145797093863
63.448052541344225,10.373023069424457,27.74990999277487,1.4999999992787172,0.26328904027046024
63.448052541344225,10.373666145948969,27.76910928460273,1.499999999604176,0.2592198130591462
63.448052541344225,10.374309222473478,27.797291901750455,1.4999999994870226,0.25320215732198026
63.448052541344225,10.374952298997988,27.825782488600737,1.4999999980108707,0.2470987181219031
63.448052541344225,10.375595375522497,27.847663667426136,1.4999999950254208,0.24238070915833043
63.448052541344225,10.376238452047007,27.863845390080325,1.4999999922864395,0.2389360797734492
63.448052541344225,10.376881528571516,27.880216395756086,1.4999999897948948,0.2355765637604507
63.448052541344225,10.377524605096026,27.902474257467468,1.4999999873201941,0.23115477400188156
63.448052541344225,10.378167681620535,27.933642459644005,1.4999999860508797,0.22502509938346169
63.448052541344225,10.378810758145045,27.970358568082148,1.4999999823161685,0.21780968125139222
63.448052541344225,10.379453834669555,28.007045478023965,1.499999970600815,0.2106194269120424
63.448052541344225,10.380096911194064,28.03895770210332,1.4999999462148719,0.20439686456644407
63.448052541344225,10.380739987718574,28.0629558269538,1.4999999219586029,0.19982565574332486
63.448052541344225,10.381383064243083,28.07996100329609,1.4999998921098803,0.19667746992438895
63.448052541344225,10.382026140767593,28.091625831458227,1.4999998397469747,0.19457797352991665
63.448052541344225,10.382669217292102,28.099236102600546,1.4999997523606914,0.19323918794126468
63.448052541344225,10.383312293816612,28.10410034341621,1.4999996377345406,0.19236400310549645
63.448052541344225,10.383955370341122,28.105785175709677,1.4999994828239671,0.19204151072987688
63.448052541344225,10.384598446865631,28.104589562196164,1.4999992675578289,0.19224060067052132
63.448052541344225,10.389099982537198,28.01741236875189,1.4999905888179177,0.20853089016843268
63.448052541344225,10.389743059061708,28.00368491580773,1.499986504361431,0.21112905650579017
63.448052541344225,10.390386135586217,27.992757698375925,1.4999809568425677,0.21321368273697047
63.448052541344225,10.391029212110727,27.983336013811325,1.4999727437879502,0.215041687168378
63.448052541344225,10.391672288635236,27.973471968313163,1.4999607233113832,0.21698760222860497
63.448052541344225,10.392315365159748,27.961368240617084,1.4999438539093743,0.2193958108370096
63.448052541344225,10.392958441684257,27.946076085894372,1.4999205754775191,0.22244162470499101
63.448052541344225,10.393601518208767,27.930760198131935,1.4998868751739327,0.22549085258256832
63.448052541344225,10.394244594733276,27.918513436243497,1.4998387426045912,0.22792417067188542
63.448052541344225,10.394887671257786,27.91174448493057,1.499772588648002,0.22925725942226768
63.448052541344225,10.395530747782296,27.909622926646538,1.4996796352187078,0.229658105372681
63.448052541344225,10.396173824306805,27.9090235854204,1.4995466574565102,0.22975935480295492
63.448052541344225,10.396816900831315,27.906782429131674,1.4993608502310778,0.23020040534456707
63.448052541344225,10.397459977355824,27.901910369728853,1.499109358860088,0.23117916924074472
63.448052541344225,10.398103053880334,27.89629903660244,1.4987550829232301,0.23228662015642385
63.448052541344225,10.398746130404843,27.89125394347235,1.498255889757859,0.23323084913397263
63.448052541344225,10.399389206929353,27.88791794393069,1.4975718062800665,0.23375235497999125
63.448052541344225,10.400032283453863,27.887092151321227,1.4966544391669563,0.23372174208408908
63.448052541344225,10.400675359978372,27.886762823505084,1.4953777541404527,0.23357326635062842
63.448052541344225,10.401318436502882,27.88568821153166,1.4936208378018503,0.23357620717660205
63.448052541344225,10.401961513027391,27.88303396808919,1.491280897557591,0.23391020468862378
63.448052541344225,10.4026045895519,27.877032687651642,1.4881691187845658,0.23483152302368454
63.448052541344225,10.40324766607641,27.87106763291844,1.4839397679759898,0.23547630236249667
63.448052541344225,10.40389074260092,27.86801730081176,1.478277514219738,0.235091095780614
63.448052541344225,10.40453381912543,27.87129471651889,1.470970644325629,0.23284346726692035
63.448052541344225,10.405176895649939,27.881270151927374,1.46144919414144,0.22882053614675693
63.448052541344225,10.405819972174449,27.88676910638334,1.4490624422349725,0.22569643077786364
63.448052541344225,10.406463048698958,27.878086831571924,1.4332351014231361,0.22583381823089685
63.448052541344225,10.407106125223468,27.84746048711859,1.4138784878828532,0.23097722860592887
63.448052541344225,10.407749201747977,27.803144532427716,1.389973607600959,0.23821351471779842
63.448052541344225,10.408392278272487,27.7589064710099,1.3610348013803477,0.2429760817255058
63.448052541344225,10.409035354796996,27.726721343091704,1.3269749158839128,0.2412813648248157
63.448052541344225,10.409678431321506,27.71453691647777,1.2886567044186115,0.23095887749460944
63.448052541344225,10.410321507846016,27.671952776418845,1.2494740301208405,0.23147401646169538
63.448052541344225,10.410964584370527,27.541700540459786,1.21383370543692,0.2644925331010897
63.448052541344225,10.411607660895037,27.26439905518685,1.186237469870908,0.35131639226029104
63.448052541344225,10.412250737419546,26.792256642276143,1.1720358332356091,0.5012665436114007
63.448052541344225,10.412893813944056,26.171710196516795,1.1719428353666403,0.6823265237107594
63.448052541344225,10.413536890468565,25.44768123932118,1.1851623844477002,0.8632066979278009
63.448052541344225,10.414179966993075,24.67489656560278,1.2109714079110312,0.9018949038862298
63.448052541344225,10.414823043517584,23.96457506064859,1.2380634548612934,0.7789872132238422
63.448301489882006,10.344405707325597,,,
63.448301489882006,10.345048789441657,,,
63.448301489882006,10.345691871557715,28.880933894269077,1.50000000051233,0.08336345629324693
63.448301489882006,10.346334953673775,28.834491944536865,1.4999999999955758,0.08749896284375021
63.448301489882006,10.346978035789835,28.801890921399142,1.4999999999938183,0.09098665499816655
63.448301489882006,10.347621117905895,28.770625260247236,1.4999999999951397,0.09441204061094358
63.448301489882006,10.348264200021953,28.738776211686716,1.4999999999973515,0.09803105068704626
63.448301489882006,10.348907282138013,28.706976687803472,1.4999999999985232,0.10179167243622951
63.448301489882006,10.349550364254073,28.670998975697366,1.4999999999994253,0.10612585711442415
63.448301489882006,10.350193446370133,28.632877511536847,1.4999999999998046,0.11084996634972716
63.448301489882006,10.350836528486191,28.59310532997961,1.5000000000000007,0.1159563034951815
63.448301489882006,10.35147961060225,28.55232565127644,1.49999999999994,0.12138671842001751
63.448301489882006,10.35212269271831,28.51217296702154,1.4999999999999323,0.12693894534824762
63.448301489882006,10.35276577483437,28.475517466551988,1.4999999999999734,0.13210360137337673
63.448301489882006,10.353408856950429,28.443830830761645,1.499999999999991,0.13659108181443821
63.448301489882006,10.354051939066489,28.416981866853625,1.5,0.14044953027561352
63.448301489882006,10.354695021182549,28.39483111907094,1.4999999999999942,0.14371905276647876
63.448301489882006,10.355338103298608,28.370758003248557,1.4999999999999813,0.1474062202580518
63.448301489882006,10.355981185414667,28.340165709456222,1.499999999999967,0.15223589009381236
63.448301489882006,10.356624267530727,28.305907562297158,1.4999999999999523,0.15768876126920534
63.448301489882006,10.357267349646786,28.27043460972491,1.4999999999999325,0.16341246140807203
63.448301489882006,10.357910431762846,28.235616455070957,1.4999999999998992,0.1691763283542379
63.448301489882006,10.358553513878904,28.20543693934534,1.4999999999998488,0.1743766579550606
63.448301489882006,10.359196595994964,28.17136141626478,1.4999999999997842,0.18034593350866784
63.448301489882006,10.359839678111024,28.137326438821823,1.4999999999996847,0.18640891707481994
63.448301489882006,10.360482760227084,28.10478070124231,1.4999999999995197,0.19228930375184536
63.448301489882006,10.361125842343142,28.07480416851169,1.4999999999992868,0.19777609400427856
63.448301489882006,10.361768924459202,28.04158397617724,1.4999999999989866,0.20406331871229694
63.448301489882006,10.362412006575262,28.01035923606198,1.4999999999985063,0.2100427763624381
63.448301489882006,10.363055088691322,27.98360379019636,1.499999999997736,0.21513348299218824
63.448301489882006,10.36369817080738,27.968464977793584,1.499999999996678,0.21795106659144273
63.448301489882006,10.36434125292344,27.965636684187075,1.499999999995251,0.21842749370848663
63.448301489882006,10.3649843350395,27.963618876978305,1.4999999999929388,0.21880657255094832
63.448301489882006,10.36562741715556,27.953658304840364,1.499999999990515,0.22085253703595162
63.448301489882006,10.36627049927162,27.935016263812074,1.4999999999884484,0.2245950988597771
63.448301489882006,10.366913581387678,27.911303323001686,1.4999999999851046,0.22935468858603472
63.448301489882006,10.367556663503738,27.889403657674965,1.499999999969255,0.23379816187083732
63.448301489882006,10.368199745619798,27.87599180892352,1.4999999999541724,0.23663337858785452
63.448301489882006,10.368842827735858,27.865919384340305,1.4999999999641185,0.23876991760950228
63.448301489882006,10.369485909851916,27.859187329598758,1.4999999999570073,0.2401764541543897
63.448301489882006,10.370128991967976,27.850675299857375,1.4999999998309819,0.24188043449048782
63.448301489882006,10.370772074084035,27.836876294746002,1.4999999996619173,0.24463833156864628
63.448301489882006,10.371415156200095,27.818898508088843,1.49999999955779,0.24844288222999497
63.448301489882006,10.372058238316153,27.80302067778316,1.4999999994717894,0.2518624196078471
63.448301489882006,10.372701320432213,27.798639446714404,1.4999999994327982,0.2528732830331524
63.448301489882006,10.373344402548273,27.809507087983786,1.4999999993786965,0.25060510675262043
63.448301489882006,10.373987484664333,27.83476488446791,1.49999999925662,0.24526284757577005
63.448301489882006,10.374630566780391,27.864495441310453,1.4999999982056917,0.23894513205075188
63.448301489882006,10.375273648896451,27.887367601686297,1.4999999952346719,0.2341252335966663
63.448301489882006,10.375916731012511,27.90460576976125,1.4999999929987062,0.23054751470279733
63.448301489882006,10.376559813128571,27.91933633520158,1.499999991416682,0.22760569707928435
63.448301489882006,10.37720289524463,27.937885322327205,1.4999999900850354,0.22401501454740175
63.448301489882006,10.377845977360689,27.96758030415628,1.4999999910423853,0.21828691086062083
63.448301489882006,10.378489059476749,28.002194224323866,1.4999999852607087,0.21161092578640286
63.448301489882006,10.379132141592809,28.03939888538579,1.49999997358392,0.20444000659978492
63.448301489882006,10.379775223708867,28.072638697698558,1.499999948275678,0.19808421035999974
63.448301489882006,10.380418305824927,28.095494341395103,1.4999999136060538,0.19373227921420808
63.448301489882006,10.381061387940987,28.112224884202092,1.4999998932763383,0.19065651539818573
63.448301489882006,10.381704470057047,28.122899437419118,1.4999998595151214,0.1887977833065866
63.448301489882006,10.382347552173105,28.128590055115406,1.4999997985005817,0.1878246186143345
63.448301489882006,10.382990634289165,28.129939780155407,1.4999997051072882,0.18759024388805934
63.448301489882006,10.383633716405225,28.12807735877759,1.4999995707546023,0.1879159646556193
63.448301489882006,10.384276798521284,28.12441710418412,1.4999993731307808,0.1885980160423959
63.448301489882006,10.38942145544976,27.995567809394345,1.4999884644905552,0.2127369725704193
63.448301489882006,10.39006453756582,27.98198380998288,1.4999836134077176,0.21533270285306885
63.448301489882006,10.390707619681878,27.97059132228847,1.49997647619342,0.2175520892117829
63.448301489882006,10.391350701797938,27.95967859927518,1.4999661053720943,0.21971239246957316
63.448301489882006,10.391993783913998,27.946707588477707,1.499951329025084,0.22230310651059573
63.448301489882006,10.392636866030058,27.93187244301588,1.4999305929726607,0.22527526155456853
63.448301489882006,10.393279948146116,27.91532332463865,1.4999016327214576,0.22858669349849822
63.448301489882006,10.393923030262176,27.90037658940715,1.499860191169505,0.23157559650554116
63.448301489882006,10.394566112378236,27.891150413005203,1.4998016807638486,0.23341733218282357
63.448301489882006,10.395209194494296,27.88662709171579,1.4997188573794138,0.23432629964338236
63.448301489882006,10.395852276610354,27.885409237968027,1.4996032971354,0.23457172427054057
63.448301489882006,10.396495358726414,27.883870905515668,1.4994406736234114,0.23488862681964132
63.448301489882006,10.397138440842474,27.878479234911435,1.499213428052289,0.2359908665775342
63.448301489882006,10.397781522958534,27.873389070239753,1.4988975764598482,0.2370166873729688
63.448301489882006,10.398424605074592,27.86844820023709,1.4984587206193125,0.23797701299396387
63.448301489882006,10.399067687190652,27.86555732351601,1.4978500378715354,0.2384516515143744
63.448301489882006,10.399710769306711,27.864760426630916,1.4970065393248018,0.23842935072330732
63.448301489882006,10.400353851422771,27.862354815722835,1.4958550173956584,0.23871483731444448
63.448301489882006,10.40099693353883,27.85972521654092,1.4942842314017288,0.23903705082885507
63.448301489882006,10.40164001565489,27.854028490511435,1.4921548990210465,0.24000974194635816
63.448301489882006,10.40228309777095,27.846456374360077,1.4892257050163937,0.2413047158878552
63.448301489882006,10.40292617988701,27.838830807338102,1.4853253259464418,0.24241956764124745
63.448301489882006,10.403569262003067,27.83284302605128,1.4801450182244422,0.2428437153221689
63.448301489882006,10.404212344119127,27.832929483323248,1.47326481982022,0.2414728980723771
63.448301489882006,10.404855426235187,27.835199594879235,1.4640187871032198,0.23930079583133285
63.448301489882006,10.405498508351247,27.83954813176436,1.4521744710051387,0.23642903847784769
63.448301489882006,10.406141590467305,27.833773546007365,1.4371390410768385,0.23582319034759924
63.448301489882006,10.406784672583365,27.805536713401924,1.417719016396862,0.24019817937113475
63.448301489882006,10.407427754699425,27.762864930528817,1.3929767765135495,0.24732513849628518
63.448301489882006,10.408070836815485,27.713929807014857,1.3633592738895879,0.25422225211836474
63.448301489882006,10.408713918931543,27.675917516329296,1.3283945317091341,0.255345204630714
63.448301489882006,10.409357001047603,27.644299958808965,1.2858195412918234,0.2527006611259183
63.448301489882006,10.410000083163663,27.614531320986053,1.239596538858138,0.24915551597093177
63.448301489882006,10.410643165279723,27.52682333211739,1.1947052677689454,0.2668986561556894
63.448301489882006,10.41128624739578,27.318565470826204,1.1554099075009179,0.3308812809687003
63.448301489882006,10.41192932951184,26.968784793300664,1.1264872249406812,0.4455026749584951
63.448301489882006,10.4125724116279,26.442738320922317,1.1170634332450127,0.6082423732997116
63.448301489882006,10.41321549374396,25.791132196553594,1.1217185896497825,0.7860521307220579
63.448301489882006,10.41385857586002,25.095365115593186,1.145635063869257,0.9371104159338816
63.448301489882006,10.414501657976079,24.211748251839822,1.1708483286322817,1.03769713601577
63.448301489882006,10.415144740092138,23.264758381653696,1.2062606213244003,0.9201884679348227
63.448301489882006,10.415787822208198,22.50355974481509,1.2263025750930152,0.8713640830679076
63.448301489882006,10.416430904324258,21.402898768904535,1.2461609059432504,0.8660359831485641
63.448301489882006,10.418360150672436,23.72134856756241,1.3003986971666672,0.617176604067128
63.44855043841979,10.34408370670462,,,
63.44855043841979,10.344726794412338,,,
63.44855043841979,10.345369882120057,,,
63.44855043841979,10.346012969827775,28.871250900802924,1.4999999999663867,0.08354581506557739
63.44855043841979,10.346656057535494,28.834840862228607,1.4999999999953455,0.08747917732938477
63.44855043841979,10.347299145243213,28.802741345908288,1.4999999999950024,0.09088109188088633
63.44855043841979,10.347942232950933,28.772423160026708,1.4999999999960447,0.09417630474087013
63.44855043841979,10.348585320658652,28.74430676268314,1.4999999999963358,0.09736972399940852
63.44855043841979,10.34922840836637,28.715132157878074,1.49999999999814,0.10081926006085346
63.44855043841979,10.349871496074089,28.679989821909935,1.499999999999317,0.10503178664008389
63.44855043841979,10.350514583781807,28.64192442027699,1.4999999999999374,0.10973592173478439
63.44855043841979,10.351157671489526,28.601211931362513,1.5000000000000406,0.11491368030943247
63.44855043841979,10.351800759197245,28.5617586005476,1.4999999999999774,0.12014162634263265
63.44855043841979,10.352443846904963,28.522750608144218,1.4999999999999838,0.12550516890967425
63.44855043841979,10.353086934612682,28.487658830325614,1.4999999999999698,0.13035964502460815
63.44855043841979,10.3537300223204,28.454197049435077,1.4999999999999867,0.1350558419168601
63.44855043841979,10.354373110028119,28.42536983759745,1.499999999999993,0.13918816882047305
63.44855043841979,10.355016197735837,28.40083018361533,1.4999999999999858,0.14280148300466855
63.44855043841979,10.355659285443556,28.37120670472816,1.4999999999999782,0.14734881234275166
63.44855043841979,10.356302373151275,28.33685817967802,1.4999999999999611,0.1527524893644568
63.44855043841979,10.356945460858993,28.3024477680558,1.4999999999999425,0.1581847367465536
63.44855043841979,10.357588548566712,28.27053072711499,1.499999999999916,0.16331071322918184
63.44855043841979,10.35823163627443,28.245989714164082,1.4999999999998763,0.16742639457699288
63.44855043841979,10.358874723982149,28.221560340492502,1.499999999999817,0.17164811774019847
63.44855043841979,10.359517811689868,28.191065000343535,1.4999999999997358,0.1769772811851997
63.44855043841979,10.360160899397588,28.160020001481907,1.4999999999996005,0.1824673607246053
63.44855043841979,10.360803987105307,28.131054119276904,1.4999999999994218,0.1875782182289164
63.44855043841979,10.361447074813025,28.104150895377877,1.4999999999991358,0.19244192477777702
63.44855043841979,10.362090162520744,28.07283878464136,1.4999999999987514,0.19831375398065762
63.44855043841979,10.362733250228462,28.04297678646286,1.4999999999981155,0.2039025616666854
63.44855043841979,10.363376337936181,28.01727068462842,1.4999999999972748,0.20862752212533123
63.44855043841979,10.3640194256439,28.005341801828877,1.4999999999959546,0.21074054815442259
63.44855043841979,10.364662513351618,28.00399462589075,1.4999999999941116,0.2108793550587432
63.44855043841979,10.365305601059337,27.996689469764053,1.4999999999928182,0.21232495481448252
63.44855043841979,10.365948688767055,27.985217930543666,1.4999999999916498,0.21463020294236654
63.44855043841979,10.366591776474774,27.966900992051706,1.499999999985706,0.21823111514065396
63.44855043841979,10.367234864182493,27.94760772452316,1.499999999973503,0.22204436053524504
63.44855043841979,10.367877951890211,27.937789087125246,1.4999999999824074,0.22406073112782948
63.44855043841979,10.36852103959793,27.930601076696803,1.499999999973311,0.22561379395984266
63.44855043841979,10.369164127305648,27.923651697505257,1.499999999952752,0.2270661885384298
63.44855043841979,10.369807215013367,27.91487809191639,1.4999999998470157,0.22880668374961305
63.44855043841979,10.370450302721085,27.898055687765066,1.499999999722536,0.23207601863137872
63.44855043841979,10.371093390428804,27.882726322635758,1.499999999610282,0.23512405829244618
63.44855043841979,10.371736478136524,27.864886964583672,1.4999999995472264,0.23889284907806405
63.44855043841979,10.372379565844243,27.85647222469069,1.4999999995500466,0.24073436430428416
63.44855043841979,10.373022653551962,27.861400009029058,1.4999999999798412,0.23976222289465682
63.44855043841979,10.37366574125968,27.87681107389501,1.4999999994399975,0.23652048252664823
63.44855043841979,10.374308828967399,27.90395428130409,1.4999999984506862,0.23081540773672454
63.44855043841979,10.374951916675117,27.92520977426285,1.499999995544681,0.22642588460166285
63.44855043841979,10.375595004382836,27.9413157010022,1.4999999926247112,0.2231487266703331
63.44855043841979,10.376238092090555,27.956195474702472,1.4999999915227915,0.22022752829954276
63.44855043841979,10.376881179798273,27.97299649129954,1.499999991470051,0.21705266091101233
63.44855043841979,10.377524267505992,28.00292848710866,1.4999999974183504,0.21136183423359367
63.44855043841979,10.37816735521371,28.038095022965287,1.499999997210248,0.2047240011095113
63.44855043841979,10.378810442921429,28.074777145802727,1.499999983715833,0.1978056090557015
63.44855043841979,10.379453530629148,28.10882364561913,1.4999999552861005,0.19144837379595908
63.44855043841979,10.380096618336866,28.131003510126707,1.499999905960937,0.1873707973764852
63.44855043841979,10.380739706044585,28.144630223967955,1.4999998786441195,0.18481533550509768
63.44855043841979,10.381382793752303,28.154112095119025,1.4999998668234444,0.18317672852424643
63.44855043841979,10.382025881460022,28.15753325648899,1.499999838186303,0.18260195302253562
63.44855043841979,10.38266896916774,28.155522643155997,1.4999997752246474,0.18295795098362025
63.44855043841979,10.383312056875459,28.15255039064707,1.4999996595198979,0.1835283338510328
63.44855043841979,10.389099846244928,27.991874234709535,1.49999005488977,0.21352104614189837
63.44855043841979,10.389742933952647,27.97300136686516,1.4999861798385228,0.21710571569316642
63.44855043841979,10.390386021660365,27.96044883463314,1.4999800722030014,0.2195566788255281
63.44855043841979,10.391029109368084,27.947822568383838,1.4999710193481413,0.2220714284463718
63.44855043841979,10.391672197075803,27.93350885750196,1.4999579519321344,0.22494634900011695
63.44855043841979,10.392315284783521,27.917395189736972,1.499940720322224,0.22818968090814176
63.44855043841979,10.39295837249124,27.901896583523857,1.4999152439913215,0.23131331684487713
63.44855043841979,10.393601460198958,27.885698405094317,1.4998800551626834,0.2345690866480738
63.44855043841979,10.394244547906677,27.875023918460403,1.4998294431391492,0.23671368508596424
63.44855043841979,10.394887635614396,27.86854430869319,1.4997581747141382,0.23803184892608012
63.44855043841979,10.395530723322116,27.864687083931898,1.4996569901132522,0.23883759544528788
63.44855043841979,10.396173811029835,27.862307744484664,1.4995164820660756,0.23934273082777274
63.44855043841979,10.396816898737553,27.855359151355948,1.4993207358567728,0.24078281349020805
63.44855043841979,10.397459986445272,27.84821085348984,1.499041157696882,0.24225024194650174
63.44855043841979,10.39810307415299,27.84328033834951,1.4986576074986688,0.24323529062277238
63.44855043841979,10.398746161860709,27.841006544197338,1.4981227255236484,0.2436164782926809
63.44855043841979,10.399389249568427,27.844032305676425,1.4973935249938426,0.24282336770720717
63.44855043841979,10.400032337276146,27.843290357561877,1.496355923153773,0.24279190940407233
63.44855043841979,10.400675424983865,27.839430924892135,1.494967353672689,0.243383223805949
63.44855043841979,10.401318512691583,27.83208058010382,1.4930631391339722,0.2447120990665773
63.44855043841979,10.401961600399302,27.818319722967203,1.4904924461481752,0.24737951308971762
63.44855043841979,10.40260468810702,27.80848674517575,1.48691480316443,0.24902129595868067
63.44855043841979,10.403247775814739,27.800471609845225,1.4822267591848481,0.2500291247786121
63.44855043841979,10.403890863522458,27.799359199419325,1.4759699365008072,0.2490720760633027
63.44855043841979,10.404533951230176,27.79848885827771,1.4675965010480236,0.24778439634264332
63.44855043841979,10.405177038937895,27.794022243432025,1.4564634845522806,0.24711312850879352
63.44855043841979,10.405820126645613,27.787201243125843,1.4423587991086468,0.2468044593536899
63.44855043841979,10.406463214353332,27.757114362479914,1.424282172813745,0.2518798510944734
63.44855043841979,10.40710630206105,27.714529586567654,1.4005548507307868,0.25873110116456627
63.44855043841979,10.407749389768771,27.665017312505324,1.3709155942909195,0.266219735867105
63.44855043841979,10.40839247747649,27.624778168336164,1.335992120792651,0.26907484569999396
63.44855043841979,10.409035565184208,27.596493689462363,1.292556514120474,0.2654483890193788
63.44855043841979,10.409678652891927,27.542581217139784,1.2422350603992178,0.2717324186990554
63.44855043841979,10.410321740599645,27.48014374064767,1.1895349110463946,0.2814197777332109
63.44855043841979,10.410964828307364,27.318811694794466,1.1415881213782344,0.32977714390884877
63.44855043841979,10.411607916015083,27.051809066855533,1.092826873024914,0.42208612044562527
63.44855043841979,10.412251003722801,26.66704979192206,1.0645266575418082,0.5491462290358695
63.44855043841979,10.41289409143052,26.116408616212713,1.0594998401130744,0.7132319643518313
63.44855043841979,10.413537179138238,25.521648377050216,1.078007312640153,0.8551649689155045
63.44855043841979,10.414180266845957,24.905095987242778,1.113189912768612,0.968731884906764
63.44855043841979,10.414823354553675,24.02884372379731,1.1373915509126795,1.0597358609879701
63.44855043841979,10.415466442261394,22.916145632491954,1.166335954281548,1.0667641713419331
63.44855043841979,10.416109529969113,21.94909307831397,1.1991713542582534,0.9445728898427797
63.44855043841979,10.416752617676831,20.89562489131436,1.2210646259772333,0.9351672230209895
63.44855043841979,10.41739570538455,19.75583981755529,1.243965760469563,0.9288161234790111
63.44855043841979,10.418038793092268,17.886599756996617,1.2772870179021638,0.9337639949812472
63.44855043841979,10.418681880799987,20.91985996372435,1.288887424772674,0.743819131624676
63.448799386957575,10.344404793782427,,,
63.448799386957575,10.345047887081915,,,
63.448799386957575,10.345690980381402,28.916117066437206,1.4999999999834175,0.0791804593305249
63.448799386957575,10.346334073680888,28.871965159184356,1.4999999999903473,0.08363520204169406
63.448799386957575,10.346977166980375,28.83465460338048,1.4999999999981388,0.08750780952473633
63.448799386957575,10.347620260279863,28.803318359735144,1.499999999997051,0.09079449276841259
63.448799386957575,10.34826335357935,28.775651084292083,1.4999999999960631,0.09379897290036548
63.448799386957575,10.348906446878837,28.750546345438664,1.4999999999972813,0.09665895695087104
63.448799386957575,10.349549540178325,28.72148754072257,1.4999999999989564,0.1000802217665288
63.448799386957575,10.350192633477812,28.686185945250315,1.4999999999999132,0.10430522571654824
63.448799386957575,10.3508357267773,28.64747019186538,1.5000000000001767,0.10907037513844278
63.448799386957575,10.351478820076787,28.607701983015893,1.5000000000001026,0.11408764774209078
63.448799386957575,10.352121913376275,28.56980613549041,1.5000000000000073,0.1190752013445307
63.448799386957575,10.352765006675762,28.533308932238747,1.499999999999955,0.12401037926438557
63.448799386957575,10.35340809997525,28.49800447665909,1.499999999999949,0.12885533244921946
63.448799386957575,10.354051193274737,28.46338398409218,1.4999999999999787,0.13371545133965088
63.448799386957575,10.354694286574222,28.4328274511337,1.4999999999999873,0.13809743486379075
63.448799386957575,10.35533737987371,28.401914349387056,1.4999999999999882,0.14269635207706932
63.448799386957575,10.355980473173197,28.367266983052343,1.4999999999999765,0.14802266852222198
63.448799386957575,10.356623566472685,28.33376422721896,1.4999999999999538,0.1532521594048819
63.448799386957575,10.357266659772172,28.302499247524427,1.4999999999999298,0.15815156118933618
63.448799386957575,10.35790975307166,28.279201112006213,1.499999999999897,0.1619122058556538
63.448799386957575,10.358552846371147,28.260641505516237,1.499999999999853,0.16502408090016865
63.448799386957575,10.359195939670634,28.239874233812987,1.4999999999997784,0.1685816747060099
63.448799386957575,10.359839032970122,28.213298724867954,1.4999999999996676,0.1731791034624064
63.448799386957575,10.36048212626961,28.18758950360317,1.4999999999995253,0.17760069752618352
63.448799386957575,10.361125219569097,28.161667621801243,1.4999999999993057,0.18208881876282546
63.448799386957575,10.361768312868584,28.136198681778076,1.4999999999989497,0.18664333867893992
63.448799386957575,10.362411406168071,28.107270523055266,1.4999999999984348,0.1919538768326073
63.448799386957575,10.363054499467559,28.07993996343457,1.4999999999977716,0.1969089424532241
63.448799386957575,10.363697592767044,28.056630746977255,1.499999999996708,0.20112572684320712
63.448799386957575,10.364340686066532,28.0463126113166,1.49999999999507,0.20290301864149377
63.448799386957575,10.36498377936602,28.03829210740367,1.4999999999943925,0.20438172390809428
63.448799386957575,10.365626872665507,28.028429400668543,1.4999999999959404,0.20630164028019607
63.448799386957575,10.366269965964994,28.01765250980717,1.4999999999904634,0.2084037562828344
63.448799386957575,10.366913059264482,28.002425008630162,1.4999999999769285,0.21132963940497865
63.448799386957575,10.367556152563969,27.99432027263932,1.4999999999904428,0.21291054492368086
63.448799386957575,10.368199245863456,27.990938256976477,1.5000000000199232,0.21362218783135198
63.448799386957575,10.368842339162944,27.9862374779609,1.499999999970324,0.21461840879404803
63.448799386957575,10.369485432462431,27.97875285629076,1.499999999860004,0.21610709234082334
63.448799386957575,10.370128525761919,27.963124966088152,1.4999999997500457,0.21912487733623753
63.448799386957575,10.370771619061406,27.94482483683074,1.4999999996834747,0.22265321526797846
63.448799386957575,10.371414712360894,27.930283823603137,1.4999999996074724,0.22553720909624883
63.448799386957575,10.372057805660381,27.919724242325778,1.49999999964039,0.22775581683278381
63.448799386957575,10.372700898959867,27.921728397064978,1.5000000002581033,0.2273798073520859
63.448799386957575,10.373343992259354,27.93050430624651,1.500000000206098,0.22563264758531276
63.448799386957575,10.373987085558841,27.947681555742406,1.4999999987971642,0.22207521577588604
63.448799386957575,10.374630178858329,27.9655269561601,1.4999999959809993,0.2184482799768389
63.448799386957575,10.375273272157816,27.978536099573354,1.4999999930140584,0.21585911725525259
63.448799386957575,10.375916365457304,27.993142354242735,1.4999999916164897,0.21303108662790604
63.448799386957575,10.376559458756791,28.009380119469366,1.499999992309583,0.20999769255589723
63.448799386957575,10.377202552056279,28.037071303040225,1.4999999992818327,0.20480577432613511
63.448799386957575,10.377845645355766,28.073647019611762,1.5000000054141616,0.19799867451868602
63.448799386957575,10.378488738655253,28.110696271597014,1.499999994016468,0.19119229011216932
63.448799386957575,10.37913183195474,28.1457765001297,1.499999963601303,0.18480609677315482
63.448799386957575,10.379774925254228,28.169769187101423,1.4999999131200528,0.18054223863957358
63.448799386957575,10.380418018553716,28.183033122509233,1.4999998744148684,0.17818985164003187
63.448799386957575,10.381061111853203,28.1887632122993,1.4999998691804657,0.17713980859369446
63.448799386957575,10.381704205152689,28.189856770699812,1.4999998727583697,0.17697068662885107
63.448799386957575,10.382347298452176,28.186939015169266,1.4999998394036047,0.1775070097847517
63.448799386957575,10.382990391751663,28.180833884317593,1.499999800514472,0.1786316293031331
63.448799386957575,10.389421324746538,27.967792899517175,1.4999880518911581,0.21817965863721292
63.448799386957575,10.390064418046025,27.951669351854115,1.499983579988786,0.22128776855123866
63.448799386957575,10.39070751134551,27.937650371342734,1.4999756063736898,0.22409198143612982
63.448799386957575,10.391350604644998,27.92195806081571,1.4999641058787014,0.22726892825329478
63.448799386957575,10.391993697944486,27.904575622848732,1.4999493290831494,0.23079153166129215
63.448799386957575,10.392636791243973,27.888290139059308,1.4999282701977181,0.23409036528824265
63.448799386957575,10.39327988454346,27.87334119923005,1.4998979026680503,0.23711904387814534
63.448799386957575,10.393922977842948,27.86174976606845,1.499854917796562,0.2394666900407029
63.448799386957575,10.394566071142435,27.85444147802105,1.4997946735320689,0.24096259080703608
63.448799386957575,10.395209164441923,27.848089346471966,1.4997076882418856,0.24228310018632135
63.448799386957575,10.39585225774141,27.84307835095818,1.4995867308774624,0.24334731949089944
63.448799386957575,10.396495351040898,27.834855770642953,1.499418286629651,0.2450687673884822
63.448799386957575,10.397138444340385,27.825403030591218,1.4991820090385817,0.2470340873990747
63.448799386957575,10.397781537639872,27.81895536825943,1.4988449312936947,0.24834513404457176
63.448799386957575,10.39842463093936,27.81635289486003,1.4983833070955335,0.2488220716950746
63.448799386957575,10.399067724238847,27.81970677019443,1.4977500312420793,0.24799015627231097
63.448799386957575,10.399710817538333,27.823661947939346,1.4968642883064862,0.24700083273344414
63.448799386957575,10.40035391083782,27.82156385276325,1.4956306584921701,0.24726554667452316
63.448799386957575,10.400997004137308,27.8140131932281,1.493966448506339,0.24866265686814748
63.448799386957575,10.401640097436795,27.798837630574383,1.4917157482060337,0.2516758261719658
63.448799386957575,10.402283190736282,27.78307921151076,1.4886054828636177,0.2546575508218641
63.448799386957575,10.40292628403577,27.772918114135347,1.4843894063472733,0.25620734008257423
63.448799386957575,10.403569377335257,27.769159243799272,1.4787979729418084,0.25598848881615766
63.448799386957575,10.404212470634745,27.768106691154042,1.4713548732524195,0.25486784883262836
63.448799386957575,10.404855563934232,27.759566111837184,1.4613909454252616,0.25535480003932326
63.448799386957575,10.40549865723372,27.74445495869535,1.4484154708605235,0.25718738546327435
63.448799386957575,10.406141750533207,27.711833732485644,1.4318085278362813,0.2630728658812999
63.448799386957575,10.406784843832694,27.666332894186475,1.4102628887174877,0.27125591218569056
63.448799386957575,10.407427937132182,27.620418326368288,1.3823812163925047,0.2778100515127569
63.448799386957575,10.40807103043167,27.577718065475676,1.3482222726294937,0.2819532791035726
63.448799386957575,10.408714123731155,27.548193357588964,1.30583581384221,0.27922831895207206
63.448799386957575,10.409357217030642,27.503368167464764,1.255535245070365,0.28212108485391196
63.448799386957575,10.41000031033013,27.423946981671534,1.1991357356396033,0.2998446243951019
63.448799386957575,10.410643403629617,27.2968745361449,1.142673130590492,0.3374143470051196
63.448799386957575,10.411286496929105,27.076826368595082,1.083385986430775,0.41592074169789794
63.448799386957575,10.411929590228592,26.78783553166374,1.0350372304819753,0.5179826416049982
63.448799386957575,10.41257268352808,26.388528691494145,1.0116669062961798,0.6484697905500585
63.448799386957575,10.413215776827567,25.905128042083195,1.017221072204665,0.779613787338592
63.448799386957575,10.413858870127054,25.407879178427592,1.0476570456250998,0.8879006714966041
63.448799386957575,10.414501963426542,24.809179521363216,1.0846771762154597,0.9748711450364741
63.448799386957575,10.415145056726029,23.97119625021385,1.1115280276162387,1.0306912312806458
63.448799386957575,10.415788150025517,22.876188685208433,1.1355929474745086,1.0563613382715378
63.448799386957575,10.416431243325004,21.671148506385006,1.1650360524021874,1.027404454932008
63.448799386957575,10.417074336624491,20.570481641028966,1.1932781660448266,0.9827767577100364
63.448799386957575,10.417717429923977,19.417017937624205,1.2189787048052767,0.9748642826559375
63.448799386957575,10.418360523223464,18.34917539957281,1.2437381341087517,0.9719039397693208
63.448799386957575,10.419003616522952,17.176377757163344,1.2724245582935232,0.9677300144811426
63.448799386957575,10.41964670982244,21.93158808255403,1.2764660029470873,0.7283977850326296
63.449048335495355,10.344725886443122,,,
63.449048335495355,10.345368985334487,28.966803174067067,1.5000000000084965,0.07443626736767145
63.449048335495355,10.346012084225851,28.918211068066558,1.500000000011336,0.07917358346970854
63.449048335495355,10.346655183117218,28.87295637207481,1.5000000000065428,0.08363486450103075
63.449048335495355,10.347298282008582,28.834930383531713,1.5000000000005203,0.08746446339584063
63.449048335495355,10.347941380899949,28.80564103932125,1.4999999999979183,0.09052415445734818
63.449048335495355,10.348584479791313,28.780326362922775,1.499999999997844,0.0932882735122881
63.449048335495355,10.349227578682678,28.75455731297385,1.499999999998996,0.0962292880322284
63.449048335495355,10.349870677574044,28.72396622668673,1.5000000000000928,0.09981371048824814
63.449048335495355,10.350513776465409,28.688222451324837,1.5000000000004663,0.10407732141045581
63.449048335495355,10.351156875356773,28.650368280250685,1.5000000000003804,0.10869736104605403
63.449048335495355,10.35179997424814,28.612606335164084,1.5000000000001206,0.11344113221489095
63.449048335495355,10.352443073139504,28.576832429723677,1.4999999999999583,0.11810761146252467
63.449048335495355,10.35308617203087,28.541503574125368,1.4999999999999194,0.12284765715439683
63.449048335495355,10.353729270922235,28.506364519603043,1.4999999999999407,0.1276730344062959
63.449048335495355,10.3543723698136,28.471900449560255,1.4999999999999776,0.13251842267934366
63.449048335495355,10.355015468704966,28.437818075635672,1.4999999999999925,0.13744752391516196
63.449048335495355,10.35565856759633,28.402512416895625,1.4999999999999885,0.1427238882195813
63.449048335495355,10.356301666487695,28.36804541023408,1.4999999999999698,0.14798192595297902
63.449048335495355,10.356944765379062,28.336803810460196,1.4999999999999436,0.15280127817010308
63.449048335495355,10.357587864270426,28.3121810436351,1.499999999999914,0.15663383213309187
63.449048335495355,10.358230963161793,28.29409686541125,1.4999999999998777,0.15952058336988362
63.449048335495355,10.358874062053157,28.278031457434647,1.4999999999998197,0.1621700628758562
63.449048335495355,10.359517160944522,28.259469918447365,1.4999999999997267,0.16528851546200427
63.449048335495355,10.360160259835888,28.238229619811275,1.499999999999607,0.16883899436344676
63.449048335495355,10.360803358727253,28.215935265325687,1.499999999999431,0.172576516027778
63.449048335495355,10.36144645761862,28.19266999956674,1.499999999999145,0.1765565974875656
63.449048335495355,10.362089556509984,28.168350896714085,1.4999999999987084,0.18085333622701458
63.449048335495355,10.362732655401349,28.14244767338408,1.4999999999981546,0.18548774187132266
63.449048335495355,10.363375754292715,28.117908362041703,1.4999999999973064,0.18988879014179516
63.449048335495355,10.36401885318408,28.09837393095538,1.4999999999959401,0.1933866192076629
63.449048335495355,10.364661952075444,28.085720050394634,1.4999999999951112,0.19565233287971182
63.449048335495355,10.36530505096681,28.0750171597278,1.4999999999966327,0.19763308833307794
63.449048335495355,10.365948149858175,28.064981500067162,1.49999999999457,0.1995250883657125
63.449048335495355,10.366591248749542,28.0548618785276,1.4999999999823792,0.20141962775255312
63.449048335495355,10.367234347640906,28.047187056171527,1.499999999986902,0.20282959422307983
63.449048335495355,10.36787744653227,28.044525489852806,1.5000000000184825,0.2033158531634931
63.449048335495355,10.368520545423637,28.04295614651046,1.5000000000095461,0.20362227278658462
63.449048335495355,10.369163644315002,28.038455223412036,1.4999999998938476,0.20451091761601037
63.449048335495355,10.369806743206366,28.026800290144298,1.4999999997776174,0.2067462435736649
63.449048335495355,10.370449842097733,28.01055136028632,1.4999999997205178,0.20984057523334326
63.449048335495355,10.371092940989097,27.994765345740493,1.4999999996789495,0.21286252666249234
63.449048335495355,10.371736039880464,27.984568360090016,1.4999999996812396,0.21485974931277313
63.449048335495355,10.372379138771828,27.9833899592008,1.5000000001449807,0.21511792941071314
63.449048335495355,10.373022237663193,27.989506584645355,1.500000000365855,0.21394108292050018
63.449048335495355,10.37366533655456,28.00051688723184,1.4999999993798272,0.21178154104566355
63.449048335495355,10.374308435445924,28.01297481233702,1.499999996733132,0.2093138506511115
63.449048335495355,10.374951534337288,28.02311088528904,1.4999999942014188,0.20734062360341318
63.449048335495355,10.375594633228655,28.033828062960087,1.4999999928262806,0.2053174500820406
63.449048335495355,10.37623773212002,28.048541725778115,1.499999993509342,0.20259408090047754
63.449048335495355,10.376880831011386,28.07250970146373,1.4999999985239114,0.19818493761494937
63.449048335495355,10.37752392990275,28.106622507153492,1.5000000037320431,0.19194699576911656
63.449048335495355,10.378167028794115,28.14504284035749,1.4999999977680836,0.18499520015920037
63.449048335495355,10.378810127685481,28.18182364338795,1.4999999693791966,0.17846347827271022
63.449048335495355,10.379453226576846,28.208936752522963,1.4999999266656754,0.17375084369601573
63.449048335495355,10.380096325468212,28.224782302296873,1.4999998916493162,0.17105575900592046
63.449048335495355,10.380739424359577,28.231079552597823,1.4999998815320903,0.17001900018791025
63.449048335495355,10.381382523250942,28.229686790986957,1.4999999112076157,0.17026680796449273
63.449048335495355,10.382025622142308,28.223320544234678,1.4999999604681655,0.17138574528192999
63.449048335495355,10.389099709947326,27.96811125358611,1.4999896936709993,0.21821869621848344
63.449048335495355,10.38974280883869,27.944258482653638,1.4999858662528571,0.22276532082122713
63.449048335495355,10.390385907730057,27.929086111191864,1.4999800583877854,0.22577878392475917
63.449048335495355,10.391029006621421,27.912227145200525,1.4999700000914349,0.2292141621089863
63.449048335495355,10.391672105512786,27.89434198773277,1.4999570786691772,0.2328689793795513
63.449048335495355,10.392315204404152,27.87705151762793,1.49993930320622,0.23640029946879643
63.449048335495355,10.392958303295517,27.861726867236595,1.4999138258585465,0.23952975005318564
63.449048335495355,10.393601402186881,27.84976192565282,1.4998778928760155,0.24197648767439583
63.449048335495355,10.394244501078248,27.841201248926414,1.499826927762663,0.24374117690352715
63.449048335495355,10.394887599969612,27.834290711415132,1.499753495738536,0.24518433767561248
63.449048335495355,10.395530698860979,27.827192792238993,1.4996500172504539,0.24668273429901819
63.449048335495355,10.396173797752343,27.817924547173135,1.4995077551775433,0.24863862522999766
63.449048335495355,10.396816896643708,27.80725956574645,1.499306627546472,0.2508735518390913
63.449048335495355,10.397459995535074,27.79819609721907,1.4990208858975287,0.2527506054310479
63.449048335495355,10.398103094426439,27.793753252001228,1.4986247828242625,0.2536284624595441
63.449048335495355,10.398746193317805,27.795661289253857,1.4980829724738314,0.25313057530770955
63.449048335495355,10.39938929220917,27.80018640523375,1.4973233011709421,0.25204781605926135
63.449048335495355,10.400032391100535,27.802312412029107,1.4962654377951932,0.2514503743082896
63.449048335495355,10.400675489991901,27.797085970626853,1.4948288007826436,0.2523980973352397
63.449048335495355,10.401318588883266,27.78348647430849,1.4928805389410709,0.25510833853363035
63.449048335495355,10.40196168777463,27.76657940809056,1.4901915622189412,0.258412731440099
63.449048335495355,10.402604786665997,27.751945585674715,1.4865231654296227,0.2610177505377591
63.449048335495355,10.403247885557361,27.7440990433501,1.4816259288395628,0.2618585948642456
63.449048335495355,10.403890984448728,27.739232967822456,1.4750786795770223,0.26178195259416104
63.449048335495355,10.404534083340092,27.73061393190822,1.4663233648589735,0.26241734030724684
63.449048335495355,10.405177182231457,27.71160622346792,1.4547982173706522,0.2653801105737845
63.449048335495355,10.405820281122823,27.676905456116135,1.4398840704765545,0.2719799695300306
63.449048335495355,10.406463380014188,27.630876391327604,1.4205486464874064,0.2807601326349589
63.449048335495355,10.407106478905552,27.58202829755585,1.3955836260940897,0.2889284525907788
63.449048335495355,10.407749577796919,27.53887762814311,1.3637715862265263,0.29367490551873465
63.449048335495355,10.408392676688283,27.50378531746682,1.3236916663859364,0.29371940109930633
63.449048335495355,10.40903577557965,27.461193813748526,1.2756083197567034,0.29599331799919504
63.449048335495355,10.409678874471014,27.392310967901413,1.2204839771644427,0.30956003266666676
63.449048335495355,10.410321973362379,27.278294382980505,1.1590547983754804,0.3438527158149835
63.449048335495355,10.410965072253745,27.104990325121143,1.0932489333474134,0.40698368177715466
63.449048335495355,10.41160817114511,26.868786061246624,1.0332772166963435,0.4947625592426556
63.449048335495355,10.412251270036476,26.56727521793397,0.9906668225685604,0.6009772752018946
63.449048335495355,10.41289436892784,26.20707936820314,0.9767963477330818,0.7164689497380474
63.449048335495355,10.413537467819205,25.804489039908688,0.991771160574708,0.8230244895471956
63.449048335495355,10.414180566710572,25.326513207296642,1.0229603139010341,0.9113272736705677
63.449048335495355,10.414823665601936,24.73609875078038,1.0572078371718832,0.973072482896894
63.449048335495355,10.415466764493301,23.946277685954954,1.0852079802794752,1.00414974084608
63.449048335495355,10.416109863384667,22.922590209326852,1.1095670007711604,1.012938347534342
63.449048335495355,10.416752962276032,21.766631236694238,1.1336055311832711,1.0082536497404933
63.449048335495355,10.417396061167398,20.582003893624584,1.1605445536068857,0.9988814194854452
63.449048335495355,10.418039160058763,19.489850289274425,1.1881804668033102,0.9926652574220712
63.449048335495355,10.418682258950128,18.49730989652792,1.214578518490879,0.991370675110358
63.449048335495355,10.419325357841494,17.562406576634164,1.2406289648252327,0.9950893297977683
63.449048335495355,10.419968456732859,17.2127933371617,1.2648525949808405,0.9807440915199093
63.449297284033136,10.34569008917022,28.968779919922437,1.4999999999803235,0.07416012716982798
63.449297284033136,10.346333193653573,28.923567367736794,1.4999999999983045,0.07853145944129969
63.449297284033136,10.346976298136926,28.87738280114352,1.5000000000010896,0.08311180507095617
63.449297284033136,10.347619402620278,28.83823053417232,1.5000000000005929,0.0870889103478266
63.449297284033136,10.34826250710363,28.8093828353218,1.499999999999177,0.09013681026274319
63.449297284033136,10.348905611586984,28.78454663047134,1.4999999999996019,0.09287587431981766
63.449297284033136,10.349548716070336,28.75576063078224,1.5000000000004639,0.09615467314942558
63.449297284033136,10.35019182055369,28.71957676931896,1.500000000000674,0.10034422525780576
63.449297284033136,10.350834925037042,28.683342453916865,1.5000000000005893,0.10462207974299548
63.449297284033136,10.351478029520393,28.646945902484198,1.5000000000001967,0.10903421141210579
63.449297284033136,10.352121134003747,28.615062435826676,1.499999999999971,0.11306635196055967
63.449297284033136,10.352764238487099,28.5846359026567,1.4999999999999394,0.11707532889280568
63.449297284033136,10.353407342970453,28.55043395128005,1.499999999999953,0.12166685175840525
63.449297284033136,10.354050447453805,28.516235243665644,1.4999999999999971,0.12636447018359528
63.449297284033136,10.354693551937158,28.481818543974715,1.4999999999999951,0.1311627377019531
63.449297284033136,10.35533665642051,28.448588049436264,1.49999999999999,0.1359362450683791
63.449297284033136,10.355979760903862,28.413142180770585,1.499999999999976,0.1412120367019047
63.449297284033136,10.356622865387216,28.379362662355692,1.4999999999999525,0.14631236850651103
63.449297284033136,10.357265969870568,28.348883663378285,1.499999999999929,0.1509207108073397
63.449297284033136,10.357909074353921,28.327873807750727,1.499999999999897,0.15411635791674877
63.449297284033136,10.358552178837273,28.312921069899573,1.4999999999998526,0.1564518381626417
63.449297284033136,10.359195283320625,28.297039196874948,1.4999999999997766,0.15902917924759677
63.449297284033136,10.359838387803979,28.276874180090072,1.4999999999996672,0.16236388537913496
63.449297284033136,10.360481492287331,28.257219723178522,1.499999999999523,0.16554922872502853
63.449297284033136,10.361124596770685,28.23762483325122,1.4999999999993,0.1687577262893073
63.449297284033136,10.361767701254037,28.219352713706964,1.4999999999989384,0.17187681900261975
63.449297284033136,10.362410805737388,28.199933641553983,1.4999999999984321,0.17533621751047376
63.449297284033136,10.363053910220742,28.176466946793106,1.4999999999977587,0.17951389677115934
63.449297284033136,10.363697014704094,28.155903145982904,1.4999999999966798,0.1831654992232758
63.449297284033136,10.364340119187448,28.142377190721273,1.4999999999956415,0.18552289884071085
63.449297284033136,10.3649832236708,28.132416098698176,1.4999999999944862,0.18728806101554527
63.449297284033136,10.365626328154153,28.121788183732782,1.4999999999943265,0.18921663324281335
63.449297284033136,10.366269432637505,28.11054045509441,1.4999999999867688,0.19125363167149204
63.449297284033136,10.366912537120857,28.096182218408014,1.4999999999811924,0.1937643568832295
63.449297284033136,10.367555641604211,28.090602372541106,1.4999999999872895,0.19470360762277872
63.449297284033136,10.368198746087563,28.090463834224483,1.5000000000011529,0.19466573488714142
63.449297284033136,10.368841850570917,28.089827640953825,1.4999999999285358,0.19478485451363775
63.449297284033136,10.369484955054268,28.086198905134772,1.4999999998269278,0.1955420388991101
63.449297284033136,10.37012805953762,28.073926090976073,1.49999999976573,0.19785091283710693
63.449297284033136,10.370771164020974,28.059160312635946,1.4999999997417954,0.20062068658423246
63.449297284033136,10.371414268504326,28.048839828695876,1.499999999751341,0.20255779732265322
63.449297284033136,10.37205737298768,28.045261950231225,1.4999999997737457,0.20328576146683242
63.449297284033136,10.372700477471032,28.048936232885907,1.5000000000088707,0.2026414902296806
63.449297284033136,10.373343581954384,28.058334741042316,1.499999999523066,0.20086103812238923
63.449297284033136,10.373986686437737,28.06976143053363,1.4999999973754625,0.1986885486665753
63.449297284033136,10.37462979092109,28.07989336816045,1.4999999957089385,0.19676308319060476
63.449297284033136,10.375272895404443,28.086697997422487,1.4999999946093008,0.1955188769502923
63.449297284033136,10.375915999887795,28.09547125244838,1.499999995206348,0.1939463986176607
63.449297284033136,10.376559104371148,28.108692875288114,1.5000000009622851,0.19152606957624604
63.449297284033136,10.3772022088545,28.136963412571507,1.5000000007154317,0.18647383882854485
63.449297284033136,10.377845313337852,28.174576980535797,1.499999996272508,0.1797833176330901
63.449297284033136,10.378488417821206,28.213141211423377,1.499999970797286,0.1730608657954992
63.449297284033136,10.379131522304558,28.251485803157742,1.4999999282496739,0.16666420197602821
63.449297284033136,10.379774626787912,28.272122683915946,1.49999990700374,0.16325072775028276
63.449297284033136,10.380417731271264,28.28077842497888,1.499999901253594,0.16190487753934202
63.449297284033136,10.381060835754615,28.281547437001795,1.4999999600815492,0.16184883056447297
63.449297284033136,10.388778089554847,27.973657893318155,1.4999911350113058,0.217276034123637
63.449297284033136,10.389421194038201,27.942774194282986,1.499987864626073,0.22314067015068603
63.449297284033136,10.390064298521553,27.922106970020756,1.4999833869277996,0.22715440834279207
63.449297284033136,10.390707403004907,27.903796174618307,1.4999754692831442,0.23086473781503866
63.449297284033136,10.391350507488259,27.88540963472725,1.4999639963206,0.2346719204349831
63.449297284033136,10.39199361197161,27.86755176399105,1.4999492065056086,0.23835283230487533
63.449297284033136,10.392636716454964,27.85116701544812,1.4999281170581154,0.24173072053369124
63.449297284033136,10.393279820938316,27.83892965391612,1.499897624518745,0.24425292134478493
63.449297284033136,10.39392292542167,27.82902728478284,1.4998544598561352,0.2463034009300271
63.449297284033136,10.394566029905022,27.82143111217459,1.4997939840925685,0.2478975723204661
63.449297284033136,10.395209134388374,27.814219650655495,1.4997067484813038,0.24942805732665974
63.449297284033136,10.395852238871727,27.804654801950626,1.4995853747126378,0.2514584748476394
63.449297284033136,10.39649534335508,27.79393978037308,1.4994160269736296,0.2537224268653736
63.449297284033136,10.397138447838433,27.782728802971118,1.499178726954677,0.25607051637133194
63.449297284033136,10.397781552321785,27.77530127763967,1.4988405315702438,0.2575965642262206
63.449297284033136,10.398424656805139,27.77380130315821,1.4983766946483292,0.257852169977593
63.449297284033136,10.39906776128849,27.77720199857204,1.497739319300443,0.2570386752204873
63.449297284033136,10.399710865771842,27.7811925615791,1.4968492433142062,0.2560694129268384
63.449297284033136,10.400353970255196,27.77877590603383,1.4956107022885394,0.25643247753105947
63.449297284033136,10.400997074738548,27.769769884360315,1.4939355191615256,0.25815917509552644
63.449297284033136,10.401640179221902,27.753579691646436,1.491668869421222,0.26138320751866206
63.449297284033136,10.402283283705254,27.73674346858962,1.4885419803792217,0.2645864960847609
63.449297284033136,10.402926388188606,27.72780678057379,1.4843064539529263,0.2658173563043495
63.449297284033136,10.40356949267196,27.720922881485805,1.4786581811300006,0.266438206233536
63.449297284033136,10.404212597155311,27.71071191679535,1.4711421564857283,0.26759607901609495
63.449297284033136,10.404855701638665,27.691290978620824,1.4611002180328647,0.27076903006367586
63.449297284033136,10.405498806122017,27.652199448293462,1.4480135989851295,0.27842748165189735
63.449297284033136,10.406141910605369,27.609609433101,1.4311238346212078,0.28672116024118394
63.449297284033136,10.406785015088722,27.558707120505254,1.4092501090739007,0.29623962772405965
63.449297284033136,10.407428119572074,27.5123348499199,1.3810008787297687,0.3029257647728839
63.449297284033136,10.408071224055428,27.478573279944158,1.3460999557151008,0.3056090278682686
63.449297284033136,10.40871432853878,27.437049102644387,1.3019683088437533,0.30843631841583846
63.449297284033136,10.409357433022134,27.377891551614226,1.2497375094637269,0.3177248306136565
63.449297284033136,10.410000537505486,27.272389565376926,1.1909638766226383,0.3458518055653748
63.449297284033136,10.410643641988838,27.122802951341956,1.1286052956965629,0.39423623890293175
63.449297284033136,10.411286746472191,26.93643306478073,1.0607568023732807,0.4666030709243326
63.449297284033136,10.411929850955543,26.68982488106644,1.0035673318818064,0.5597999975662074
63.449297284033136,10.412572955438897,26.39372065988945,0.9674611125328355,0.6639476468848762
63.449297284033136,10.413216059922249,26.06247070692739,0.9581276045312414,0.7696035118001486
63.449297284033136,10.4138591644056,25.695215690936124,0.976867091166165,0.86095111567634
63.449297284033136,10.414502268888954,25.234734213002206,1.0042502229110408,0.928998003981628
63.449297284033136,10.415145373372306,24.699083782416686,1.0276912141820334,0.9717446497455525
63.449297284033136,10.41578847785566,23.96881083661442,1.0491621386492964,0.9993324196202757
63.449297284033136,10.416431582339012,22.998566391833556,1.0701321840869276,1.006157250147171
63.449297284033136,10.417074686822364,21.929295474977806,1.0944252954431108,1.0034143099291566
63.449297284033136,10.417717791305718,20.884701631115878,1.126182676871211,0.9977332504154608
63.449297284033136,10.41836089578907,19.934314756361076,1.1544788928911665,0.994548562965046
63.449297284033136,10.419004000272423,19.078155402776336,1.1812711657895492,0.9961588912100788
63.449297284033136,10.419647104755775,18.249104166015684,1.2075776182164797,1.001501030607943
63.449297284033136,10.420290209239129,17.431381368281443,1.2343398969573733,1.0087656240554095
63.44954623257092,10.346011198589279,28.970616655998594,1.4999999999477382,0.07392256730367264
63.44954623257092,10.346654308664728,28.926523209801985,1.4999999999816327,0.07817209470264438
63.44954623257092,10.347297418740178,28.884815330406774,1.4999999999989893,0.08228147074898587
63.44954623257092,10.347940528815627,28.844025197849266,1.5000000000003417,0.08647321070790462
63.44954623257092,10.348583638891077,28.81453512285256,1.5000000000000469,0.08963245774240523
63.44954623257092,10.349226748966526,28.785832593893367,1.5000000000007723,0.09281128538082362
63.44954623257092,10.349869859041975,28.748781179282567,1.5000000000008185,0.09699844512472253
63.44954623257092,10.350512969117425,28.71103759661554,1.50000000000059,0.10134243288457699
63.44954623257092,10.351156079192874,28.675606942620202,1.5000000000002087,0.10549793331263553
63.44954623257092,10.351799189268323,28.645627740031692,1.4999999999999434,0.10914675593392067
63.44954623257092,10.352442299343773,28.62197903291758,1.499999999999937,0.1121869608077969
63.44954623257092,10.353085409419222,28.59416703065171,1.4999999999999731,0.11585016308658558
63.44954623257092,10.353728519494672,28.561758514754267,1.5000000000000255,0.12019620913261596
63.44954623257092,10.354371629570121,28.528303730309116,1.5000000000000335,0.12474427797068077
63.44954623257092,10.35501473964557,28.49484423028161,1.499999999999997,0.12932954245124847
63.44954623257092,10.35565784972102,28.462860941665067,1.499999999999978,0.13389510079624128
63.44954623257092,10.356300959796469,28.42845489929825,1.4999999999999558,0.13897238466827277
63.44954623257092,10.356944069871918,28.39584497256353,1.499999999999936,0.14380223038526838
63.44954623257092,10.357587179947368,28.36694141404199,1.4999999999999152,0.14810028425450183
63.44954623257092,10.358230290022819,28.3478187593364,1.4999999999998774,0.1509528802739723
63.44954623257092,10.358873400098268,28.332089317003454,1.4999999999998175,0.1533871780368194
63.44954623257092,10.359516510173718,28.313025422123815,1.4999999999997338,0.15646619144425433
63.44954623257092,10.360159620249167,28.292845342685695,1.4999999999996023,0.15973868948374623
63.44954623257092,10.360802730324616,28.2747436241528,1.4999999999994214,0.1625970418565012
63.44954623257092,10.361445840400066,28.25973844643532,1.4999999999991276,0.16503096894688504
63.44954623257092,10.362088950475515,28.247657895950102,1.499999999998743,0.16712067327490943
63.44954623257092,10.362732060550965,28.23236293313428,1.4999999999981235,0.16984229864258132
63.44954623257092,10.363375170626414,28.213456635689663,1.4999999999972695,0.1731807966495981
63.44954623257092,10.364018280701863,28.200262793760665,1.4999999999966234,0.17545284797575617
63.44954623257092,10.364661390777313,28.19082034270712,1.4999999999963194,0.1770554975898112
63.44954623257092,10.365304500852762,28.1817428108618,1.4999999999932103,0.17863428302101328
63.44954623257092,10.365947610928211,28.169996949671518,1.49999999998826,0.18069973352430513
63.44954623257092,10.36659072100366,28.153401261688135,1.499999999992178,0.18354508632768285
63.44954623257092,10.36723383107911,28.138130474464276,1.4999999999924094,0.18613096764467285
63.44954623257092,10.36787694115456,28.13416260081675,1.4999999999813696,0.18673268755535657
63.44954623257092,10.368520051230009,28.134767013806844,1.49999999993243,0.18657356208937909
63.44954623257092,10.369163161305458,28.135599379224857,1.499999999871347,0.1864992261369144
63.44954623257092,10.369806271380908,28.132395279245895,1.4999999998198112,0.18715885104949448
63.44954623257092,10.370449381456357,28.121032829958985,1.4999999997940356,0.18925631545529484
63.44954623257092,10.371092491531806,28.111885029045624,1.4999999998181122,0.19091341888095498
63.44954623257092,10.371735601607256,28.107964441277993,1.500000000150632,0.19160547160969202
63.44954623257092,10.372378711682705,28.11005327600361,1.4999999998108635,0.1913064485387846
63.44954623257092,10.373021821758154,28.118053454933523,1.499999999406269,0.18988882415095015
63.44954623257092,10.373664931833604,28.12825005450071,1.4999999975396405,0.18805407499870214
63.44954623257092,10.374308041909053,28.138824436888626,1.4999999958201846,0.1861507875914758
63.44954623257092,10.374951151984503,28.145986564340912,1.4999999956786496,0.18483023699540968
63.44954623257092,10.375594262059952,28.15014853035088,1.499999996526237,0.1841133375214424
63.44954623257092,10.376237372135401,28.1562845835772,1.5000000047629047,0.18297303119310146
63.44954623257092,10.37688048221085,28.17033956975102,1.500000008654439,0.18048858255082148
63.44954623257092,10.3775235922863,28.201721321702166,1.4999999977293579,0.1750499880256559
63.44954623257092,10.37816670236175,28.239497476496076,1.4999999720720467,0.1685962072626549
63.44954623257092,10.378809812437199,28.283292337052238,1.49999991311394,0.16146743307649597
63.44954623257092,10.379452922512648,28.319949992704906,1.4999998970791495,0.15560912604660412
63.44954623257092,10.380096032588098,28.335017058564528,1.4999999141374931,0.1532900491102555
63.44954623257092,10.380739142663547,28.340274260711382,1.4999999966457147,0.15256310123701652
63.44954623257092,10.38909957364439,27.94722670617888,1.49998972312258,0.22240331712343991
63.44954623257092,10.38974268371984,27.91835328913388,1.4999858882255284,0.227922348317095
63.44954623257092,10.39038579379529,27.8970052997695,1.499979848660659,0.23216839593266939
63.44954623257092,10.391028903870739,27.876757645462536,1.4999707812796583,0.23637946199612506
63.44954623257092,10.391672013946188,27.858707785736,1.49995776091848,0.24016314483492776
63.44954623257092,10.392315124021637,27.841788996458735,1.4999405130222916,0.24368752314648884
63.44954623257092,10.392958234097087,27.82905702746264,1.4999148917220007,0.24634438972911515
63.44954623257092,10.393601344172536,27.81978778822881,1.4998793572829703,0.24826754603705703
63.44954623257092,10.394244454247985,27.810977661428787,1.499828386321407,0.25011858924396024
63.44954623257092,10.394887564323435,27.803303774073534,1.499756665537703,0.25175121924838006
63.44954623257092,10.395530674398884,27.793100852001903,1.4996548695106224,0.25392240672858835
63.44954623257092,10.396173784474334,27.781891059136186,1.4995131700553215,0.2563121291922852
63.44954623257092,10.396816894549783,27.770659414696347,1.4993155701203407,0.2586899054208849
63.44954623257092,10.397460004625232,27.7611230617505,1.4990338688705218,0.2606844398279321
63.44954623257092,10.398103114700682,27.75777651064363,1.4986474879293774,0.2613480743033888
63.44954623257092,10.398746224776131,27.757121345243377,1.49810674106622,0.26142750949984217
63.44954623257092,10.39938933485158,27.760157952589385,1.4973692708341984,0.26069176405417266
63.44954623257092,10.40003244492703,27.758950260445715,1.4963224090206486,0.2608219720650902
63.44954623257092,10.40067555500248,27.75140355663247,1.4949198635330803,0.2622741324566342
63.44954623257092,10.401318665077929,27.740315466161984,1.492989194406105,0.2644235146871376
63.44954623257092,10.401961775153378,27.723487524359093,1.4903857162089655,0.2677355952367602
63.44954623257092,10.402604885228827,27.712974664970936,1.486771583429486,0.2694498388829708
63.44954623257092,10.403247995304277,27.70913812004621,1.4820189079443065,0.2695209860207739
63.44954623257092,10.403891105379726,27.69853883946372,1.4756332675637915,0.2710298966783429
63.44954623257092,10.404534215455175,27.67859494473531,1.46710574011279,0.2744866875247885
63.44954623257092,10.405177325530625,27.636318874613885,1.4557919861734132,0.2830617151614085
63.44954623257092,10.405820435606074,27.587104063945198,1.4413373557733353,0.293001723227862
63.44954623257092,10.406463545681524,27.541379218824485,1.4226656529865795,0.30179622724001287
63.44954623257092,10.407106655756973,27.495084718795525,1.3982361211752947,0.309511217130773
63.44954623257092,10.407749765832422,27.467559516360083,1.367703842985801,0.31169484739989767
63.44954623257092,10.408392875907873,27.43247085721351,1.3306661032380183,0.3158034602903402
63.44954623257092,10.409035985983323,27.380309963167875,1.283795451002939,0.32302287016691855
63.44954623257092,10.409679096058772,27.28656705088359,1.2293373522949091,0.34557346941111655
63.44954623257092,10.410322206134222,27.13851835354602,1.1698617781902,0.3876263117755566
63.44954623257092,10.410965316209671,26.971686013984257,1.108816329333911,0.4440074899230695
63.44954623257092,10.41160842628512,26.77434902720198,1.0435124046355693,0.5217214936983525
63.44954623257092,10.41225153636057,26.534156896770707,0.9944444695404087,0.6112476060505486
63.44954623257092,10.412894646436019,26.257632218668135,0.9595343778888451,0.7108717662108998
63.44954623257092,10.413537756511468,25.952945680504417,0.951403039591752,0.8067657704583112
63.44954623257092,10.414180866586918,25.604561606562722,0.9661438402870276,0.8832939888195761
63.44954623257092,10.414823976662367,25.20332550701047,0.9797939937734736,0.935275123487845
63.44954623257092,10.415467086737817,24.74866276071489,0.9951625343212996,0.9727304561506829
63.44954623257092,10.416110196813266,24.0566654783254,1.0100966732164922,0.9951561649205309
63.44954623257092,10.416753306888715,23.16569731890115,1.0300009728993702,1.002163827857413
63.44954623257092,10.417396416964165,22.22384075828076,1.060722610257619,1.0022075800600863
63.44954623257092,10.418039527039614,21.306433588551965,1.092906510370481,0.9983950460265846
63.44954623257092,10.418682637115063,20.487508193223892,1.120760669293503,0.9977580205973866
63.44954623257092,10.419325747190513,19.69361449655524,1.146999935066253,1.0006705673691652
63.44954623257092,10.419968857265962,19.08317482168612,1.173331724161528,1.0018490180204618
63.44954623257092,10.420611967341411,18.3423744804621,1.2012062560740338,1.0076133968963543
63.44954623257092,10.42125507741686,17.477484307025815,1.2290483106074708,1.0191796132419184
63.4497951811087,10.346332313591827,,,
63.4497951811087,10.346975429259482,28.926731433765603,1.4999999999714513,0.07814878086549551
63.4497951811087,10.347618544927139,28.88772992005791,1.4999999999909859,0.0819530385575589
63.4497951811087,10.348261660594794,28.849486172875842,1.4999999999999842,0.08590292383039247
63.4497951811087,10.348904776262449,28.816918917354258,1.5000000000006775,0.08943216787279251
63.4497951811087,10.349547891930104,28.77879308156254,1.5000000000009321,0.09366549963785123
63.4497951811087,10.35019100759776,28.73983566838419,1.5000000000006157,0.09805570828454488
63.4497951811087,10.350834123265416,28.703879772881628,1.5000000000002125,0.1021701009957427
63.4497951811087,10.351477238933072,28.673632554883362,1.4999999999999147,0.10571267972275969
63.4497951811087,10.352120354600727,28.650843879438565,1.499999999999868,0.10850710845460171
63.4497951811087,10.352763470268382,28.629911396759553,1.4999999999999343,0.11119418904739688
63.4497951811087,10.353406585936039,28.604014014208765,1.5000000000000153,0.11458813007689564
63.4497951811087,10.354049701603694,28.573723067538527,1.500000000000056,0.11860242110618388
63.4497951811087,10.35469281727135,28.54215121198856,1.500000000000038,0.1228081143298856
63.4497951811087,10.355335932939004,28.510059604443235,1.4999999999999933,0.12717089688867858
63.4497951811087,10.35597904860666,28.478870417792443,1.4999999999999631,0.13159422402142604
63.4497951811087,10.356622164274317,28.447171049367928,1.4999999999999418,0.13617455621557023
63.4497951811087,10.357265279941972,28.416623322820556,1.4999999999999254,0.1406339147657145
63.4497951811087,10.357908395609627,28.389246645128583,1.4999999999998996,0.1446738309668248
63.4497951811087,10.358551511277282,28.369471772972776,1.499999999999851,0.14761900927581625
63.4497951811087,10.359194626944939,28.3488801452825,1.499999999999786,0.15082468922312212
63.4497951811087,10.359837742612594,28.329279060897946,1.4999999999996847,0.15393902756891134
63.4497951811087,10.36048085828025,28.310872031800802,1.4999999999995222,0.15685752899465577
63.4497951811087,10.361123973947905,28.29597968212587,1.4999999999992868,0.159174115503092
63.4497951811087,10.36176708961556,28.285327756894485,1.4999999999989813,0.16091036567064007
63.4497951811087,10.362410205283217,28.277145578833167,1.4999999999985003,0.1623057857289398
63.4497951811087,10.363053320950872,28.266411999868684,1.4999999999977451,0.16419063878322404
63.4497951811087,10.363696436618527,28.255851768964245,1.4999999999974263,0.1659987801715518
63.4497951811087,10.364339552286182,28.24809426269096,1.499999999998051,0.1672844461841331
63.4497951811087,10.36498266795384,28.239256238791636,1.4999999999958502,0.16874450399322954
63.4497951811087,10.365625783621494,28.228935199755373,1.4999999999894058,0.17049220617091237
63.4497951811087,10.36626889928915,28.21310286743166,1.4999999999965887,0.17316361162691024
63.4497951811087,10.366912014956805,28.195550444983855,1.5000000000117444,0.1761161114500842
63.4497951811087,10.36755513062446,28.18234264385182,1.4999999999920268,0.17832924775687423
63.4497951811087,10.368198246292117,28.17955041615432,1.4999999999334492,0.17874490081268643
63.4497951811087,10.368841361959772,28.179924016341964,1.4999999998834193,0.17870568877170004
63.4497951811087,10.369484477627427,28.181274190531354,1.499999999859418,0.1785208004116429
63.4497951811087,10.370127593295082,28.17891226927857,1.499999999830724,0.17897323260633752
63.4497951811087,10.37077070896274,28.172008268286522,1.49999999986727,0.1801834088236245
63.4497951811087,10.371413824630395,28.169056242705857,1.5000000002915062,0.18066150093771607
63.4497951811087,10.37205694029805,28.170045771188644,1.5000000003402363,0.18049188584955825
63.4497951811087,10.372700055965705,28.17677718852081,1.499999999438042,0.17939025730897268
63.4497951811087,10.37334317163336,28.18708502830239,1.4999999976492022,0.17765051965335957
63.4497951811087,10.373986287301017,28.19767671243119,1.499999995783906,0.1758457890280024
63.4497951811087,10.374629402968672,28.205364964557333,1.49999999539789,0.17449048713920318
63.4497951811087,10.375272518636327,28.208682724077295,1.499999997047608,0.1738756360425398
63.4497951811087,10.375915634303983,28.210536185976583,1.5000000060374954,0.17348339052534284
63.4497951811087,10.37655874997164,28.216372595186872,1.500000015089269,0.17244110089256115
63.4497951811087,10.377201865639295,28.233118114358206,1.5000000065621837,0.16965637128001487
63.4497951811087,10.37784498130695,28.265790545243814,1.4999999758124736,0.16424007407649888
63.4497951811087,10.378488096974605,28.308273443823836,1.4999999139927884,0.15745647715688588
63.4497951811087,10.37913121264226,28.352316465597696,1.4999998752942,0.15052410206757716
63.4497951811087,10.379774328309917,28.384214175548845,1.4999999087454863,0.14558393763783456
63.4497951811087,10.380417443977572,28.39645734544336,1.5000000202331347,0.14380663075869313
63.4497951811087,10.388777947657095,27.95239920218207,1.49999181226277,0.22154583799485825
63.4497951811087,10.38942106332475,27.920715408813777,1.4999881782553652,0.2275677494136582
63.4497951811087,10.390064178992406,27.893427438127254,1.4999833984794693,0.23286660769852158
63.4497951811087,10.39070729466006,27.87001885676547,1.499976204263402,0.23764746863575376
63.4497951811087,10.391350410327718,27.8508571556236,1.4999657491823262,0.24171962812190484
63.4497951811087,10.391993525995373,27.834175816789337,1.4999510056651182,0.24526819635237335
63.4497951811087,10.392636641663028,27.82068043672105,1.4999301842809432,0.248121378160082
63.4497951811087,10.393279757330683,27.810994624262385,1.4999008659565736,0.25015533018725067
63.4497951811087,10.39392287299834,27.802608600537713,1.499858886000037,0.25191249529768983
63.4497951811087,10.394565988665995,27.79406497753858,1.4997998108253257,0.2537278396208115
63.4497951811087,10.39520910433365,27.78366704500889,1.4997162391799408,0.2559474348903121
63.4497951811087,10.395852220001306,27.771681066510038,1.499599352574235,0.2585137383813634
63.4497951811087,10.396495335668961,27.760208342879654,1.4994345617055866,0.2609685613716626
63.4497951811087,10.397138451336618,27.750029172925572,1.4992043973657005,0.2631298151445344
63.4497951811087,10.397781567004273,27.744890133911838,1.4988849046623105,0.2641993602251213
63.4497951811087,10.398424682671928,27.742637948958222,1.4984398275279127,0.2646316592345627
63.4497951811087,10.399067798339583,27.741348336939588,1.4978210020809413,0.26484209345823206
63.4497951811087,10.39971091400724,27.739923666671817,1.4969645328872965,0.2650519267667706
63.4497951811087,10.400354029674896,27.73256718535691,1.495795102197721,0.2665105921616678
63.4497951811087,10.40099714534255,27.722210998722844,1.4941946018306878,0.26857071500532254
63.4497951811087,10.401640261010206,27.709569189164345,1.4920209249579077,0.27104595302103773
63.4497951811087,10.402283376677861,27.69870305416983,1.4890398221982344,0.27297290617725783
63.4497951811087,10.402926492345518,27.69465902819591,1.485060463843154,0.27322230470969666
63.4497951811087,10.403569608013173,27.68604688661749,1.4797385530515035,0.2744367052919858
63.4497951811087,10.404212723680828,27.666838357676927,1.4726438905898147,0.2779785056256449
63.4497951811087,10.404855839348484,27.626750295231112,1.4631443673027456,0.2862607168416577
63.4497951811087,10.40549895501614,27.574295612623498,1.4508877300681708,0.2972254410432382
63.4497951811087,10.406142070683796,27.52467847369636,1.4351627887037381,0.30712740576447045
63.4497951811087,10.406785186351451,27.48324449133927,1.414777393038711,0.31449991248354703
63.4497951811087,10.407428302019106,27.458523086618477,1.388864806517291,0.31698581323221453
63.4497951811087,10.408071417686761,27.43353881578237,1.3570654940715197,0.3194074362490785
63.4497951811087,10.408714533354418,27.388947249659914,1.318283704593738,0.3268285489224171
63.4497951811087,10.409357649022073,27.310604704332942,1.2703797837049722,0.3437106243430729
63.4497951811087,10.410000764689729,27.180546791034605,1.216533843166228,0.3778015260750023
63.4497951811087,10.410643880357384,27.02160768119875,1.1585452923997113,0.4247672013562178
63.4497951811087,10.41128699602504,26.84932066178235,1.098677140104913,0.48508778617844234
63.4497951811087,10.411930111692696,26.651410247488027,1.0426383782548465,0.5605247586182096
63.4497951811087,10.412573227360351,26.419505453773162,0.9965650028529238,0.6488925439153153
63.4497951811087,10.413216343028006,26.164300356448017,0.9622651874342382,0.7422087874165999
63.4497951811087,10.413859458695661,25.88557371912994,0.9518493631683588,0.8287431020629569
63.4497951811087,10.414502574363318,25.587195895788184,0.950721462200723,0.8940895138908896
63.4497951811087,10.415145690030974,25.26873837418139,0.9551645592260143,0.9423099220054996
63.4497951811087,10.415788805698629,24.846127402963702,0.9642157466608546,0.9750700962621843
63.4497951811087,10.416431921366284,24.202343857069454,0.9756297440715807,0.9938612978846213
63.4497951811087,10.41707503703394,23.43285327649455,0.9981440976487062,1.0015455474459256
63.4497951811087,10.417718152701596,22.586280716170435,1.0280891278850524,1.0017168509015275
63.4497951811087,10.418361268369251,21.75860923058843,1.0586177901428753,0.9995604853739983
63.4497951811087,10.419004384036906,21.003730307778323,1.0850466079614722,1.0001431231634024
63.4497951811087,10.419647499704562,20.36239666341841,1.1102976113369927,1.0004256928094142
63.4497951811087,10.420290615372219,19.805140591766442,1.136835598212366,1.0006995368721474
63.4497951811087,10.420933731039874,19.212533411838045,1.1663029432590801,1.0035585928837425
63.4497951811087,10.421576846707529,18.458419016988618,1.1934919222759377,1.0136813439982295
63.4497951811087,10.422219962375184,17.742330816864488,1.2246644730807092,1.0245963733560002
63.45004412964648,10.347296555437998,28.925484492682415,1.4999999999621514,0.07828462759215428
63.45004412964648,10.347939676697969,28.88839161310168,1.4999999999889044,0.08189696434499952
63.45004412964648,10.34858279795794,28.851862416631377,1.4999999999996783,0.08565816816066608
63.45004412964648,10.349225919217911,28.814141270451373,1.5000000000006,0.08977589525400578
63.45004412964648,10.349869040477882,28.7743031298687,1.5000000000005875,0.09419763422834836
63.45004412964648,10.350512161737853,28.736169230126507,1.500000000000231,0.09848480313699248
63.45004412964648,10.351155282997825,28.703476335385492,1.499999999999918,0.10220715796597982
63.45004412964648,10.351798404257796,28.67920804706972,1.4999999999998004,0.105038242178149
63.45004412964648,10.352441525517767,28.65927518833059,1.4999999999998335,0.10747108034371286
63.45004412964648,10.353084646777738,28.638678300820263,1.4999999999999358,0.11009065296835409
63.45004412964648,10.353727768037709,28.612980924661084,1.5000000000000178,0.11340693478791072
63.45004412964648,10.35437088929768,28.584645882028028,1.5000000000000393,0.11707492796849514
63.45004412964648,10.355014010557651,28.554975722332863,1.5000000000000173,0.12097894008072928
63.45004412964648,10.355657131817622,28.5253431348399,1.499999999999982,0.12499409938444032
63.45004412964648,10.356300253077594,28.496439433859415,1.499999999999953,0.1290589500466615
63.45004412964648,10.356943374337565,28.46671978201189,1.499999999999935,0.13330930896002594
63.45004412964648,10.357586495597536,28.438624130192025,1.499999999999914,0.13738021059886535
63.45004412964648,10.358229616857507,28.41404383328949,1.4999999999998774,0.14097899707879955
63.45004412964648,10.358872738117478,28.391887784337435,1.4999999999998241,0.14430189283718184
63.45004412964648,10.35951585937745,28.370648735177948,1.499999999999745,0.1475739213166864
63.45004412964648,10.36015898063742,28.35123201062029,1.4999999999996163,0.15059118711128738
63.45004412964648,10.360802101897391,28.33418111341401,1.4999999999994185,0.15320487496487337
63.45004412964648,10.361445223157363,28.32310885984368,1.4999999999991651,0.1548978055341751
63.45004412964648,10.362088344417334,28.315899001808887,1.4999999999987859,0.1560281155213557
63.45004412964648,10.362731465677305,28.30994047034767,1.4999999999981775,0.1570059316230567
63.45004412964648,10.363374586937276,28.303236861572007,1.4999999999975557,0.15813880248781342
63.45004412964648,10.364017708197247,28.297433086186903,1.4999999999981886,0.15907236409379452
63.45004412964648,10.364660829457218,28.29125875712012,1.4999999999975235,0.16004401402846144
63.45004412964648,10.36530395071719,28.283003422512902,1.4999999999925266,0.16137380282074223
63.45004412964648,10.36594707197716,28.270536289800553,1.4999999999919331,0.1634491569138315
63.45004412964648,10.366590193237132,28.254108506713415,1.5000000000085567,0.1662066901682839
63.45004412964648,10.367233314497103,28.238970380939776,1.5000000000087037,0.1687484898287369
63.45004412964648,10.367876435757074,28.23036023440741,1.4999999999580271,0.17018435234813895
63.45004412964648,10.368519557017045,28.228770212440825,1.4999999998966949,0.1704317149475948
63.45004412964648,10.369162678277016,28.22994650247252,1.499999999868502,0.17022906213141537
63.45004412964648,10.369805799536987,28.230648715215008,1.4999999998509832,0.1701084491946555
63.45004412964648,10.370448920796958,28.227406520873757,1.499999999826732,0.17063575657784738
63.45004412964648,10.37109204205693,28.22530602377586,1.5000000001482277,0.1709648421178155
63.45004412964648,10.3717351633169,28.226548377326516,1.500000000415038,0.17073458034077207
63.45004412964648,10.372378284576872,28.232240203914355,1.4999999999527927,0.16978866704526283
63.45004412964648,10.373021405836843,28.243064610838484,1.4999999983460985,0.16805056486121558
63.45004412964648,10.373664527096814,28.25374694036789,1.4999999964418775,0.16629998704907792
63.45004412964648,10.374307648356785,28.262509963777006,1.499999995467777,0.16483407895777358
63.45004412964648,10.374950769616756,28.267213956849634,1.4999999965264277,0.1640098285823559
63.45004412964648,10.375593890876727,28.26661621404568,1.50000000201272,0.16404100988860326
63.45004412964648,10.376237012136698,28.26722495216824,1.5000000113804315,0.16391320022464104
63.45004412964648,10.37688013339667,28.275089186719864,1.5000000105764575,0.16264453117903754
63.45004412964648,10.37752325465664,28.296516625222864,1.4999999851702384,0.15922674315659133
63.45004412964648,10.378166375916612,28.333708733038158,1.499999935592575,0.15337054375504763
63.45004412964648,10.378809497176583,28.37794123029586,1.4999998911719197,0.14649550081258564
63.45004412964648,10.379452618436554,28.41748651174198,1.4999998965018697,0.14042692259499898
63.45004412964648,10.380095739696525,28.440886717502845,1.4999999984945964,0.13693504828193942
63.45004412964648,10.389099437336123,27.930131904023664,1.499990474580022,0.22602426770495201
63.45004412964648,10.389742558596094,27.895190489820408,1.4999864656913966,0.23258218094324037
63.45004412964648,10.390385679856065,27.868511187641197,1.4999807886747556,0.23791933598560042
63.45004412964648,10.391028801116036,27.846694211782125,1.4999723438319505,0.24249621716782316
63.45004412964648,10.391671922376007,27.828747828275638,1.4999601452598543,0.24636845607324145
63.45004412964648,10.392315043635978,27.813926428256458,1.4999432522652703,0.24954528797587086
63.45004412964648,10.39295816489595,27.803029551355397,1.4999196609524306,0.2518586828152196
63.45004412964648,10.39360128615592,27.794351488428763,1.4998854018892276,0.25369044586389794
63.45004412964648,10.394244407415892,27.786083524703088,1.4998365831835851,0.2554426278130331
63.45004412964648,10.394887528675863,27.77622825104476,1.4997695097194554,0.25755360171358566
63.45004412964648,10.395530649935834,27.76425569419645,1.49967507990623,0.2601294623987078
63.45004412964648,10.396173771195805,27.751897892665905,1.4995398723293767,0.26279035476737767
63.45004412964648,10.396816892455776,27.740820367581367,1.4993508757738485,0.2651721129838752
63.45004412964648,10.397460013715747,27.733202813444297,1.499094633339667,0.26679512887584067
63.45004412964648,10.398103134975718,27.729170338445243,1.4987334839998239,0.2676273366000625
63.45004412964648,10.39874625623569,27.726774467039803,1.498224081116672,0.26808854922857295
63.45004412964648,10.39938937749566,27.724105027757673,1.49752493569501,0.2685872013884084
63.45004412964648,10.400032498755632,27.716848936540014,1.496584276690021,0.2700818903414485
63.45004412964648,10.400675620015603,27.705756703886404,1.4952741812713635,0.27237544786459933
63.45004412964648,10.401318741275574,27.69263520732113,1.4934699856377627,0.2750451463834716
63.45004412964648,10.401961862535545,27.679660980377612,1.491061058712441,0.27759511424217354
63.45004412964648,10.402604983795516,27.67289689667135,1.4878470971560334,0.2786159976923197
63.45004412964648,10.403248105055487,27.665338267285815,1.4834644759308373,0.27972596646831566
63.45004412964648,10.403891226315459,27.64927329110976,1.4775743453739485,0.28271378924850854
63.45004412964648,10.40453434757543,27.617128759105874,1.4699163289928265,0.2893602212864145
63.45004412964648,10.4051774688354,27.568790633846486,1.459887386606696,0.29964715916216556
63.45004412964648,10.405820590095372,27.51638344248411,1.4467588940258953,0.31056614364451124
63.45004412964648,10.406463711355343,27.472562500528372,1.4298612852447556,0.3189963996380757
63.45004412964648,10.407106832615314,27.445978386689028,1.408880954861164,0.32285744277808226
63.45004412964648,10.407749953875285,27.426213409083584,1.3825522343438965,0.32475474292478695
63.45004412964648,10.408393075135256,27.395597930633038,1.3498286636861834,0.329340805141973
63.45004412964648,10.409036196395228,27.33703694260867,1.3099206085301611,0.34110280226854395
63.45004412964648,10.409679317655199,27.236402034698745,1.2630515173695014,0.3643478590305564
63.45004412964648,10.41032243891517,27.1004442506934,1.210954574096922,0.4006677934114935
63.45004412964648,10.410965560175141,26.943189026720972,1.1557116648477872,0.4492845413434509
63.45004412964648,10.411608681435112,26.778807552216627,1.0991977150351435,0.5089029446212262
63.45004412964648,10.412251802695083,26.583956303457526,1.0455304952956703,0.5856661707402135
63.45004412964648,10.412894923955054,26.363292297916818,1.000914094220014,0.6714463223510765
63.45004412964648,10.413538045215025,26.122855498206622,0.9699489616302541,0.7583718251430365
63.45004412964648,10.414181166474997,25.88390606306182,0.9525511727042839,0.8393015059668267
63.45004412964648,10.414824287734968,25.659754854826925,0.9425739046449132,0.9017131588604265
63.45004412964648,10.415467408994939,25.37124616161533,0.9388755572328622,0.9472499783723022
63.45004412964648,10.41611053025491,24.95098891861028,0.939564792930097,0.977444611872937
63.45004412964648,10.416753651514881,24.363593033596047,0.949529110041817,0.9932443197758125
63.45004412964648,10.417396772774852,23.651894659590923,0.9700250942230324,0.9993409460520746
63.45004412964648,10.418039894034823,22.893219556140107,0.9953624123262053,1.0001645347365078
63.45004412964648,10.418683015294794,22.154449631605296,1.0210826738902283,0.9999254261505501
63.45004412964648,10.419326136554766,21.465497848952317,1.0454758334166947,0.9997918536164474
63.45004412964648,10.419969257814737,20.85291587886728,1.0699286093618148,0.9998616567414236
63.45004412964648,10.420612379074708,20.324715739070456,1.096941471661965,0.9998358865693879
63.45004412964648,10.421255500334679,19.887134021547535,1.128686862986644,0.9997177048245993
63.45004412964648,10.42189862159465,19.381881096723134,1.158185567947178,1.00550395647679
63.45004412964648,10.422541742854621,18.75907493608161,1.188947708053575,1.016262545136686
63.45004412964648,10.423184864114592,18.3053648447585,1.2207326767850195,1.0233084622409492
63.45029307818426,10.34761768720044,28.930120760769675,1.4999999999373703,0.07781594158697253
63.45029307818426,10.348260814052836,28.89082099837027,1.4999999999860398,0.08165089563118676
63.45029307818426,10.348903940905233,28.853955121170756,1.4999999999994238,0.08544940105904394
63.45029307818426,10.349547067757628,28.815818997860376,1.5000000000004112,0.08961171666815652
63.45029307818426,10.350190194610024,28.775740098518405,1.5000000000002136,0.09405804295475179
63.45029307818426,10.35083332146242,28.739985828213058,1.5000000000001392,0.09805752684124804
63.45029307818426,10.351476448314816,28.710414316580028,1.4999999999998832,0.10137823722275281
63.45029307818426,10.352119575167213,28.688861784942727,1.4999999999998601,0.10387067794344959
63.45029307818426,10.352762702019609,28.669773815691233,1.499999999999924,0.10618498646218404
63.45029307818426,10.353405828872004,28.645214339753235,1.4999999999999454,0.10926782238039795
63.45029307818426,10.354048955724402,28.61737905849112,1.5000000000000164,0.11281017793338145
63.45029307818426,10.354692082576797,28.59002304647524,1.5000000000000293,0.1162907091827709
63.45029307818426,10.355335209429192,28.56353766425563,1.5000000000000102,0.11974858018695093
63.45029307818426,10.35597833628159,28.541614659058695,1.4999999999999747,0.1227571709695845
63.45029307818426,10.356621463133985,28.51679249349415,1.4999999999999458,0.12624587727832604
63.45029307818426,10.357264589986382,28.489630127994587,1.4999999999999274,0.13010566963294512
63.45029307818426,10.357907716838778,28.464573718702457,1.4999999999998963,0.13368402546668082
63.45029307818426,10.358550843691173,28.442694744300137,1.499999999999854,0.1367989988574598
63.45029307818426,10.35919397054357,28.422124574274854,1.4999999999997888,0.1398519769453133
63.45029307818426,10.359837097395966,28.400987314674133,1.499999999999691,0.1430632954217958
63.45029307818426,10.360480224248361,28.380174401990764,1.4999999999995308,0.1461922364036811
63.45029307818426,10.361123351100758,28.362049930412507,1.4999999999993059,0.14884106848581882
63.45029307818426,10.361766477953154,28.35345706702568,1.4999999999990021,0.15007733625386993
63.45029307818426,10.362409604805551,28.348546120822853,1.4999999999985298,0.1508045007390652
63.45029307818426,10.363052731657946,28.343998919755926,1.4999999999978497,0.15157862746232056
63.45029307818426,10.363695858510342,28.337876455714337,1.4999999999971103,0.15257899158092406
63.45029307818426,10.364338985362739,28.333443607553342,1.4999999999973557,0.15322375292746768
63.45029307818426,10.364982112215134,28.328574685785494,1.4999999999946994,0.15394148793891424
63.45029307818426,10.36562523906753,28.321690474105644,1.4999999999896902,0.15503223501370245
63.45029307818426,10.366268365919927,28.310754447449593,1.499999999990305,0.1568687540786654
63.45029307818426,10.366911492772322,28.2962139809553,1.500000000003316,0.15932887176627836
63.45029307818426,10.36755461962472,28.28710314831284,1.4999999999774944,0.16088605942973308
63.45029307818426,10.368197746477115,28.28560072447512,1.4999999999420617,0.16114239794656623
63.45029307818426,10.36884087332951,28.285572536498208,1.4999999999038502,0.16108805075635993
63.45029307818426,10.369484000181908,28.286400493196194,1.4999999998831166,0.16089783631217436
63.45029307818426,10.370127127034303,28.281647590915203,1.4999999998467852,0.16161473329451873
63.45029307818426,10.370770253886699,28.27423950385785,1.499999999801039,0.16276009872844044
63.45029307818426,10.371413380739096,28.2745772124912,1.5000000000635982,0.16267956702166064
63.45029307818426,10.372056507591491,28.280143194628167,1.5000000000371463,0.1617552158642976
63.45029307818426,10.372699634443888,28.294875089849022,1.4999999991008945,0.15946564462233365
63.45029307818426,10.373342761296284,28.309648481579465,1.4999999981373113,0.15722954131028993
63.45029307818426,10.37398588814868,28.319409729489337,1.4999999968413062,0.15566423741467372
63.45029307818426,10.374629015001076,28.324830949261507,1.4999999968830895,0.1547278348088388
63.45029307818426,10.375272141853472,28.320631604931837,1.4999999991461466,0.1552366433091249
63.45029307818426,10.375915268705867,28.318572810537347,1.5000000011156458,0.15557253838034923
63.45029307818426,10.376558395558265,28.31974209462649,1.5000000052510158,0.15544533297156726
63.45029307818426,10.37720152241066,28.333354590377382,1.499999990049596,0.15334858834666767
63.45029307818426,10.377844649263057,28.36085118773391,1.4999999549862826,0.14911905621533791
63.45029307818426,10.378487776115453,28.397740432024754,1.4999999249727787,0.14343730453419584
63.45029307818426,10.379130902967848,28.440369920535048,1.499999911107999,0.136945394445161
63.45029307818426,10.379774029820245,28.467847750570836,1.4999999887344968,0.13284712177457705
63.45029307818426,10.38041715667264,28.478645179204136,1.5000001809042203,0.13133612118252058
63.45029307818426,10.38877780575379,27.94788039743824,1.4999923498842587,0.22303458271651483
63.45029307818426,10.389420932606185,27.903784594437365,1.4999890147340835,0.2310386674550519
63.45029307818426,10.390064059458583,27.872974926796406,1.4999845106907226,0.23708428104819743
63.45029307818426,10.390707186310978,27.848564542494913,1.4999777367453015,0.24213782415877277
63.45029307818426,10.391350313163374,27.828094829438946,1.4999677891365049,0.2465189489613714
63.45029307818426,10.39199344001577,27.810333160793054,1.4999537560464333,0.2502998003738622
63.45029307818426,10.392636566868166,27.79634991964549,1.4999344786208475,0.2532809249210584
63.45029307818426,10.393279693720562,27.786755967350793,1.499907575505484,0.25531901994595374
63.45029307818426,10.393922820572959,27.778532292528624,1.49986793627725,0.25706477309896386
63.45029307818426,10.394565947425354,27.770141599678663,1.4998126128642506,0.2588618106668396
63.45029307818426,10.395209074277751,27.75935238710698,1.4997360793813315,0.26119290418547014
63.45029307818426,10.395852201130147,27.746460538775324,1.4996293394880906,0.263985669992556
63.45029307818426,10.396495327982542,27.734173504889018,1.499473573176815,0.2666486895549708
63.45029307818426,10.39713845483494,27.7230534417274,1.499262754065812,0.2690676718868988
63.45029307818426,10.397781581687335,27.71630721363549,1.49897442081211,0.270507839531442
63.45029307818426,10.39842470853973,27.712834576624033,1.4985691231286387,0.27121587062850394
63.45029307818426,10.399067835392128,27.710173901212194,1.497989970408346,0.27171089060642584
63.45029307818426,10.399710962244523,27.706171241993435,1.497220704624938,0.272481715695843
63.45029307818426,10.40035408909692,27.694686030983235,1.4961835555844234,0.27493158499219794
63.45029307818426,10.400997215949316,27.679486538765236,1.4947274236397372,0.2781564025087109
63.45029307818426,10.401640342801711,27.660308529684357,1.4927254831620342,0.28223834928958025
63.45029307818426,10.402283469654108,27.64109438716704,1.4901215510193198,0.2862883335004555
63.45029307818426,10.402926596506504,27.6318856113937,1.4866547431020147,0.28792318822754676
63.45029307818426,10.403569723358899,27.619656148323873,1.4818445616428069,0.29015756340212395
63.45029307818426,10.404212850211296,27.597419319540105,1.4755265334966117,0.2946193556448381
63.45029307818426,10.404855977063692,27.559163169884357,1.4674925133960124,0.30275296119693196
63.45029307818426,10.405499103916089,27.507569844550588,1.4569480534790862,0.3138534586430024
63.45029307818426,10.406142230768484,27.46195474680507,1.4428965684432393,0.32316371373231256
63.45029307818426,10.40678535762088,27.431755907559474,1.4256214497330557,0.32851205677497686
63.45029307818426,10.407428484473277,27.41022628466049,1.4045085301383318,0.33160833901270637
63.45029307818426,10.408071611325672,27.389971655156977,1.3778103686965848,0.33422333105590674
63.45029307818426,10.408714738178068,27.343772121151734,1.3443084294558751,0.3434798374046341
63.45029307818426,10.409357865030465,27.278490310102,1.3059212946582064,0.35762985895272237
63.45029307818426,10.41000099188286,27.175148649925934,1.2608591546319234,0.3818849806394189
63.45029307818426,10.410644118735258,27.039092452742192,1.2110745638716436,0.41935328670937005
63.45029307818426,10.411287245587653,26.908729598335302,1.159144712507222,0.4617063211379579
63.45029307818426,10.411930372440048,26.786855389338402,1.107067575340542,0.5075732111236863
63.45029307818426,10.412573499292446,26.60257662334448,1.0557818416562486,0.5821864012794976
63.45029307818426,10.413216626144841,26.377555143503557,1.0146059320211398,0.6681253695521894
63.45029307818426,10.413859752997237,26.088826721840665,0.9863147386740486,0.7676779760362019
63.45029307818426,10.414502879849634,25.857281654276584,0.9653030959679224,0.8474212543876883
63.45029307818426,10.41514600670203,25.666356785477465,0.948185081976378,0.9074514663925477
63.45029307818426,10.415789133554426,25.378071211942437,0.933758744914547,0.9525866731104116
63.45029307818426,10.416432260406822,25.02032706881575,0.917908026551634,0.9791354263092241
63.45029307818426,10.417075387259217,24.470983007125756,0.9211561347642384,0.992093455996414
63.45029307818426,10.417718514111614,23.81153787111396,0.9373343293888957,0.9969114942284084
63.45029307818426,10.41836164096401,23.13889280766937,0.9584472115661529,0.9997216873746104
63.45029307818426,10.419004767816405,22.44518939988661,0.9796246813761478,0.9998735343324419
63.45029307818426,10.419647894668802,21.7955487502888,0.9997626703534943,0.9996392427433411
63.45029307818426,10.420291021521198,21.21965786570624,1.0234941604443157,0.9994044411323483
63.45029307818426,10.420934148373595,20.67497364570567,1.0567483252148997,0.9990766731055436
63.45029307818426,10.42157727522599,20.242077461221303,1.090722399201149,0.9990132943210188
63.45029307818426,10.422220402078386,20.0402044288595,1.1203984151012283,0.999627024277144
63.45029307818426,10.422863528930783,19.63862656246317,1.15077582289356,1.0074135611581536
63.45029307818426,10.423506655783179,19.272556563139617,1.185240909737348,1.0140841971546455
63.45029307818426,10.424149782635574,19.071821888490778,1.2179046910067426,1.0170546285760598
63.45029307818426,10.424792909487971,20.673604690357525,1.241828223410796,0.9675610611810127
63.45054202672204,10.347938824546972,,,
63.45054202672204,10.348581956991902,28.8936924737614,1.4999999999821727,0.08134902883393999
63.45054202672204,10.349225089436834,28.85767722214122,1.4999999999991578,0.08506780277777072
63.45054202672204,10.349868221881763,28.81937876937674,1.500000000000104,0.08924909243802455
63.45054202672204,10.350511354326693,28.782100382283552,1.5000000000004112,0.09336248175155372
63.45054202672204,10.351154486771625,28.750014844118503,1.5000000000002358,0.09688714279302345
63.45054202672204,10.351797619216555,28.7219255896587,1.4999999999999694,0.10002073730376226
63.45054202672204,10.352440751661485,28.700726364723966,1.4999999999999603,0.10246146731896232
63.45054202672204,10.353083884106416,28.676207698088884,1.499999999999916,0.10542204292495824
63.45054202672204,10.353727016551346,28.648379112277805,1.4999999999999527,0.10889162027631666
63.45054202672204,10.354370148996276,28.62118994881119,1.5000000000000178,0.11230507027449939
63.45054202672204,10.355013281441208,28.596473174106517,1.5000000000000278,0.11541562457375507
63.45054202672204,10.355656413886138,28.577225946788964,1.5000000000000107,0.11794659459232112
63.45054202672204,10.356299546331067,28.560528283572886,1.4999999999999696,0.12023622691391905
63.45054202672204,10.356942678775999,28.539131474233553,1.49999999999994,0.12321679409836311
63.45054202672204,10.357585811220929,28.515729083506297,1.499999999999912,0.1264886901982125
63.45054202672204,10.358228943665859,28.49448377943011,1.4999999999998779,0.12942276555135768
63.45054202672204,10.358872076110789,28.474453421071324,1.499999999999828,0.1322192313579617
63.45054202672204,10.35951520855572,28.454649556121645,1.4999999999997475,0.13511930978437575
63.45054202672204,10.36015834100065,28.432887122898432,1.4999999999996203,0.13833000840986664
63.45054202672204,10.36080147344558,28.410527825292597,1.4999999999994518,0.1415608877814351
63.45054202672204,10.361444605890512,28.393899578213855,1.4999999999991813,0.14393311877134948
63.45054202672204,10.362087738335442,28.38690689631735,1.499999999998806,0.1448961514304583
63.45054202672204,10.362730870780371,28.382101792823565,1.4999999999982687,0.1456455719682916
63.45054202672204,10.363374003225303,28.37826271459971,1.4999999999976208,0.14629748355603656
63.45054202672204,10.364017135670233,28.372632164125577,1.4999999999965656,0.1471595144818292
63.45054202672204,10.364660268115163,28.368982820897653,1.4999999999953963,0.14763451763937782
63.45054202672204,10.365303400560094,28.364469768097422,1.4999999999927773,0.14828658473371134
63.45054202672204,10.365946533005024,28.359752796816796,1.499999999989725,0.14903817424520222
63.45054202672204,10.366589665449954,28.352322136483714,1.4999999999885811,0.15033631839317865
63.45054202672204,10.367232797894886,28.34499432046953,1.4999999999800828,0.1516429651114418
63.45054202672204,10.367875930339816,28.34509102721731,1.4999999999686873,0.15169326082270235
63.45054202672204,10.368519062784745,28.3448671831508,1.4999999999511033,0.1516966759581677
63.45054202672204,10.369162195229677,28.34387291655075,1.499999999918862,0.15174850763309947
63.45054202672204,10.369805327674607,28.338288889378294,1.4999999998776585,0.15254495347930375
63.45054202672204,10.370448460119537,28.32648118058256,1.4999999998693567,0.1543277276496926
63.45054202672204,10.371091592564468,28.320658709883343,1.4999999997652678,0.1552233309383426
63.45054202672204,10.371734725009398,28.32450161972001,1.4999999998426121,0.15460080564576198
63.45054202672204,10.372377857454328,28.33839076127841,1.4999999992871622,0.15247086185484346
63.45054202672204,10.37302098989926,28.360116413478053,1.4999999987337347,0.1492348187378131
63.45054202672204,10.37366412234419,28.37353455058634,1.4999999983614491,0.1472307777259081
63.45054202672204,10.37430725478912,28.379953512913676,1.4999999979323129,0.14617430969896267
63.45054202672204,10.374950387234051,28.375764805869252,1.4999999999064526,0.1466690522337692
63.45054202672204,10.375593519678981,28.36775292984421,1.5000000006688234,0.1478062349497669
63.45054202672204,10.37623665212391,28.367156544842626,1.499999998064405,0.14798874337247997
63.45054202672204,10.376879784568843,28.374504553278655,1.4999999894339193,0.1469555824997632
63.45054202672204,10.377522917013772,28.39648376639525,1.499999956828034,0.14368702821769058
63.45054202672204,10.378166049458702,28.423184865301447,1.4999999386562373,0.13968637508109755
63.45054202672204,10.378809181903634,28.457190428329596,1.4999999375577306,0.1345422039849614
63.45054202672204,10.379452314348564,28.485297021413555,1.4999999977248875,0.13035502752703534
63.45054202672204,10.380095446793494,28.498054177206452,1.5000001633064306,0.12854629472400333
63.45054202672204,10.38909930102252,27.920917995044366,1.4999911145975358,0.22800738011128788
63.45054202672204,10.38974243346745,27.88178906726666,1.499987550686086,0.23533225241704916
63.45054202672204,10.390385565912382,27.85410298786887,1.4999822041513877,0.24102739860729946
63.45054202672204,10.391028698357312,27.8313715459601,1.499974071235808,0.24585074161950185
63.45054202672204,10.391671830802242,27.811374991596033,1.4999623738368462,0.250102006664108
63.45054202672204,10.392314963247173,27.794242518275748,1.4999470927409415,0.25373543064283616
63.45054202672204,10.392958095692103,27.78136397843921,1.4999251322159624,0.2564783958563636
63.45054202672204,10.393601228137033,27.772329669863876,1.4998940259870455,0.2583992812803701
63.45054202672204,10.394244360581965,27.763796475275612,1.4998489841326776,0.2602246990748041
63.45054202672204,10.394887493026895,27.75495859590167,1.4997873256155891,0.2621376647891615
63.45054202672204,10.395530625471824,27.743097128458682,1.4997011231767439,0.26472148277631996
63.45054202672204,10.396173757916756,27.72999664530619,1.4995773269239823,0.26757980859177805
63.45054202672204,10.396816890361686,27.717289214482136,1.4994060282883024,0.27036769741293654
63.45054202672204,10.397460022806616,27.70665276397224,1.499171562493579,0.27268917480094995
63.45054202672204,10.398103155251547,27.700795106000832,1.4988506025646795,0.2739324640162257
63.45054202672204,10.398746287696477,27.69725869633156,1.4983850696151322,0.2746294586537679
63.45054202672204,10.399389420141407,27.694731325907107,1.4977634415749304,0.2750632882238815
63.45054202672204,10.400032552586339,27.686090223567422,1.496918851198842,0.2768961089691293
63.45054202672204,10.400675685031269,27.669517077191937,1.495774519561374,0.28051356566218955
63.45054202672204,10.401318817476199,27.647603021742157,1.4941465297149294,0.285310248510609
63.45054202672204,10.40196194992113,27.620303460544037,1.4920356507510075,0.29132656987484695
63.45054202672204,10.40260508236606,27.598091295574417,1.489236603731697,0.296113475572092
63.45054202672204,10.40324821481099,27.58487993921578,1.4854475260192432,0.29871389339498894
63.45054202672204,10.403891347255922,27.56521548706607,1.4802864998168963,0.30272450841888116
63.45054202672204,10.404534479700851,27.537911307392385,1.4737831972608502,0.3084714964751044
63.45054202672204,10.405177612145781,27.496507878698708,1.4653891761368132,0.3174412673616695
63.45054202672204,10.405820744590713,27.450883077467477,1.4541194079210151,0.32718225653126004
63.45054202672204,10.406463877035643,27.420358874507848,1.4398697195479762,0.33301759054570296
63.45054202672204,10.407107009480573,27.39409220983437,1.4226518538763737,0.33779835229986926
63.45054202672204,10.407750141925504,27.372574742847902,1.4013957374744035,0.34137569066521
63.45054202672204,10.408393274370434,27.335670215365152,1.3740654272066986,0.34883608494075197
63.45054202672204,10.409036406815364,27.279070500689276,1.3421237734235734,0.3614853230138161
63.45054202672204,10.409679539260296,27.212233553802502,1.305691599805518,0.3766385193108703
63.45054202672204,10.410322671705226,27.109240673020476,1.2627895607027124,0.4017474412386811
63.45054202672204,10.410965804150155,27.00311379512239,1.2165122868367877,0.43255697518248365
63.45054202672204,10.411608936595087,26.92903538216969,1.16838860170049,0.4564845373179819
63.45054202672204,10.412252069040017,26.812233793859377,1.1210008397680549,0.5001769374337253
63.45054202672204,10.412895201484947,26.618085093007267,1.0747303320452335,0.5758819196705103
63.45054202672204,10.413538333929878,26.339109302917258,1.0395739356438756,0.6737648494222921
63.45054202672204,10.414181466374808,26.025144090865197,1.0095013236892891,0.7799504118691974
63.45054202672204,10.414824598819738,25.799655466679763,0.9826061240357412,0.8582045418736477
63.45054202672204,10.41546773126467,25.58832545185664,0.9559669692868072,0.9185449437376584
63.45054202672204,10.4161108637096,25.345971057675992,0.9246061449402173,0.9589338766642457
63.45054202672204,10.41675399615453,25.02826172284143,0.899868065465211,0.9810155121981221
63.45054202672204,10.417397128599461,24.509585067792163,0.8973366849886195,0.9916543898409523
63.45054202672204,10.418040261044391,23.919491338985495,0.9072907669480902,0.9977111560184507
63.45054202672204,10.41868339348932,23.274960860339398,0.9231436780179778,0.9999687462840907
63.45054202672204,10.419326525934252,22.61722302065167,0.9387968114844403,0.9998864905633863
63.45054202672204,10.419969658379182,22.004846739860383,0.9559056997367857,0.9995466783497198
63.45054202672204,10.420612790824112,21.421199854334745,0.9833388796328058,0.9991333838375728
63.45054202672204,10.421255923269044,20.81149204273159,1.0202803151071838,0.9992172691653932
63.45054202672204,10.421899055713974,20.417655552701405,1.0533028470880774,0.9993046234756182
63.45054202672204,10.422542188158904,20.31013679487851,1.0814752246929402,0.999326279637877
63.45054202672204,10.423185320603835,20.26601533256836,1.1123386251171146,1.0003461904701134
63.45054202672204,10.423828453048765,20.053740527123487,1.1470881088978928,1.0056835042742767
63.45054202672204,10.424471585493695,19.997552897279846,1.1823557378645355,1.0069629252718344
63.45054202672204,10.425114717938627,19.923050255275,1.2169569261055393,1.0080393207587448
63.45054202672204,10.425757850383556,20.73858168353448,1.2468160884573491,0.9883988877417675
63.45054202672204,10.426400982828486,,,
63.45054202672204,10.427044115273418,,,
63.45079097525982,10.348259967477757,,,
63.45079097525982,10.348903105515332,28.89319702207208,1.4999999999879412,0.08148486640557512
63.45079097525982,10.349546243552906,28.863312912852223,1.4999999999992986,0.08447470935944082
63.45079097525982,10.35018938159048,28.826805596389868,1.5000000000005078,0.0884446774137304
63.45079097525982,10.350832519628055,28.793729036269685,1.5000000000006992,0.09202918006552352
63.45079097525982,10.351475657665627,28.763150099532254,1.5000000000003435,0.09536678312992428
63.45079097525982,10.352118795703202,28.7352000568781,1.5000000000000184,0.098483299509693
63.45079097525982,10.352761933740776,28.7088385458856,1.4999999999999207,0.10154601780337745
63.45079097525982,10.35340507177835,28.680267498334903,1.4999999999999098,0.10499508529115288
63.45079097525982,10.354048209815925,28.653008091846452,1.4999999999999558,0.10835143319267321
63.45079097525982,10.3546913478535,28.62849215388944,1.5000000000000107,0.11138474516482635
63.45079097525982,10.355334485891074,28.609503962546164,1.5000000000000242,0.11377380315291351
63.45079097525982,10.355977623928649,28.594818584348616,1.500000000000003,0.11568438834340183
63.45079097525982,10.356620761966223,28.580849705281338,1.4999999999999631,0.11755923423806494
63.45079097525982,10.357263900003796,28.5629637565843,1.4999999999999292,0.11999533659585804
63.45079097525982,10.35790703804137,28.544707430025003,1.4999999999998983,0.12244891215932831
63.45079097525982,10.358550176078944,28.52592867638977,1.4999999999998583,0.12498007097424335
63.45079097525982,10.359193314116519,28.50673096931267,1.4999999999997942,0.1276251630127429
63.45079097525982,10.359836452154093,28.48681976348995,1.4999999999996951,0.13046992177614736
63.45079097525982,10.360479590191668,28.464970224715383,1.4999999999995621,0.1335760721876271
63.45079097525982,10.361122728229242,28.444541654012394,1.4999999999993552,0.1364863050414292
63.45079097525982,10.361765866266817,28.42980488449449,1.4999999999990294,0.13857791198190866
63.45079097525982,10.36240900430439,28.42232182184625,1.499999999998622,0.1396591373908574
63.45079097525982,10.363052142341964,28.4171574601317,1.499999999998128,0.14045731369872222
63.45079097525982,10.363695280379538,28.413310541878367,1.499999999997186,0.1410572945649416
63.45079097525982,10.364338418417113,28.408734623055285,1.499999999995644,0.1416991492816298
63.45079097525982,10.364981556454687,28.404423963286742,1.4999999999945794,0.14227848460747308
63.45079097525982,10.365624694492261,28.40165725143371,1.4999999999935527,0.142671345723097
63.45079097525982,10.366267832529836,28.400926135374583,1.4999999999885374,0.14282638835030123
63.45079097525982,10.36691097056741,28.40009696365081,1.4999999999786735,0.14309919839570667
63.45079097525982,10.367554108604983,28.403012316402886,1.499999999977088,0.142738380782426
63.45079097525982,10.368197246642557,28.404965067417393,1.499999999973579,0.14244656593318195
63.45079097525982,10.368840384680132,28.402888778372375,1.4999999999482774,0.1426986404154597
63.45079097525982,10.369483522717706,28.39611413570202,1.4999999999043265,0.14362878421831202
63.45079097525982,10.37012666075528,28.383223241677463,1.499999999911235,0.14553634420921585
63.45079097525982,10.370769798792855,28.372154253051296,1.499999999876439,0.1472129433038197
63.45079097525982,10.37141293683043,28.369940275386444,1.4999999996989373,0.14757391969982217
63.45079097525982,10.372056074868004,28.38067090174217,1.4999999993523059,0.14597989009017098
63.45079097525982,10.372699212905577,28.400794414204874,1.4999999988886863,0.14301427166781666
63.45079097525982,10.373342350943151,28.420469563760125,1.499999998618513,0.14009186942084068
63.45079097525982,10.373985488980725,28.430267748648753,1.4999999986845658,0.13859816534705552
63.45079097525982,10.3746286270183,28.4278080457791,1.500000000633448,0.13887217181048161
63.45079097525982,10.375271765055874,28.41931271446744,1.5000000026789344,0.14007060229529056
63.45079097525982,10.375914903093449,28.413512250513918,1.5000000000117917,0.14093559026183228
63.45079097525982,10.376558041131023,28.417747884368882,1.4999999898965966,0.1404217141349998
63.45079097525982,10.377201179168598,28.434311028945068,1.4999999615713098,0.13806475150601832
63.45079097525982,10.37784431720617,28.456882629206653,1.4999999398761408,0.13479460029758494
63.45079097525982,10.378487455243745,28.48033968655976,1.4999999501037438,0.131348499968244
63.45079097525982,10.37913059328132,28.502902913378808,1.5000000075960966,0.12800562288608697
63.45079097525982,10.379773731318894,28.514397001882024,1.5000001525460167,0.12638353875648858
63.45079097525982,10.388777663844932,27.945932485986294,1.499992838388608,0.22361026060392916
63.45079097525982,10.389420801882506,27.89753559958269,1.4999898605835056,0.23236810910216418
63.45079097525982,10.390063939920081,27.863547336913243,1.4999860171011106,0.2390773472295935
63.45079097525982,10.390707077957655,27.837773676036463,1.4999794099785517,0.2445005646334018
63.45079097525982,10.39135021599523,27.81594265692831,1.4999698284715102,0.24915345083786522
63.45079097525982,10.391993354032804,27.796701243753695,1.4999573561844604,0.253243534665129
63.45079097525982,10.392636492070379,27.780688503003763,1.4999399754032368,0.25664097886877174
63.45079097525982,10.393279630107953,27.768819881035373,1.4999153701557537,0.2591630072373488
63.45079097525982,10.393922768145526,27.759383043484586,1.499880101254081,0.2611777345078996
63.45079097525982,10.3945659061831,27.750368542775202,1.4998306091331086,0.2631258077172994
63.45079097525982,10.395209044220675,27.740296167505708,1.499761096536241,0.2653276240137785
63.45079097525982,10.395852182258249,27.727553038207795,1.4996639375654022,0.2681260139724673
63.45079097525982,10.396495320295823,27.714016655431713,1.4995282973113375,0.2711114927738256
63.45079097525982,10.397138458333398,27.701535544577716,1.4993400607073961,0.2738573755249221
63.45079097525982,10.397781596370972,27.691949473812336,1.4990804021113313,0.2759404440906651
63.45079097525982,10.398424734408547,27.68673118297869,1.4987193381065858,0.27702214584843027
63.45079097525982,10.39906787244612,27.68312656194432,1.4982242834209718,0.27771534591121844
63.45079097525982,10.399711010483694,27.676092518711616,1.4975476381672348,0.27919407984645667
63.45079097525982,10.400354148521268,27.661230907365724,1.496630606028216,0.2824713899623912
63.45079097525982,10.400997286558843,27.63734928862205,1.4953657632941046,0.287800732219572
63.45079097525982,10.401640424596417,27.607556271708674,1.4936731738800755,0.2944679927357147
63.45079097525982,10.402283562633992,27.57780888513607,1.4914202056252208,0.30108410223387905
63.45079097525982,10.402926700671566,27.55434112729159,1.4884390179465885,0.3061927537065301
63.45079097525982,10.40356983870914,27.53258629883336,1.4843939597655387,0.31084060181561207
63.45079097525982,10.404212976746713,27.50695529890301,1.479163867129599,0.3163844728364348
63.45079097525982,10.404856114784288,27.4766276799196,1.4724178197204185,0.3229902028977202
63.45079097525982,10.405499252821862,27.437390830828587,1.4636288873312622,0.33157967683664663
63.45079097525982,10.406142390859436,27.405983737621646,1.4522775488103783,0.3380361443552692
63.45079097525982,10.40678552889701,27.378765550583637,1.4382479399652204,0.34339396975627046
63.45079097525982,10.407428666934585,27.350808703535744,1.4210559382057257,0.3490075196786358
63.45079097525982,10.40807180497216,27.31770555135243,1.399577355167847,0.3560272007430086
63.45079097525982,10.408714943009734,27.267495349117002,1.373702611271248,0.36762172748678007
63.45079097525982,10.409358081047309,27.20590994735108,1.3436084208002503,0.3822081669380875
63.45079097525982,10.410001219084881,27.136830474225828,1.3089786035720172,0.39855850191528275
63.45079097525982,10.410644357122456,27.063276759368286,1.2693134695055985,0.4168359993525656
63.45079097525982,10.41128749516003,27.013658443113997,1.22687384554988,0.4298128849601019
63.45079097525982,10.411930633197604,26.937650821747535,1.1833305964316394,0.4540529237364719
63.45079097525982,10.412573771235179,26.797319858609956,1.1404695505926683,0.5041245333701697
63.45079097525982,10.413216909272753,26.55507450724557,1.1031688771601775,0.5879780852290369
63.45079097525982,10.413860047310328,26.244458144391,1.0691666174530043,0.6923083070740849
63.45079097525982,10.414503185347902,25.931440625438984,1.0345334988989696,0.7966076032724728
63.45079097525982,10.415146323385475,25.693565702062475,0.9990970490087819,0.8753784030886878
63.45079097525982,10.41578946142305,25.48739107374533,0.9582133214114879,0.9305443425105495
63.45079097525982,10.416432599460624,25.26531333257037,0.9187225933594416,0.9649200342047961
63.45079097525982,10.417075737498198,24.949138902341872,0.8897829129246047,0.9838704080017368
63.45079097525982,10.417718875535773,24.46630961752976,0.8808004652004238,0.9937913218737506
63.45079097525982,10.418362013573347,23.90083683444538,0.8821085903513237,0.9987565153901335
63.45079097525982,10.419005151610921,23.283517854630077,0.8913123490808764,1.0001799696458646
63.45079097525982,10.419648289648496,22.658326584688243,0.9030828743827514,0.99992957542911
63.45079097525982,10.420291427686069,22.047077347433124,0.9202600567976729,0.9995936870470461
63.45079097525982,10.420934565723643,21.42393856879765,0.9478602860473687,0.9995363190942651
63.45079097525982,10.421577703761217,20.880056085022552,0.9811832169396782,0.9996555068752833
63.45079097525982,10.422220841798792,20.525681523051468,1.0132171635734921,0.9998931319021991
63.45079097525982,10.422863979836366,20.418836075974642,1.042055775647379,1.0001882203239805
63.45079097525982,10.42350711787394,20.465214250676823,1.0721349104143545,1.0003115826480762
63.45079097525982,10.424150255911515,20.551193550693625,1.10649876074615,1.0005505670710686
63.45079097525982,10.42479339394909,20.607128424754748,1.1445699492383175,1.0005752031957695
63.45079097525982,10.425436531986662,20.641148357221404,1.1820663307840877,1.0001128207023897
63.45079097525982,10.426079670024237,20.65173868389004,1.2191476217161383,1.0001112350483947
63.45079097525982,10.426722808061811,,,
63.45079097525982,10.427365946099385,,,
63.45103992379761,10.349224259623288,28.904100405808947,1.4999999999680782,0.08037966276954037
63.45103992379761,10.349867403253615,28.870650233736136,1.499999999999793,0.08370245940768453
63.45103992379761,10.350510546883942,28.836792881090226,1.5000000000009148,0.08733359411462774
63.45103992379761,10.35115369051427,28.805096396073026,1.5000000000006473,0.09074465173395457
63.45103992379761,10.351796834144597,28.775717475540763,1.5000000000000993,0.09394864562440877
63.45103992379761,10.352439977774925,28.74805967064044,1.4999999999999303,0.09703379839981931
63.45103992379761,10.353083121405252,28.71919379267881,1.499999999999871,0.100398209998769
63.45103992379761,10.35372626503558,28.690459433622514,1.4999999999998923,0.10383907427479537
63.45103992379761,10.354369408665907,28.66412897668097,1.4999999999999463,0.10702990175478773
63.45103992379761,10.355012552296234,28.64251039614382,1.499999999999994,0.10964169084725345
63.45103992379761,10.355655695926561,28.627775896902424,1.5000000000000018,0.11144760278149685
63.45103992379761,10.356298839556889,28.615539427779268,1.4999999999999831,0.11299477778106888
63.45103992379761,10.356941983187216,28.602190137527618,1.499999999999953,0.11474130489894188
63.45103992379761,10.357585126817543,28.586191199899307,1.4999999999999192,0.11684643926099558
63.45103992379761,10.35822827044787,28.570133453818766,1.4999999999998845,0.11893414499468598
63.45103992379761,10.358871414078198,28.553432563505876,1.4999999999998344,0.12114148434717413
63.45103992379761,10.359514557708525,28.537096126199472,1.4999999999997533,0.12338766134004084
63.45103992379761,10.360157701338853,28.51795140413089,1.4999999999996445,0.12608461748645866
63.45103992379761,10.36080084496918,28.497789823662224,1.4999999999994844,0.12892637800063655
63.45103992379761,10.361443988599508,28.480825956853163,1.4999999999992282,0.13131794058943655
63.45103992379761,10.362087132229835,28.47038086494714,1.4999999999988376,0.13278051687240755
63.45103992379761,10.362730275860162,28.46310761920133,1.4999999999984115,0.13383643071887663
63.45103992379761,10.36337341949049,28.457755897805153,1.4999999999977054,0.13462943675773675
63.45103992379761,10.364016563120817,28.452672987212306,1.4999999999963836,0.13534943865342894
63.45103992379761,10.364659706751144,28.44666581678262,1.499999999994561,0.1361319946440274
63.45103992379761,10.365302850381472,28.44509494687808,1.4999999999941598,0.1363063090815274
63.45103992379761,10.365945994011799,28.445629595478813,1.499999999991572,0.13621949288205765
63.45103992379761,10.366589137642126,28.448633906918914,1.4999999999835485,0.1358558851802278
63.45103992379761,10.367232281272454,28.454195993512812,1.4999999999763898,0.1351691778984717
63.45103992379761,10.367875424902781,28.45854725275838,1.499999999971544,0.1345386339960997
63.45103992379761,10.368518568533108,28.460180143666545,1.499999999954261,0.1342506842666195
63.45103992379761,10.369161712163438,28.454518866080463,1.4999999998987212,0.13496805093982892
63.45103992379761,10.369804855793765,28.442955876482152,1.499999999895094,0.13664394545374245
63.45103992379761,10.370447999424092,28.429419127042205,1.4999999999158828,0.13867297611621232
63.45103992379761,10.37109114305442,28.421126797291155,1.4999999998419533,0.13994576888904262
63.45103992379761,10.371734286684747,28.425009113935158,1.4999999996609137,0.13940417554213838
63.45103992379761,10.372377430315074,28.440250222901927,1.4999999991523685,0.13717722823406445
63.45103992379761,10.373020573945402,28.45969941863057,1.4999999986816714,0.13431511763774334
63.45103992379761,10.37366371757573,28.473977546142702,1.4999999985223167,0.1321849607564947
63.45103992379761,10.374306861206056,28.47503669194128,1.4999999988723496,0.13195998342718993
63.45103992379761,10.374950004836384,28.468521857817123,1.5000000019174904,0.1328771380287429
63.45103992379761,10.375593148466711,28.460699797688918,1.5000000025039022,0.13403262087962636
63.45103992379761,10.376236292097039,28.46083622857399,1.4999999964296404,0.13410765327349025
63.45103992379761,10.376879435727366,28.472492159836026,1.4999999822980792,0.1325778343608557
63.45103992379761,10.377522579357693,28.49074320379983,1.4999999605392758,0.13003588518701056
63.45103992379761,10.37816572298802,28.512310768729378,1.4999999585523285,0.1269685529746595
63.45103992379761,10.378808866618348,28.529529330547067,1.5000000003154446,0.12445414919166542
63.45103992379761,10.379452010248675,28.539059844894417,1.5000001523442859,0.12309091988237073
63.45103992379761,10.389099164703586,27.920934787577515,1.4999918243663406,0.22811620612749528
63.45103992379761,10.389742308333913,27.878203780897206,1.4999886370750175,0.2360822509531478
63.45103992379761,10.39038545196424,27.847726206925437,1.4999840027708682,0.24237744821359442
63.45103992379761,10.391028595594568,27.822981401196216,1.4999762143426807,0.2476411285242032
63.45103992379761,10.391671739224895,27.801853642994455,1.4999663021345007,0.2521503206238354
63.45103992379761,10.392314882855223,27.78363802993597,1.4999525810530625,0.25602999312742464
63.45103992379761,10.39295802648555,27.76905221950206,1.4999328628084476,0.25913537686413934
63.45103992379761,10.393601170115877,27.75862106971025,1.499905461739246,0.2613550075951824
63.45103992379761,10.394244313746205,27.748787120317864,1.4998675634285874,0.2634761195917321
63.45103992379761,10.394887457376532,27.738627740516456,1.4998124892075035,0.2656929961823764
63.45103992379761,10.39553060100686,27.72626069996027,1.4997344840503681,0.26841363037926125
63.45103992379761,10.396173744637187,27.712224752306152,1.4996303290558117,0.27151469497264397
63.45103992379761,10.396816888267514,27.698597456772912,1.4994850446907524,0.27452476171445184
63.45103992379761,10.397460031897841,27.68693551365574,1.499277869626085,0.27708517906551217
63.45103992379761,10.398103175528169,27.679436654947022,1.498991839526654,0.2786886758619866
63.45103992379761,10.398746319158496,27.673417283121207,1.4986152600644798,0.2799606038118811
63.45103992379761,10.399389462788823,27.66590270996446,1.4980896617647352,0.2815734181494187
63.45103992379761,10.40003260641915,27.652817290302416,1.4973549067324385,0.28446591103681496
63.45103992379761,10.400675750049478,27.628947717745646,1.496368252576113,0.2898528889665821
63.45103992379761,10.401318893679806,27.598628654020136,1.495083030956512,0.2967067365006429
63.45103992379761,10.401962037310133,27.56565416964174,1.493314143741864,0.30413819147390025
63.45103992379761,10.40260518094046,27.53559223272669,1.4909118536488803,0.3108496915605176
63.45103992379761,10.403248324570788,27.51340876179625,1.4878175604825468,0.3157082637036658
63.45103992379761,10.403891468201115,27.48741894277684,1.4838249431547166,0.32153913316743316
63.45103992379761,10.404534611831442,27.457611228053384,1.47848331895953,0.32824456483570663
63.45103992379761,10.40517775546177,27.42092475282576,1.471462891535926,0.3365276501851351
63.45103992379761,10.405820899092099,27.382439943320477,1.4628058859322484,0.34516722535344285
63.45103992379761,10.406464042722426,27.352812138743555,1.4518511064456974,0.3514580175835423
63.45103992379761,10.407107186352754,27.324650371019363,1.4379808903335507,0.3573921235605555
63.45103992379761,10.407750329983081,27.294768523260625,1.4208610319512316,0.3638433011541852
63.45103992379761,10.408393473613408,27.2494269397105,1.4007558996375613,0.37470678444376
63.45103992379761,10.409036617243736,27.190634856501944,1.3766518056208485,0.38924287394227697
63.45103992379761,10.409679760874063,27.122755813946263,1.3482043384762505,0.40608273205662737
63.45103992379761,10.41032290450439,27.04509223458472,1.3156610641693671,0.42555854538904736
63.45103992379761,10.410966048134718,27.002357398918626,1.2793986265342694,0.43401685974607446
63.45103992379761,10.411609191765045,26.95676396314248,1.2410439180284056,0.4455604208823136
63.45103992379761,10.412252335395372,26.86577032468426,1.2025030706798532,0.47502570208959133
63.45103992379761,10.4128954790257,26.694258000350626,1.1646836326831036,0.533786842739496
63.45103992379761,10.413538622656027,26.408767245800753,1.1287253082465478,0.6273168904363852
63.45103992379761,10.414181766286355,26.08789715551116,1.093511563909515,0.7313262584369415
63.45103992379761,10.414824909916682,25.80025317298111,1.0558036680905225,0.8235304681970903
63.45103992379761,10.41546805354701,25.569244320597335,1.0119204956868058,0.8953175503250218
63.45103992379761,10.416111197177337,25.376264982303947,0.9632829448427361,0.9429007139837399
63.45103992379761,10.416754340807664,25.1303682255869,0.9205508436139165,0.9723965067591516
63.45103992379761,10.417397484437991,24.755673188660275,0.8924657750971025,0.9882792073595384
63.45103992379761,10.418040628068319,24.264348671542518,0.878502901729674,0.9961425504894652
63.45103992379761,10.418683771698646,23.71199382170087,0.8734762613047083,0.9995049089313537
63.45103992379761,10.419326915328973,23.127600152538516,0.8744280932125542,1.0002147235331214
63.45103992379761,10.4199700589593,22.56872603930659,0.8745391945683544,0.9999760672256549
63.45103992379761,10.420613202589628,21.959426186567235,0.8890392018835014,0.9997873155612137
63.45103992379761,10.421256346219955,21.38833276624748,0.9121238844416498,0.9997928367803747
63.45103992379761,10.421899489850283,20.93629591271676,0.9390332621051068,0.9999622667686368
63.45103992379761,10.42254263348061,20.656448985102042,0.9669428482742956,1.000192613775231
63.45103992379761,10.423185777110938,20.572435560658967,0.9962794701306577,1.0003047322539445
63.45103992379761,10.423828920741265,20.641304183494025,1.0269208732036073,1.0002426298444353
63.45103992379761,10.424472064371592,20.75982071892303,1.0633623400703778,0.9998852425777943
63.45103992379761,10.42511520800192,20.84111660256628,1.1061120391838246,0.9995325652483135
63.45103992379761,10.425758351632247,20.869384991016116,1.147176278982566,0.9993569541986698
63.45103992379761,10.426401495262574,20.862958803938763,1.1877799912763214,0.9995441229169143
63.45103992379761,10.427044638892902,20.873551146445966,1.2279323705583822,1.0003618966130192
63.45103992379761,10.427687782523229,,,
63.45128887233539,10.349545419315934,28.953610999178395,1.4999999998604,0.07516601037109698
63.45128887233539,10.350188568539124,28.879377805232025,1.4999999999996994,0.0828304172482019
63.45128887233539,10.350831717762315,28.84837404151144,1.5000000000007903,0.08610542825310508
63.45128887233539,10.351474866985505,28.818281601133318,1.5000000000000093,0.08933271953717922
63.45128887233539,10.352118016208694,28.79040434859792,1.5000000000000127,0.09233948281612728
63.45128887233539,10.352761165431884,28.76309074653588,1.4999999999999034,0.09534788031493611
63.45128887233539,10.353404314655075,28.734264265021906,1.4999999999998697,0.09869253942075772
63.45128887233539,10.354047463878265,28.70627609875526,1.499999999999892,0.10200834454869036
63.45128887233539,10.354690613101454,28.68133835187837,1.4999999999999352,0.10494785264254958
63.45128887233539,10.355333762324644,28.66108409099547,1.4999999999999865,0.1073188934552679
63.45128887233539,10.355976911547835,28.64837371418198,1.4999999999999911,0.1088177125711012
63.45128887233539,10.356620060771025,28.636219273470473,1.499999999999976,0.11032502671946318
63.45128887233539,10.357263209994214,28.62161831689554,1.4999999999999438,0.11222625648770568
63.45128887233539,10.357906359217404,28.60566623244479,1.4999999999999059,0.1142715126311851
63.45128887233539,10.358549508440595,28.591297354537353,1.4999999999998654,0.11608299712520732
63.45128887233539,10.359192657663785,28.57859739742095,1.4999999999997995,0.11774912233517067
63.45128887233539,10.359835806886974,28.56733457206227,1.4999999999997113,0.11932497946847426
63.45128887233539,10.360478956110164,28.551294963673556,1.4999999999995808,0.12158466022065711
63.45128887233539,10.361122105333354,28.534357599372562,1.4999999999993854,0.12394571264349288
63.45128887233539,10.361765254556545,28.523224700608594,1.4999999999990592,0.1254624229824342
63.45128887233539,10.362408403779733,28.516745338723087,1.499999999998615,0.12635106538360225
63.45128887233539,10.363051553002924,28.51062356136748,1.4999999999980975,0.1272234735877878
63.45128887233539,10.363694702226114,28.50342433578577,1.4999999999971307,0.1282234987813797
63.45128887233539,10.364337851449305,28.49132062872809,1.4999999999947253,0.1298149139451735
63.45128887233539,10.364981000672493,28.485343350542074,1.4999999999930642,0.13056203551574783
63.45128887233539,10.365624149895684,28.486232676285844,1.4999999999925984,0.13038384500997358
63.45128887233539,10.366267299118874,28.49066095957076,1.499999999988304,0.1297872060992609
63.45128887233539,10.366910448342065,28.503552294028836,1.4999999999961158,0.12815882786762786
63.45128887233539,10.367553597565253,28.511307085566024,1.499999999981998,0.1271584478325899
63.45128887233539,10.368196746788444,28.515641138092118,1.4999999999630778,0.12648268612698696
63.45128887233539,10.368839896011634,28.51137744901926,1.4999999999029232,0.1269397010620843
63.45128887233539,10.369483045234825,28.49915158432546,1.4999999998156528,0.12853640491580895
63.45128887233539,10.370126194458013,28.48766227960041,1.4999999998426476,0.13024760925232126
63.45128887233539,10.370769343681204,28.476286036740955,1.4999999998779927,0.1319853324893394
63.45128887233539,10.371412492904394,28.476994969211773,1.499999999934018,0.13194003176788047
63.45128887233539,10.372055642127584,28.48453729737311,1.4999999999190836,0.1308647599498004
63.45128887233539,10.372698791350773,28.49978361301322,1.499999999309374,0.12862238377413454
63.45128887233539,10.373341940573964,28.514224633006513,1.4999999986899961,0.12647902485704499
63.45128887233539,10.373985089797154,28.51431044303523,1.4999999973881573,0.12637456348645393
63.45128887233539,10.374628239020344,28.509793744583607,1.499999997244486,0.1269710249375174
63.45128887233539,10.375271388243533,28.501785749812157,1.500000000156454,0.1281495515040197
63.45128887233539,10.375914537466723,28.501115642070776,1.4999999990577713,0.12834926563661214
63.45128887233539,10.376557686689914,28.515356333495173,1.4999999992628332,0.12654612490948747
63.45128887233539,10.377200835913104,28.53175790926397,1.4999999904823067,0.12439822462544496
63.45128887233539,10.377843985136293,28.551823966852773,1.4999999780427036,0.12164215778446211
63.45128887233539,10.378487134359483,28.563324258699154,1.499999990308818,0.11998947057277091
63.45128887233539,10.379130283582674,28.56940532741574,1.5000001011927502,0.11905845391964093
63.45128887233539,10.389420671153713,27.898958014957874,1.4999908217506548,0.2321238681827351
63.45128887233539,10.390063820376904,27.862003111878693,1.4999873779570527,0.23936486963502238
63.45128887233539,10.390706969600092,27.83231275696527,1.4999815227085964,0.24554480163440776
63.45128887233539,10.391350118823283,27.808672135916353,1.4999733008403247,0.2506653819701096
63.45128887233539,10.391993268046473,27.788452470745636,1.499962696204737,0.25500285536099004
63.45128887233539,10.392636417269664,27.771917251297786,1.4999472420751794,0.25854786897646254
63.45128887233539,10.393279566492852,27.76101707646043,1.4999251642453555,0.2608610342043984
63.45128887233539,10.393922715716043,27.75108006112061,1.4998950189565994,0.26298290203219366
63.45128887233539,10.394565864939233,27.74031233371441,1.4998533977714286,0.2653280771947646
63.45128887233539,10.395209014162424,27.72689068903896,1.4997913274336259,0.2682778138295146
63.45128887233539,10.395852163385612,27.71029629599745,1.4997078505885932,0.27195414875396234
63.45128887233539,10.396495312608803,27.696337877563906,1.499594672854078,0.27504092219677195
63.45128887233539,10.397138461831993,27.683203069907936,1.4994371747296174,0.27793984006392586
63.45128887233539,10.397781611055184,27.674051508940433,1.499207301994359,0.2799212295484752
63.45128887233539,10.398424760278372,27.668784999621124,1.4989069923570508,0.2810166326805431
63.45128887233539,10.399067909501563,27.659662968379024,1.4985060788466344,0.28302819416794484
63.45128887233539,10.399711058724753,27.64646903186828,1.497941912333137,0.2859785134843813
63.45128887233539,10.400354207947943,27.6207948592127,1.497149647416462,0.291829958758675
63.45128887233539,10.400997357171132,27.589167939717274,1.496135783699539,0.2990613879728408
63.45128887233539,10.401640506394322,27.555773665816805,1.4948014898668864,0.3066525761166293
63.45128887233539,10.402283655617513,27.52331857716032,1.492926691716061,0.31397688038594523
63.45128887233539,10.402926804840703,27.50326775493055,1.4904447829018983,0.31831822594902603
63.45128887233539,10.403569954063892,27.48165899953365,1.4873415997080346,0.32317917871650903
63.45128887233539,10.404213103287082,27.451645491671655,1.4833117303256196,0.33015353141517334
63.45128887233539,10.404856252510273,27.41196940819001,1.4777627910883615,0.3394253562790839
63.45128887233539,10.405499401733463,27.358924726694745,1.4708848554456957,0.35207900173181367
63.45128887233539,10.406142550956654,27.31863057049938,1.4624731280574157,0.3614171311776704
63.45128887233539,10.406785700179842,27.28909366953741,1.4517643441638168,0.3679343087934416
63.45128887233539,10.407428849403033,27.26178675613886,1.4379761107827007,0.3738773844542503
63.45128887233539,10.408071998626223,27.229490580851838,1.4220271857403821,0.38126673451114906
63.45128887233539,10.408715147849414,27.170071657285792,1.403288019336403,0.3964779646829772
63.45128887233539,10.409358297072602,27.100661459212837,1.3806643817908886,0.414484881657725
63.45128887233539,10.410001446295793,27.014368198411766,1.3540660559565472,0.4373311664470348
63.45128887233539,10.410644595518983,26.90871360252807,1.3250569837118333,0.46604151640853525
63.45128887233539,10.411287744742173,26.860419161012793,1.2924462262944796,0.47670369313760336
63.45128887233539,10.411930893965362,26.810084545333094,1.2583484934739966,0.49044402916389096
63.45128887233539,10.412574043188553,26.722192633831483,1.224403484914122,0.5208247398783863
63.45128887233539,10.413217192411743,26.535700976429418,1.1891468060267432,0.583515874115045
63.45128887233539,10.413860341634933,26.232486532003627,1.1541086615022431,0.6798673691698774
63.45128887233539,10.414503490858122,25.939478113926526,1.1168581170889993,0.7703284505737474
63.45128887233539,10.415146640081312,25.65422826588539,1.0746616883199547,0.853758500689313
63.45128887233539,10.415789789304503,25.39884770411483,1.029251177633512,0.9183453249133299
63.45128887233539,10.416432938527693,25.186578866042268,0.9778294935129084,0.9587566571481555
63.45128887233539,10.417076087750882,24.871724188015726,0.9381345185280024,0.9828861928193281
63.45128887233539,10.417719236974072,24.417805256005554,0.912453068586157,0.9927877348468507
63.45128887233539,10.418362386197263,23.903885524978463,0.8951481440570462,0.9984533578788923
63.45128887233539,10.419005535420453,23.381081153471552,0.8819415833343403,1.0001785928795224
63.45128887233539,10.419648684643642,22.917208667869154,0.863409853695013,1.0003598447379134
63.45128887233539,10.420291833866832,22.429875577239976,0.8475557434372815,1.0000005328814061
63.45128887233539,10.420934983090023,21.870044117457326,0.8543927541403392,0.9998535009438037
63.45128887233539,10.421578132313213,21.382737151796377,0.8721455550413395,0.9999103388685107
63.45128887233539,10.422221281536402,21.034336230603184,0.8949099481115473,1.0000934610216772
63.45128887233539,10.422864430759592,20.816716342368796,0.9163958068593261,1.0002039288247682
63.45128887233539,10.423507579982783,20.79212657587868,0.9429935513610535,1.00015656427242
63.45128887233539,10.424150729205973,20.85202402994071,0.978121304275582,0.9998857204581535
63.45128887233539,10.424793878429162,20.912013144093795,1.027649344992458,0.9996236623192709
63.45128887233539,10.425437027652352,20.947603773417747,1.0737867702037174,0.999547508721532
63.45128887233539,10.426080176875542,20.9346324523034,1.1176596201197584,0.9996747301867237
63.45128887233539,10.426723326098733,20.928682383869795,1.1598772864848075,1.000245520411834
63.45128887233539,10.427366475321922,20.94426156970192,1.2019750459286624,1.000664181319405
63.45128887233539,10.428009624545112,,,
63.45153782087317,10.349866584593437,,,
63.45153782087317,10.350509739409599,28.890210630644624,1.4999999999994011,0.0817580959525127
63.45153782087317,10.351152894225761,28.86164108931345,1.4999999999999323,0.08474598563609795
63.45153782087317,10.351796049041923,28.834393794405287,1.5000000000000961,0.08760748429793237
63.45153782087317,10.352439203858085,28.807782733342773,1.500000000000044,0.09040653090157733
63.45153782087317,10.353082358674246,28.78100709327743,1.4999999999999312,0.09334718975528011
63.45153782087317,10.353725513490408,28.753056890907192,1.4999999999998872,0.09656639178563801
63.45153782087317,10.35436866830657,28.727017753177876,1.4999999999998832,0.09956912399172853
63.45153782087317,10.355011823122732,28.702770216822426,1.499999999999941,0.10235654660525863
63.45153782087317,10.355654977938894,28.683489165697654,1.4999999999999856,0.10456650782227872
63.45153782087317,10.356298132755056,28.669975659621528,1.4999999999999878,0.10614230087888189
63.45153782087317,10.356941287571217,28.655027942009077,1.4999999999999707,0.10800203700744208
63.45153782087317,10.357584442387381,28.64054260968561,1.4999999999999332,0.1098507687135075
63.45153782087317,10.358227597203543,28.625993551221583,1.499999999999892,0.11166520884695598
63.45153782087317,10.358870752019705,28.614658067543036,1.499999999999837,0.11307345194104453
63.45153782087317,10.359513906835867,28.606304927194714,1.4999999999997695,0.11417835545155991
63.45153782087317,10.360157061652028,28.59838625107034,1.4999999999996638,0.11527987883508184
63.45153782087317,10.36080021646819,28.585969320721556,1.4999999999995066,0.1170099022888725
63.45153782087317,10.361443371284352,28.57622933325277,1.4999999999992435,0.11832072658169981
63.45153782087317,10.362086526100514,28.57032762274553,1.4999999999988605,0.11909595857529486
63.45153782087317,10.362729680916676,28.564492446417077,1.49999999999838,0.1198670123271599
63.45153782087317,10.363372835732838,28.55695690409996,1.4999999999977265,0.12088839416751378
63.45153782087317,10.364015990549,28.543597405092143,1.499999999995627,0.12263863136296985
63.45153782087317,10.364659145365161,28.529871859692207,1.4999999999928333,0.12441618068386603
63.45153782087317,10.365302300181325,28.52605665156756,1.4999999999920943,0.12487894842655706
63.45153782087317,10.365945454997487,28.530035037030263,1.499999999991354,0.12432065240775673
63.45153782087317,10.366588609813649,28.543944857564348,1.5000000000064888,0.12254163950846189
63.45153782087317,10.36723176462981,28.559643637050478,1.500000000009917,0.12053226368648898
63.45153782087317,10.367874919445972,28.56648669228269,1.4999999999765483,0.11960642352647517
63.45153782087317,10.368518074262134,28.56478831147239,1.499999999911333,0.11970959528297961
63.45153782087317,10.369161229078296,28.552671630290448,1.4999999998038023,0.12122556395852349
63.45153782087317,10.369804383894458,28.540945007881128,1.4999999997648468,0.12278641672745282
63.45153782087317,10.37044753871062,28.532028198280397,1.4999999998485871,0.12416493857593605
63.45153782087317,10.371090693526781,28.531096140260182,1.5000000000250826,0.12438890833179352
63.45153782087317,10.371733848342943,28.5374313629844,1.5000000003337277,0.12354830462294784
63.45153782087317,10.372377003159105,28.54403321982543,1.5000000000447054,0.1225841116097203
63.45153782087317,10.373020157975267,28.55463171290023,1.4999999991263715,0.12098823665218021
63.45153782087317,10.37366331279143,28.553640279901877,1.499999997424751,0.12102582075684214
63.45153782087317,10.374306467607592,28.54671388153059,1.4999999957146462,0.12191980654679974
63.45153782087317,10.374949622423754,28.541610764571093,1.4999999963724742,0.12264696160651702
63.45153782087317,10.375592777239916,28.539780669201342,1.4999999985952785,0.12300488951409237
63.45153782087317,10.376235932056078,28.55313599099331,1.500000002517945,0.12133236804831592
63.45153782087317,10.37687908687224,28.572382553561987,1.5000000039207044,0.11886807435424493
63.45153782087317,10.377522241688402,28.590956312007776,1.4999999950322291,0.11642696955024498
63.45153782087317,10.378165396504563,28.60271332380138,1.4999999901212142,0.11481815738393138
63.45153782087317,10.378808551320725,28.60117144805342,1.5000000334453059,0.11495347411808603
63.45153782087317,10.379451706136887,28.599178668535306,1.500000269800718,0.11523707871354771
63.45153782087317,10.389099028379317,27.926418504619143,1.499992713364845,0.22706684225845444
63.45153782087317,10.38974218319548,27.880514670010108,1.4999898873808588,0.23559222783912667
63.45153782087317,10.390385338011642,27.8456050288498,1.4999855674268459,0.24260246878386127
63.45153782087317,10.391028492827804,27.81805389942753,1.4999793155671126,0.24849900591944013
63.45153782087317,10.391671647643966,27.795994495169566,1.4999705821230347,0.2533488830797803
63.45153782087317,10.392314802460128,27.77755101063663,1.4999587764029103,0.2573449189668431
63.45153782087317,10.39295795727629,27.764702949327344,1.4999412787403514,0.26010928082167406
63.45153782087317,10.393601112092451,27.754684534615173,1.499917560182702,0.26222270910311435
63.45153782087317,10.394244266908613,27.74305410112625,1.4998845600224922,0.2647354267502976
63.45153782087317,10.394887421724775,27.728867307137026,1.4998372821238406,0.2678492822620816
63.45153782087317,10.395530576540937,27.710846827462856,1.4997712060213795,0.27184080995026416
63.45153782087317,10.396173731357099,27.693619560432968,1.4996820542306646,0.2756654087335441
63.45153782087317,10.39681688617326,27.680224454580884,1.4995602189839565,0.2786237950651314
63.45153782087317,10.397460040989424,27.669705961744334,1.4993831158337632,0.28091938101462005
63.45153782087317,10.398103195805586,27.66425450154313,1.4991459705467056,0.28205454453223633
63.45153782087317,10.398746350621748,27.655535887867913,1.4988289514021709,0.283979534111648
63.45153782087317,10.39938950543791,27.640773620240548,1.4984020192977627,0.2873291740768405
63.45153782087317,10.400032660254071,27.615003265022054,1.4977852382776902,0.29324348771292297
63.45153782087317,10.400675815070233,27.579872593327174,1.4969886781208959,0.3013473037476603
63.45153782087317,10.401318969886395,27.546860039063773,1.4959400394250897,0.30891702867221127
63.45153782087317,10.401962124702557,27.514664051336702,1.494530098439746,0.31623788443003303
63.45153782087317,10.402605279518719,27.493661260053273,1.4925793652613542,0.3208526598574135
63.45153782087317,10.40324843433488,27.47652947172137,1.4901386361889644,0.3246173941184248
63.45153782087317,10.403891589151042,27.448691956656972,1.4870162845982902,0.3311795135441812
63.45153782087317,10.404534743967204,27.408100835397708,1.4828166506478277,0.34090969138363
63.45153782087317,10.405177898783366,27.351056764517566,1.477394624738237,0.3548066736243352
63.45153782087317,10.40582105359953,27.29371448031932,1.4708069372885002,0.3687562895482086
63.45153782087317,10.406464208415692,27.254220569321078,1.4626255166090179,0.3780512988520021
63.45153782087317,10.407107363231853,27.225239264928057,1.4519339108026303,0.38457318046399497
63.45153782087317,10.407750518048015,27.19916892997724,1.4392149096899167,0.39032908189748805
63.45153782087317,10.408393672864177,27.153343110074715,1.4244419586709647,0.4018924445633388
63.45153782087317,10.409036827680339,27.07869999483694,1.406912731753584,0.42183521592268114
63.45153782087317,10.4096799824965,26.985720066525143,1.38569823611165,0.44717752839940045
63.45153782087317,10.410323137312663,26.859887373666197,1.3622190785694144,0.48246522395754715
63.45153782087317,10.410966292128824,26.748247828506226,1.33636120963473,0.5138636137256276
63.45153782087317,10.411609446944986,26.694482731690915,1.3074125726899908,0.5274117282345769
63.45153782087317,10.412252601761148,26.632049668245287,1.2778633484224324,0.5478775674151481
63.45153782087317,10.41289575657731,26.542233706933203,1.2467362692486155,0.5790187071885351
63.45153782087317,10.413538911393472,26.346744486575833,1.2133756654044767,0.6420397601207389
63.45153782087317,10.414182066209635,26.07274443352544,1.1780592842084148,0.7252979640009755
63.45153782087317,10.414825221025797,25.792001074707468,1.137854718941724,0.8063408544978312
63.45153782087317,10.415468375841959,25.477508207920966,1.095197235845161,0.8848865638271006
63.45153782087317,10.416111530658121,25.19473120833,1.049553127010904,0.9406279802065393
63.45153782087317,10.416754685474283,24.897362517407892,1.0047830350004279,0.9743899025752446
63.45153782087317,10.417397840290445,24.477683097713125,0.971912472640756,0.9904901305208479
63.45153782087317,10.418040995106606,24.01212048165554,0.9425553793872117,0.9966161983249398
63.45153782087317,10.418684149922768,23.522283082964563,0.9175018838521571,0.9998486428975109
63.45153782087317,10.41932730473893,23.10169431927601,0.8864097786739608,1.0005447419067066
63.45153782087317,10.419970459555092,22.70734578824498,0.8503578269591008,1.0003753341107582
63.45153782087317,10.420613614371254,22.27605540677968,0.8270900199803117,1.0000014174701701
63.45153782087317,10.421256769187416,21.7980720190502,0.8274559006691742,0.999880727508037
63.45153782087317,10.42189992400358,21.427267926418082,0.8371590259489337,0.9999288781193245
63.45153782087317,10.422543078819741,21.130677368075766,0.853542752864483,1.0000609716858895
63.45153782087317,10.423186233635903,20.970918794170224,0.871965685467539,1.000098411159592
63.45153782087317,10.423829388452065,20.95983193881912,0.9003595594922946,0.9999490600005466
63.45153782087317,10.424472543268227,20.976031655128658,0.9449868670337158,0.9997992088461336
63.45153782087317,10.425115698084388,21.006478013542576,0.9974172012277263,0.9997261536227502
63.45153782087317,10.42575885290055,21.002601711316743,1.0449381622241887,0.9997993583004985
63.45153782087317,10.426402007716712,20.98142119517312,1.0892215386412527,1.0001286590235139
63.45153782087317,10.427045162532874,20.973979162464097,1.1328221177246227,1.0002082955508471
63.45153782087317,10.427688317349036,20.985700711112873,1.1734640736957527,1.000412567928149
63.45153782087317,10.428331472165198,21.042303413242045,1.2033075565513647,1.001658965772768
63.45153782087317,10.42897462698136,,,
63.45178676941095,10.3508309158652,28.904460713237945,1.4999999999979086,0.08031489195454215
63.45178676941095,10.351474076274444,28.878313761534518,1.5000000000002416,0.08298858333315254
63.45178676941095,10.352117236683688,28.853283201176815,1.5000000000002998,0.0855336958925087
63.45178676941095,10.352760397092931,28.828113884344823,1.50000000000013,0.0881569278108145
63.45178676941095,10.353403557502174,28.802231246436325,1.4999999999999718,0.09099050706130433
63.45178676941095,10.354046717911418,28.776102481143194,1.4999999999998994,0.09393119143317681
63.45178676941095,10.354689878320661,28.750623083372773,1.4999999999999074,0.09680847435313966
63.45178676941095,10.355333038729905,28.72729864317254,1.4999999999999507,0.09945349199148949
63.45178676941095,10.355976199139148,28.708038455695462,1.4999999999999838,0.10164698967247754
63.45178676941095,10.356619359548391,28.690941601153206,1.4999999999999827,0.10367239835203437
63.45178676941095,10.357262519957635,28.675479196724933,1.4999999999999603,0.10556541199750753
63.45178676941095,10.357905680366878,28.661739271055367,1.4999999999999207,0.10726560436174917
63.45178676941095,10.358548840776121,28.649792505364022,1.4999999999998708,0.10871988226812718
63.45178676941095,10.359192001185365,28.64157089633678,1.4999999999998153,0.1097331993998425
63.45178676941095,10.359835161594608,28.63581057106111,1.4999999999997329,0.11046705193352976
63.45178676941095,10.360478322003852,28.630595860838508,1.4999999999996054,0.11116200568917235
63.45178676941095,10.361121482413095,28.624747609013145,1.4999999999993978,0.11194362438321183
63.45178676941095,10.361764642822338,28.620691677722405,1.499999999999079,0.11245891275701095
63.45178676941095,10.362407803231582,28.61600677229944,1.499999999998659,0.1130450580529361
63.45178676941095,10.363050963640825,28.608848248052354,1.4999999999981495,0.11396180112507552
63.45178676941095,10.363694124050069,28.59663947417972,1.4999999999964952,0.11554191712739413
63.45178676941095,10.364337284459312,28.581934602422155,1.4999999999937828,0.11744617378707896
63.45178676941095,10.364980444868555,28.57112187347835,1.499999999991902,0.11884709703778475
63.45178676941095,10.365623605277799,28.570537093217315,1.4999999999927696,0.1189167451893596
63.45178676941095,10.366266765687042,28.58199122587886,1.500000000009024,0.11745335342785673
63.45178676941095,10.366909926096286,28.598158730503993,1.5000000000210125,0.11538289143111222
63.45178676941095,10.367553086505529,28.610899242425514,1.5000000000009948,0.11372600867536826
63.45178676941095,10.368196246914772,28.612542864781688,1.4999999999264602,0.11344861666812565
63.45178676941095,10.368839407324016,28.603953818152412,1.4999999998237028,0.11449819169007043
63.45178676941095,10.36948256773326,28.59220680193142,1.4999999997643823,0.11599847242571344
63.45178676941095,10.370125728142503,28.583873278156343,1.4999999998108946,0.11713579868255088
63.45178676941095,10.370768888551746,28.583574050743483,1.5000000000568088,0.11729386057411394
63.45178676941095,10.37141204896099,28.588861583141238,1.5000000003873728,0.11664458869408989
63.45178676941095,10.372055209370233,28.595120616682397,1.5000000003561458,0.11580059148462225
63.45178676941095,10.372698369779476,28.598662522698397,1.4999999995446303,0.11524455141163954
63.45178676941095,10.37334153018872,28.59572555763104,1.499999997758629,0.11553996336693056
63.45178676941095,10.373984690597963,28.587467755961065,1.4999999960868717,0.11659371775314081
63.45178676941095,10.374627851007206,28.58011193378586,1.4999999957879335,0.11758181892090332
63.45178676941095,10.37527101141645,28.578815357468375,1.4999999980017844,0.11782617538491924
63.45178676941095,10.375914171825693,28.58907252245246,1.500000002396264,0.11656412803954389
63.45178676941095,10.376557332234936,28.606958254029266,1.5000000041263022,0.11428497197005093
63.45178676941095,10.37720049264418,28.626888327875555,1.4999999995161384,0.1117079020460184
63.45178676941095,10.377843653053423,28.641674321202814,1.4999999873972352,0.10976441251600914
63.45178676941095,10.378486813462667,28.637114654383797,1.4999999894190044,0.1103665896335478
63.45178676941095,10.37912997387191,28.631732318470334,1.5000001525956206,0.1110676434165561
63.45178676941095,10.389420540419804,27.904083766264428,1.499992013277082,0.23105383152309236
63.45178676941095,10.390063700829048,27.86315224163944,1.4999887547129982,0.2388990609303986
63.45178676941095,10.390706861238291,27.83120027869514,1.4999840150590602,0.24549636879069467
63.45178676941095,10.391350021647535,27.806237795617285,1.499977252104834,0.2509691539848062
63.45178676941095,10.391993182056778,27.786326072969697,1.4999678752716168,0.25541742465281714
63.45178676941095,10.392636342466021,27.77103676141371,1.499954711044232,0.2587558692553513
63.45178676941095,10.393279502875265,27.75867072500819,1.4999361865188372,0.26140395604947964
63.45178676941095,10.393922663284508,27.746310601300987,1.4999101449952943,0.264049999041063
63.45178676941095,10.394565823693751,27.73126395824072,1.4998740784734854,0.26733385481270855
63.45178676941095,10.395208984102995,27.712695698167284,1.499823945584742,0.27144148685452635
63.45178676941095,10.395852144512238,27.693668655229327,1.499754275245149,0.2756677799106824
63.45178676941095,10.396495304921482,27.67712883430812,1.4996580432634912,0.27933596391791116
63.45178676941095,10.397138465330725,27.665700606036314,1.4995256744126086,0.2818405014019049
63.45178676941095,10.397781625739968,27.658415196243194,1.4993442912768846,0.28340544521449773
63.45178676941095,10.398424786149212,27.649879616673473,1.4990962980188014,0.28529120667643904
63.45178676941095,10.399067946558455,27.63504590467106,1.4987611165910184,0.2886740028878344
63.45178676941095,10.399711106967699,27.609584805741097,1.498304584272825,0.2945572147243602
63.45178676941095,10.400354267376942,27.575238899204415,1.4976919448278976,0.302519748406215
63.45178676941095,10.400997427786185,27.539060690001783,1.4968726047540937,0.3108861047486664
63.45178676941095,10.401640588195429,27.507541960934642,1.495789705869845,0.31811205029426803
63.45178676941095,10.402283748604672,27.485518075404997,1.4943351844250221,0.32303672205682143
63.45178676941095,10.402926909013916,27.467617985332456,1.4924430878824264,0.32704098692775563
63.45178676941095,10.403570069423159,27.443609604000546,1.4899936457486487,0.3326819164386966
63.45178676941095,10.404213229832402,27.404397461703308,1.4868336069838284,0.34222760980515593
63.45178676941095,10.404856390241646,27.347721203773048,1.482741550238121,0.3562318329262885
63.45178676941095,10.40549955065089,27.285469392018662,1.4776066219893045,0.37162854037337073
63.45178676941095,10.406142711060133,27.230276583591525,1.4712090584619968,0.38513775133250877
63.45178676941095,10.406785871469376,27.193294341545514,1.4631955709196645,0.39385245616269193
63.45178676941095,10.40742903187862,27.164881884438827,1.4533722734950052,0.4003216077363113
63.45178676941095,10.408072192287863,27.127476754160387,1.4416706010261378,0.4095773841484374
63.45178676941095,10.408715352697106,27.064209784565588,1.427886319141673,0.42647187377340445
63.45178676941095,10.40935851310635,26.96225666262011,1.4115530569191836,0.45473549034700966
63.45178676941095,10.410001673515593,26.82870723224397,1.392869687353169,0.49258915601098735
63.45178676941095,10.410644833924836,26.693803440327557,1.371979670217187,0.5312493471019109
63.45178676941095,10.41128799433408,26.58808022955809,1.3488984926709762,0.5617616300874828
63.45178676941095,10.411931154743323,26.519343138819075,1.3240182942980339,0.5831579617532372
63.45178676941095,10.412574315152566,26.452843014514983,1.297372348581642,0.6056703138074621
63.45178676941095,10.41321747556181,26.34852371529071,1.2682708361238129,0.6393486657880983
63.45178676941095,10.413860635971053,26.16042669086867,1.2361761464908374,0.6963692337110512
63.45178676941095,10.414503796380297,25.90436233100848,1.1999811196926295,0.7695294498697945
63.45178676941095,10.41514695678954,25.59896130672689,1.160709294008336,0.8461243748134332
63.45178676941095,10.415790117198783,25.263930950075693,1.1198350774308135,0.9139082710590208
63.45178676941095,10.416433277608027,24.918336082236547,1.0792690827355365,0.9601340116649043
63.45178676941095,10.41707643801727,24.511567453406528,1.0438492939305997,0.9852169666887075
63.45178676941095,10.417719598426514,24.073145430775796,1.009792443528006,0.9960192180702575
63.45178676941095,10.418362758835757,23.63239309466624,0.9739716250400996,0.9991339619041336
63.45178676941095,10.419005919245,23.21776361913852,0.9339111836521977,1.0004114965977433
63.45178676941095,10.419649079654244,22.852121174581647,0.8878770990046383,1.0006391535645194
63.45178676941095,10.420292240063487,22.502864028938333,0.8460730456979536,1.000347347036541
63.45178676941095,10.42093540047273,22.131857963783673,0.8190238916192606,0.9999785199663194
63.45178676941095,10.421578560881974,21.761992333386146,0.8096083867142051,0.9998471974223379
63.45178676941095,10.422221721291217,21.444567659251057,0.8113200078674231,0.9998842201669565
63.45178676941095,10.42286488170046,21.20951688774386,0.822775124986834,0.9999789647464192
63.45178676941095,10.423508042109704,21.09379062145585,0.8416285109611307,0.9999993195120833
63.45178676941095,10.424151202518948,21.059645563592543,0.8746357218583591,0.9999680550350235
63.45178676941095,10.424794362928191,21.05748531284206,0.9193034020989879,0.9999379286075161
63.45178676941095,10.425437523337434,21.05665670306644,0.9689148330886389,0.9999412781531258
63.45178676941095,10.426080683746678,21.02992893984014,1.015721648494185,1.0000302547013002
63.45178676941095,10.426723844155921,21.00251841995943,1.0582192839390878,1.0000852607732305
63.45178676941095,10.427367004565165,20.988529592124507,1.09823289702081,1.0000969959392318
63.45178676941095,10.428010164974408,20.99769669955401,1.1378758640585085,1.0000644369459561
63.45178676941095,10.428653325383651,21.05241448080053,1.1725800702991993,1.00067177194847
63.45178676941095,10.429296485792895,,,
63.45203571794873,10.351152097906095,28.94491511493146,1.4999999999319518,0.07619593953054675
63.45203571794873,10.351795263908528,28.898322715264573,1.5000000000007543,0.08093397530228083
63.45203571794873,10.352438429910963,28.875562839188586,1.5000000000005926,0.08320596911230316
63.45203571794873,10.353081595913396,28.851757024502426,1.5000000000002585,0.0856323352154256
63.45203571794873,10.353724761915831,28.82692329991518,1.4999999999999987,0.08830411354492007
63.45203571794873,10.354367927918265,28.800889676318803,1.4999999999999407,0.09120015738315501
63.45203571794873,10.3550110939207,28.776055436467743,1.4999999999999447,0.09397591837304764
63.45203571794873,10.355654259923135,28.753698469048643,1.4999999999999594,0.09646069802283284
63.45203571794873,10.356297425925568,28.735487168714236,1.4999999999999771,0.09848471701008
63.45203571794873,10.356940591928003,28.71849896761318,1.499999999999971,0.10047959680737667
63.45203571794873,10.357583757930437,28.703096027107524,1.4999999999999445,0.10232441839990049
63.45203571794873,10.358226923932872,28.68847826633733,1.4999999999999045,0.10405924747180163
63.45203571794873,10.358870089935305,28.67750359710117,1.499999999999852,0.1053193217480278
63.45203571794873,10.35951325593774,28.67178690899,1.4999999999997884,0.10597193387747544
63.45203571794873,10.360156421940173,28.667628641808026,1.4999999999996878,0.10646080633416734
63.45203571794873,10.360799587942608,28.663509429844847,1.4999999999995384,0.10700354986539236
63.45203571794873,10.361442753945042,28.6598268011274,1.4999999999992877,0.10745953687571227
63.45203571794873,10.362085919947477,28.657653842942413,1.499999999998928,0.10769904382440221
63.45203571794873,10.36272908594991,28.654089895834083,1.4999999999984723,0.10812282954729201
63.45203571794873,10.363372251952345,28.647119767725925,1.499999999997811,0.1090069182684402
63.45203571794873,10.364015417954779,28.633636895241935,1.4999999999956097,0.11075118454037364
63.45203571794873,10.364658583957214,28.62053418704142,1.499999999993175,0.1124509087704043
63.45203571794873,10.365301749959647,28.615483283909224,1.4999999999928182,0.11311307690833752
63.45203571794873,10.365944915962082,28.619890355995754,1.4999999999966276,0.11254308225741913
63.45203571794873,10.366588081964517,28.633517030773763,1.5000000000095817,0.11080394074185487
63.45203571794873,10.36723124796695,28.64793609251808,1.5000000000049676,0.10895049014705606
63.45203571794873,10.367874413969385,28.652902349084854,1.4999999999502243,0.10826994755833834
63.45203571794873,10.368517579971819,28.647777741128195,1.4999999998885336,0.10884301642458742
63.45203571794873,10.369160745974254,28.63822081097611,1.4999999998285902,0.1100339518656485
63.45203571794873,10.369803911976687,28.629140860936054,1.4999999998439688,0.1112263012088748
63.45203571794873,10.370447077979122,28.63197817947306,1.5000000000315536,0.11103540802825626
63.45203571794873,10.371090243981556,28.636552000611875,1.500000000147747,0.1105638513589883
63.45203571794873,10.37173340998399,28.643195993658736,1.5000000001855678,0.1097227996407947
63.45203571794873,10.372376575986424,28.6480099284679,1.4999999996246942,0.10904248367399612
63.45203571794873,10.373019741988859,28.64515385317658,1.499999998327425,0.10928383328240732
63.45203571794873,10.373662907991292,28.637146600725785,1.4999999974362748,0.11028213527342456
63.45203571794873,10.374306073993727,28.62671444042588,1.4999999972078188,0.11165050157982717
63.45203571794873,10.37494923999616,28.62070038461654,1.4999999992846456,0.11248119245002813
63.45203571794873,10.375592405998596,28.62514526943218,1.5000000017956137,0.11198564253838628
63.45203571794873,10.376235572001029,28.639574824341953,1.5000000001832712,0.11015652682449405
63.45203571794873,10.376878738003464,28.658844265412313,1.4999999941292512,0.10766834845261004
63.45203571794873,10.3775219040059,28.675122253312722,1.4999999750705317,0.10551488903390623
63.45203571794873,10.378165070008333,28.677541205693135,1.4999999681430682,0.10521550894747568
63.45203571794873,10.378808236010768,28.664990520414097,1.5000000388379353,0.10688821663335667
63.45203571794873,10.38974205805215,27.886097938823617,1.4999913221044823,0.23439710237498346
63.45203571794873,10.390385224054583,27.84983952423279,1.4999877606651586,0.24156684794998257
63.45203571794873,10.391028390057018,27.821671596246716,1.4999826032881223,0.24758997143316774
63.45203571794873,10.391671556059451,27.799228428277026,1.4999751296065582,0.2525752307852909
63.45203571794873,10.392314722061887,27.77979008590928,1.4999650438430472,0.25682605957978516
63.45203571794873,10.39295788806432,27.763915092608446,1.4999513975541614,0.2602721695387618
63.45203571794873,10.393601054066755,27.74959918217657,1.4999314937621189,0.2633508111753167
63.45203571794873,10.394244220069188,27.73333311069513,1.4999028985172125,0.26689199221920573
63.45203571794873,10.394887386071623,27.713862075495175,1.499865029415154,0.2711948923893728
63.45203571794873,10.395530552074057,27.69369573895521,1.4998137330617347,0.2756729278634055
63.45203571794873,10.396173718076492,27.674580993382396,1.499739563027519,0.2799228762389462
63.45203571794873,10.396816884078925,27.66105990668149,1.4996358571761037,0.2829039208527067
63.45203571794873,10.39746005008136,27.650531910814927,1.4995015030683456,0.28522726020336253
63.45203571794873,10.398103216083795,27.640982548528484,1.4993174818403143,0.28735785775461953
63.45203571794873,10.398746382086228,27.627518260764074,1.4990565341222528,0.29043096894155473
63.45203571794873,10.399389548088664,27.603301959220744,1.4987050291816553,0.2960480050637968
63.45203571794873,10.400032714091097,27.571982647290586,1.4982573518628333,0.30333373366168426
63.45203571794873,10.400675880093532,27.535250993861048,1.4976433447022717,0.3118798632666321
63.45203571794873,10.401319046095965,27.500679578551686,1.4967941188544591,0.3198827718294996
63.45203571794873,10.4019622120984,27.47509672606086,1.4956975325390955,0.3257514659154861
63.45203571794873,10.402605378100834,27.453893679704542,1.4943159324217128,0.33063519728165885
63.45203571794873,10.403248544103269,27.43179783937142,1.4924529796374966,0.33585186128115024
63.45203571794873,10.403891710105702,27.396761810033475,1.4899712778266383,0.34441364919039746
63.45203571794873,10.404534876108137,27.342799088829487,1.486933598456262,0.357815685505463
63.45203571794873,10.40517804211057,27.279352827262894,1.483146778337049,0.37367861225416565
63.45203571794873,10.405821208113005,27.216629740253385,1.478217748833788,0.38930189901704326
63.45203571794873,10.406464374115439,27.172707539833603,1.47197770597768,0.4000280320984784
63.45203571794873,10.407107540117874,27.14065728638599,1.4646360021231677,0.4076941367780979
63.45203571794873,10.407750706120307,27.106188216383767,1.4557393233313767,0.416134294060559
63.45203571794873,10.408393872122742,27.05377615014173,1.444867204739291,0.4299260972601799
63.45203571794873,10.409037038125177,26.962582947527814,1.4320766158400293,0.45491424378188455
63.45203571794873,10.40968020412761,26.835096941703423,1.417633879777902,0.4909651044654477
63.45203571794873,10.410323370130046,26.684266873336547,1.4011245275585815,0.5343909711027781
63.45203571794873,10.410966536132479,26.54802075691225,1.382457560469252,0.574004289283837
63.45203571794873,10.411609702134914,26.450242150290087,1.3617849136054883,0.6023923327666207
63.45203571794873,10.412252868137347,26.38936983918874,1.3394364430042032,0.6214037752355815
63.45203571794873,10.412896034139782,26.31519791472342,1.315027552116573,0.6453002927405216
63.45203571794873,10.413539200142216,26.177314591072403,1.2878465989085763,0.6872125489545042
63.45203571794873,10.41418236614465,25.96798720336523,1.2575552465136972,0.7458340048041526
63.45203571794873,10.414825532147084,25.68532279363685,1.2231039494155733,0.8165997567816439
63.45203571794873,10.41546869814952,25.362177741523123,1.1862712017924903,0.8849287072992306
63.45203571794873,10.416111864151953,25.0185485669917,1.14874503795476,0.9378093661471865
63.45203571794873,10.416755030154388,24.65277930458512,1.1115050743841264,0.9732087631175445
63.45203571794873,10.417398196156821,24.228975708067505,1.0761291945505866,0.9905091028004955
63.45203571794873,10.418041362159256,23.78808598097434,1.0403953711353748,0.996956988897507
63.45203571794873,10.41868452816169,23.35974650625132,0.9996390218065352,0.9999317592786968
63.45203571794873,10.419327694164124,22.9987581030993,0.950937531287264,1.000681450335063
63.45203571794873,10.41997086016656,22.67952682488064,0.8981396621120046,1.0006109895942044
63.45203571794873,10.420614026168993,22.357378011290525,0.8547661543140351,1.0002469269930552
63.45203571794873,10.421257192171428,21.997967096637275,0.8311137798957519,0.9999498855405444
63.45203571794873,10.421900358173861,21.667258090656034,0.8176295314569362,0.9998799471403689
63.45203571794873,10.422543524176296,21.40432347453824,0.8135958101842147,0.9999321177179137
63.45203571794873,10.42318669017873,21.250935896376067,0.8150704031050244,0.9999743955424534
63.45203571794873,10.423829856181165,21.186236885530256,0.8251806596247734,0.9999849880839538
63.45203571794873,10.424473022183598,21.1482054590514,0.8565017648676206,0.9999802797633153
63.45203571794873,10.425116188186033,21.126615258313628,0.8964324685007156,0.9999920778444314
63.45203571794873,10.425759354188466,21.075796883891993,0.9386138422836705,1.0000470256661436
63.45203571794873,10.426402520190901,21.0170237300034,0.9816185232446928,1.0000683801072563
63.45203571794873,10.427045686193335,20.97929541185041,1.019424160187959,1.0000406735868634
63.45203571794873,10.42768885219577,20.960955518101773,1.0557102960600473,0.9999673369720363
63.45203571794873,10.428332018198203,20.983786391039768,1.0924439337096277,0.9998888763432042
63.45203571794873,10.428975184200638,21.035868093212592,1.1334389554260995,0.9998943170510957
63.45203571794873,10.429618350203071,21.144317647450357,1.1655368754267246,1.0010648540277962
63.45203571794873,10.430261516205507,,,
63.45203571794873,10.430904682207942,,,
63.45228466648651,10.351473285532444,,,
63.45228466648651,10.35211645712818,28.909259303369982,1.5000000000012697,0.07976986988931248
63.45228466648651,10.352759628723913,28.900112372604756,1.500000000000758,0.0807464769050827
63.45228466648651,10.353402800319648,28.878368019287297,1.5000000000002691,0.08292619635103908
63.45228466648651,10.354045971915383,28.85360537012721,1.5000000000000138,0.0855257765702046
63.45228466648651,10.354689143511116,28.828352832764704,1.499999999999961,0.0883017487618635
63.45228466648651,10.355332315106851,28.80398493174964,1.4999999999999416,0.09095219711384367
63.45228466648651,10.355975486702587,28.783313294098868,1.4999999999999543,0.09313494027834396
63.45228466648651,10.35661865829832,28.766782069673305,1.4999999999999698,0.09493358214949803
63.45228466648651,10.357261829894055,28.750513089524414,1.4999999999999585,0.09681509839022985
63.45228466648651,10.357905001489788,28.734264894077043,1.4999999999999327,0.09870240228063881
63.45228466648651,10.358548173085524,28.7177335705126,1.499999999999889,0.10057358238646832
63.45228466648651,10.359191344681259,28.70723268230168,1.4999999999998297,0.10171391404026363
63.45228466648651,10.359834516276992,28.70248479880492,1.4999999999997529,0.10220701889286493
63.45228466648651,10.360477687872727,28.69874259200899,1.4999999999996363,0.10265717744638195
63.45228466648651,10.361120859468462,28.695329623617873,1.4999999999994746,0.10310543491561003
63.45228466648651,10.361764031064196,28.69264820695212,1.499999999999179,0.1034110269133772
63.45228466648651,10.36240720265993,28.692157280818556,1.4999999999987739,0.10343123824120583
63.45228466648651,10.363050374255666,28.689717685924286,1.4999999999981513,0.10372102412370662
63.45228466648651,10.3636935458514,28.683280575076846,1.499999999997343,0.10452945698255417
63.45228466648651,10.364336717447134,28.671294237831663,1.4999999999951952,0.10608507033565176
63.45228466648651,10.36497988904287,28.664606634268363,1.4999999999941098,0.10697206670809765
63.45228466648651,10.365623060638603,28.666469354750575,1.5000000000033709,0.10675460848098214
63.45228466648651,10.366266232234338,28.671372009755018,1.4999999999982325,0.10610896395237658
63.45228466648651,10.366909403830073,28.684042935035315,1.499999999996786,0.1044843742730544
63.45228466648651,10.367552575425806,28.689831398850494,1.499999999953572,0.10372026818180129
63.45228466648651,10.368195747021542,28.683319832479214,1.4999999998863924,0.10444246480704508
63.45228466648651,10.368838918617277,28.675209770054263,1.4999999998878162,0.10539551526451063
63.45228466648651,10.36948209021301,28.667181040595736,1.499999999903466,0.10641921416896336
63.45228466648651,10.370125261808745,28.672416053274173,1.5000000001297427,0.1059098931563779
63.45228466648651,10.37076843340448,28.685843386749685,1.5000000003034646,0.10447336243514048
63.45228466648651,10.371411605000214,28.69321239823463,1.5000000000246176,0.10364168136768374
63.45228466648651,10.372054776595949,28.69839387263741,1.4999999994912345,0.10294655294436976
63.45228466648651,10.372697948191684,28.693517891755278,1.4999999975366647,0.10341484977411672
63.45228466648651,10.373341119787417,28.686113884060326,1.499999997221469,0.10424884358898989
63.45228466648651,10.373984291383152,28.67574233609868,1.4999999982389567,0.10558148000245501
63.45228466648651,10.374627462978887,28.666676919259267,1.5000000009859327,0.10677162624483992
63.45228466648651,10.37527063457462,28.66719391947153,1.50000001104219,0.10678075232682561
63.45228466648651,10.375913806170356,28.674775478116775,1.500000004814949,0.10585663409210819
63.45228466648651,10.376556977766091,28.690650095128717,1.4999999925843832,0.10380294622925981
63.45228466648651,10.377200149361824,28.704229636883902,1.4999999658778436,0.1019788338618908
63.45228466648651,10.37784332095756,28.71123884206779,1.4999999263296497,0.10098876127242772
63.45228466648651,10.378486492553293,28.701465581094148,1.4999999644931983,0.10233733932498663
63.45228466648651,10.389420409680781,27.914139369403678,1.4999937410347997,0.22934206082127265
63.45228466648651,10.390063581276515,27.874368937265576,1.49999053089652,0.2367906985806907
63.45228466648651,10.39070675287225,27.84225227185442,1.499986514204752,0.2432915792358129
63.45228466648651,10.391349924467985,27.816857410028895,1.4999807434038048,0.24879073278363714
63.45228466648651,10.391993096063718,27.79441085817553,1.4999728216589872,0.25358824529077073
63.45228466648651,10.392636267659453,27.77361213045012,1.4999622147465572,0.2581334068204195
63.45228466648651,10.393279439255188,27.755430583666204,1.4999475988518973,0.262074131416842
63.45228466648651,10.393922610850922,27.736432440139225,1.499925577755953,0.26621505310425303
63.45228466648651,10.394565782446657,27.713448243804667,1.499895892673291,0.27130258381206057
63.45228466648651,10.395208954042392,27.691873956646536,1.4998561270945021,0.2760933240275687
63.45228466648651,10.395852125638125,27.671057795771095,1.4998018618292839,0.28072763014172214
63.45228466648651,10.39649529723386,27.655729584679886,1.4997210325303487,0.2841213915024336
63.45228466648651,10.397138468829594,27.646031671926306,1.4996162998660347,0.28624645862801834
63.45228466648651,10.397781640425329,27.6329862689398,1.4994774550129588,0.28919819250001716
63.45228466648651,10.398424812021064,27.618957807640353,1.4992849524903065,0.29241886170084863
63.45228466648651,10.399067983616797,27.5942930498489,1.4990096295446238,0.29816525012456546
63.45228466648651,10.399711155212533,27.56263389117554,1.4986620490817777,0.3055588390031209
63.45228466648651,10.400354326808268,27.528910105136486,1.4982098733455564,0.3134295359751268
63.45228466648651,10.400997498404001,27.49398348252689,1.4975750426055756,0.32156940612640456
63.45228466648651,10.401640669999736,27.469729808073513,1.4967199880667321,0.32715610352680824
63.45228466648651,10.402283841595471,27.444843289790008,1.4956584803204018,0.333008759951671
63.45228466648651,10.402927013191205,27.420175190188445,1.4943007794057561,0.3389184180323174
63.45228466648651,10.40357018478694,27.386167469274042,1.4924098823539023,0.34727333206494504
63.45228466648651,10.404213356382675,27.329494403585574,1.4900483005285814,0.36141825519065596
63.45228466648651,10.404856527978408,27.26957769455277,1.487174195113054,0.37642461916416964
63.45228466648651,10.405499699574143,27.204727459073883,1.4835619908597926,0.3927422250539653
63.45228466648651,10.406142871169878,27.157045200811137,1.4787443445875026,0.4046124114307092
63.45228466648651,10.406786042765612,27.129518053399813,1.473074193432584,0.411341578893515
63.45228466648651,10.407429214361347,27.0947796855156,1.4663375454014842,0.4200379677220426
63.45228466648651,10.408072385957082,27.049286842249465,1.4581280832864416,0.43182300771471116
63.45228466648651,10.408715557552815,26.96580358828635,1.448077458807698,0.4544694569095431
63.45228466648651,10.40935872914855,26.856074567867605,1.4367950007365071,0.48467794763207767
63.45228466648651,10.410001900744286,26.71701217438371,1.4239401428578975,0.5241581099183424
63.45228466648651,10.410645072340019,26.563920891855613,1.4092556089304593,0.5685082242012041
63.45228466648651,10.411288243935754,26.441177400524275,1.3926913209982354,0.6040364022530988
63.45228466648651,10.41193141553149,26.33737288529231,1.3741549765512535,0.6333166155549521
63.45228466648651,10.412574587127223,26.266128194158078,1.353933885438577,0.6545373939503913
63.45228466648651,10.413217758722958,26.153197161245192,1.3313968602829191,0.6883621346895233
63.45228466648651,10.413860930318693,25.988304209772792,1.3062916280309045,0.7358564575234642
63.45228466648651,10.414504101914426,25.766185676216907,1.278264412822093,0.790922075291862
63.45228466648651,10.415147273510161,25.468492410909057,1.2461815273356773,0.8560658030138182
63.45228466648651,10.415790445105896,25.14055187788615,1.2128068143516033,0.9103405713256105
63.45228466648651,10.41643361670163,24.796029590829285,1.1789287451354367,0.9532825806900502
63.45228466648651,10.417076788297365,24.430854577632072,1.143824232341305,0.9803203860108649
63.45228466648651,10.417719959893098,24.005781506493495,1.1084704076927536,0.9917584285380996
63.45228466648651,10.418363131488833,23.57985688794247,1.0681483056609946,0.9984837919362088
63.45228466648651,10.419006303084569,23.17686871064997,1.0240251127050062,1.0002574034482115
63.45228466648651,10.419649474680302,22.845553537686342,0.9733496726515921,1.0007088115943223
63.45228466648651,10.420292646276037,22.542912564627855,0.9204351165409811,1.0004868545578356
63.45228466648651,10.420935817871772,22.200224290319092,0.8854666153431896,1.0002037999018076
63.45228466648651,10.421578989467505,21.86258856719392,0.8628679275760397,0.9999473900694991
63.45228466648651,10.42222216106324,21.576305043697815,0.8451195135491998,0.9999224272057678
63.45228466648651,10.422865332658976,21.397734216460055,0.8281262299272019,0.9999463210821231
63.45228466648651,10.423508504254709,21.339283418752608,0.8102165437447486,0.9999643747404523
63.45228466648651,10.424151675850444,21.27953859301017,0.8108572463459037,0.9999869171482716
63.45228466648651,10.42479484744618,21.230202712165195,0.8340675923670892,1.0000028493976194
63.45228466648651,10.425438019041913,21.154756031052308,0.8617406090273065,1.0000501712975582
63.45228466648651,10.426081190637648,21.036448970726894,0.9028014528374896,1.0000700781348362
63.45228466648651,10.426724362233383,20.96012156258517,0.939229178819629,1.0000436498468925
63.45228466648651,10.427367533829116,20.91706600193463,0.9706704883222673,0.9999593965180474
63.45228466648651,10.428010705424851,20.922501257127422,1.0003534676524315,0.9998786538814908
63.45228466648651,10.428653877020587,20.96012717266554,1.0387933751640532,0.999864404977998
63.45228466648651,10.42929704861632,21.012039355401377,1.0855900956054947,0.9998267801669278
63.45228466648651,10.429940220212055,21.104006566031334,1.1262088180117262,0.9999625244539609
63.45228466648651,10.43058339180779,,,
63.45228466648651,10.431226563403523,,,
63.45228466648651,10.431869734999259,,,
63.452533615024294,10.351794478744415,,,
63.452533615024294,10.352437655933558,28.93126017665095,1.500000000002413,0.07760849379319619
63.452533615024294,10.353080833122702,28.910195729712242,1.5000000000009972,0.07964662872178033
63.452533615024294,10.353724010311847,28.903965967202733,1.5000000000003018,0.08035733479019051
63.452533615024294,10.35436718750099,28.88026156709341,1.50000000000001,0.08280531163965557
63.452533615024294,10.355010364690134,28.855511667298117,1.4999999999999432,0.08545110269262016
63.452533615024294,10.35565354187928,28.833870815280434,1.4999999999999254,0.08768935398530886
63.452533615024294,10.356296719068423,28.815521488542878,1.4999999999999498,0.08957833955410041
63.452533615024294,10.356939896257568,28.799959211559386,1.4999999999999627,0.0912484268555627
63.452533615024294,10.357583073446712,28.783765017471943,1.499999999999951,0.09307233607564931
63.452533615024294,10.358226250635855,28.76622869906401,1.4999999999999214,0.09502184041753144
63.452533615024294,10.358869427825,28.749909454302973,1.4999999999998708,0.09682425905448123
63.452533615024294,10.359512605014144,28.73988940332518,1.4999999999998028,0.09787867363959114
63.452533615024294,10.360155782203288,28.733983834074834,1.4999999999997133,0.09852161716747392
63.452533615024294,10.360798959392433,28.730234223783793,1.4999999999996034,0.09897330893854077
63.452533615024294,10.361442136581577,28.728283835895702,1.4999999999993978,0.09923244708899091
63.452533615024294,10.362085313770722,28.727604047885595,1.4999999999990499,0.09928974127959192
63.452533615024294,10.362728490959865,28.727120125312755,1.4999999999984839,0.09933130615967216
63.452533615024294,10.363371668149009,28.72506185190413,1.4999999999977187,0.09956698426169736
63.452533615024294,10.364014845338154,28.72101082291693,1.4999999999969198,0.10008286510119767
63.452533615024294,10.364658022527298,28.715076945148944,1.4999999999958125,0.10087695619765095
63.452533615024294,10.365301199716443,28.716311147449254,1.5000000000067766,0.10075527180131871
63.452533615024294,10.365944376905587,28.719040244916357,1.5000000000120612,0.10042470518719729
63.452533615024294,10.36658755409473,28.722889137153473,1.4999999999923523,0.09991061006955608
63.452533615024294,10.367230731283875,28.72725855245216,1.4999999999516966,0.09932686471253455
63.452533615024294,10.367873908473019,28.719818936965794,1.4999999998736189,0.10016240354338982
63.452533615024294,10.368517085662162,28.71091014342431,1.4999999998566804,0.10118298028701078
63.452533615024294,10.369160262851308,28.70407137549365,1.4999999999353675,0.10200194734827618
63.452533615024294,10.369803440040451,28.708353935246663,1.500000000193108,0.10156412791451701
63.452533615024294,10.370446617229597,28.724541231213607,1.5000000005905694,0.09977854054872032
63.452533615024294,10.37108979441874,28.73936444329701,1.5000000003625258,0.09813737795051286
63.452533615024294,10.371732971607884,28.745856666569882,1.4999999994901003,0.09736520035614388
63.452533615024294,10.372376148797029,28.742564190191363,1.4999999972840312,0.09767673081974843
63.452533615024294,10.373019325986172,28.732445368048857,1.4999999954203527,0.09879329392333677
63.452533615024294,10.373662503175318,28.72306738799653,1.499999997374353,0.09988881549029781
63.452533615024294,10.374305680364461,28.713537380828445,1.5000000017622064,0.10110492517252916
63.452533615024294,10.374948857553605,28.711655063872733,1.500000014851371,0.10139366514783293
63.452533615024294,10.37559203474275,28.714598194946948,1.5000000199761598,0.10107562281231403
63.452533615024294,10.376235211931894,28.722257503659613,1.499999999981173,0.10008826856334957
63.452533615024294,10.376878389121037,28.73250109814003,1.4999999626451224,0.09868454523456047
63.452533615024294,10.377521566310183,28.737919644764126,1.499999893452925,0.09784969457084658
63.452533615024294,10.378164743499326,28.73541434146909,1.4999998929992093,0.098131508408685
63.452533615024294,10.378807920688471,28.718359934854927,1.5000000267846574,0.10048974310231672
63.452533615024294,10.389741932903922,27.90244482262988,1.4999933474710794,0.23170823130738685
63.452533615024294,10.390385110093067,27.86661121668745,1.4999897054364768,0.23850336235955094
63.452533615024294,10.39102828728221,27.83776312462355,1.4999851751743918,0.2444154093214198
63.452533615024294,10.391671464471354,27.812688838107377,1.4999789305940525,0.24963567055888536
63.452533615024294,10.3923146416605,27.78930026440697,1.4999708035582415,0.2546691840898485
63.452533615024294,10.392957818849643,27.765442806089542,1.49995950878343,0.2598830644600478
63.452533615024294,10.393600996038787,27.74234109520018,1.4999433109365614,0.26492410234975067
63.452533615024294,10.394244173227932,27.71579567855002,1.499920425758122,0.27078744885333345
63.452533615024294,10.394887350417076,27.690304065698502,1.4998897444814594,0.2764536265554485
63.452533615024294,10.39553052760622,27.66840086379342,1.4998480778848327,0.28133166168266127
63.452533615024294,10.396173704795364,27.65076959547842,1.4997882155773932,0.2852511944321897
63.452533615024294,10.396816881984508,27.639646810622644,1.499707385585245,0.28770364619332695
63.452533615024294,10.397460059173653,27.627373977097413,1.4996003329164174,0.2904815804230334
63.452533615024294,10.398103236362797,27.60993130005498,1.4994570690718716,0.29451374017946613
63.452533615024294,10.39874641355194,27.58475553432346,1.4992504006636738,0.3003992990653338
63.452533615024294,10.399389590741086,27.55166486097678,1.4989826388168177,0.3081586159407115
63.452533615024294,10.40003276793023,27.518797763907642,1.4986338893720126,0.3158607666690148
63.452533615024294,10.400675945119374,27.486548669464973,1.4981702005325357,0.3234060431188983
63.452533615024294,10.401319122308518,27.46233023420679,1.497522048998332,0.329029848092458
63.452533615024294,10.401962299497661,27.440190612313245,1.4967090260087967,0.3342403589021115
63.452533615024294,10.402605476686807,27.4104997448829,1.4956702705300462,0.34144903176866775
63.452533615024294,10.40324865387595,27.374898624572538,1.4942900004488708,0.3502483671342418
63.452533615024294,10.403891831065096,27.318277044583034,1.4924835381643287,0.3644286295274452
63.452533615024294,10.40453500825424,27.254945116407615,1.4902815534438847,0.3803559123851538
63.452533615024294,10.405178185443383,27.19571010811679,1.4875533033553672,0.39528179455102885
63.452533615024294,10.405821362632528,27.145231544905204,1.4839905780446048,0.4079967980072952
63.452533615024294,10.406464539821672,27.116774893753377,1.4796287956579932,0.41508511206330834
63.452533615024294,10.407107717010815,27.08731492445787,1.4744783003893283,0.4226025815916416
63.452533615024294,10.40775089419996,27.044090669185806,1.46829755501406,0.4338465279878526
63.452533615024294,10.408394071389104,26.97138068270701,1.4606270402140415,0.4533830048743116
63.452533615024294,10.40903724857825,26.870349395423755,1.451830856403308,0.480893457747603
63.452533615024294,10.409680425767393,26.751637588669976,1.4418253349232502,0.5136034160550833
63.452533615024294,10.410323602956536,26.60898256196946,1.4303805720062677,0.5540756434669477
63.452533615024294,10.410966780145682,26.47710126731861,1.4172214755860348,0.5916024692725548
63.452533615024294,10.411609957334825,26.349625388123947,1.4025279484603304,0.6273753085845337
63.452533615024294,10.41225313452397,26.22942413400029,1.385961915873601,0.6606146064207765
63.452533615024294,10.412896311713114,26.119228359626764,1.3675638916341062,0.6919765024024263
63.452533615024294,10.413539488902257,25.969363469066813,1.3468380904040878,0.7345196388556411
63.452533615024294,10.414182666091403,25.791267634328673,1.323964130450614,0.78004991503655
63.452533615024294,10.414825843280546,25.555398971820058,1.2982686641332166,0.8312751212016625
63.452533615024294,10.41546902046969,25.258235547109198,1.2696610527822882,0.8842693225315588
63.452533615024294,10.416112197658835,24.93957359423925,1.240292153428239,0.9283845111769782
63.452533615024294,10.416755374847979,24.59945784028215,1.2085977128227026,0.9638247666777787
63.452533615024294,10.417398552037124,24.234059903286347,1.1748076296320291,0.9839498871515456
63.452533615024294,10.418041729226267,23.835866214525364,1.1369359275596225,0.9946846557398238
63.452533615024294,10.418684906415411,23.437986226076877,1.0944427852892666,0.9991864906677198
63.452533615024294,10.419328083604556,23.053422042575598,1.0503883985468865,1.000218599200844
63.452533615024294,10.4199712607937,22.729859695276943,1.0010273058824153,1.0004307509618848
63.452533615024294,10.420614437982845,22.38783415258801,0.9619124493618445,1.0003493464001494
63.452533615024294,10.421257615171989,22.053401906642,0.9303760818546396,1.0001465235602065
63.452533615024294,10.421900792361132,21.76299915934345,0.9009181415815017,0.999964625225933
63.452533615024294,10.422543969550278,21.552297171393455,0.8707146751362655,0.9999454852159221
63.452533615024294,10.423187146739421,21.46487665838157,0.8358154487491525,0.9999457647489431
63.452533615024294,10.423830323928565,21.42053775527379,0.8045903748224724,0.9999716520459278
63.452533615024294,10.42447350111771,21.34914948156846,0.7932778698354958,0.9999987316242509
63.452533615024294,10.425116678306853,21.253957898908396,0.8000848328001665,1.000032435894558
63.452533615024294,10.425759855495999,21.10827170506038,0.8229969853537852,1.0000469032356292
63.452533615024294,10.426403032685142,20.972071646093163,0.8554136114699554,1.000041526152579
63.452533615024294,10.427046209874286,20.89214531047771,0.8824685753728375,0.999991862858376
63.452533615024294,10.427689387063431,20.86774059928594,0.9053172936324695,0.9999278528387431
63.452533615024294,10.428332564252575,20.88984779650071,0.9344549319057467,0.9999197471774105
63.452533615024294,10.42897574144172,20.93406987667059,0.9773226682767558,0.9999259970407126
63.452533615024294,10.429618918630863,20.98882567022692,1.0294669469025564,0.999936745362737
63.452533615024294,10.430262095820007,21.069342524750084,1.0766411828142535,0.9999488929520461
63.452533615024294,10.430905273009152,21.177147436303677,1.1197336406019125,1.0000722945090663
63.452533615024294,10.431548450198296,,,
63.452533615024294,10.43219162738744,,,
63.452782563562074,10.35275886032483,28.961399969900526,1.4999999999897318,0.07478597851169476
63.452782563562074,10.353402043107494,28.916449521226042,1.5000000000012104,0.07898737038691453
63.452782563562074,10.354045225890157,28.919368598185375,1.5000000000003655,0.07874444133810102
63.452782563562074,10.354688408672821,28.904886249033158,1.499999999999977,0.08028419787253817
63.452782563562074,10.355331591455483,28.883157088617356,1.4999999999999218,0.0825093557333791
63.452782563562074,10.355974774238147,28.8646781411976,1.499999999999925,0.0843715580550888
63.452782563562074,10.356617957020811,28.848563271905984,1.4999999999999494,0.08601262363489143
63.452782563562074,10.357261139803475,28.833620383362913,1.4999999999999583,0.0876014515559919
63.452782563562074,10.357904322586137,28.816858195256074,1.4999999999999436,0.08942402594517555
63.452782563562074,10.3585475053688,28.799776017520152,1.4999999999999072,0.09128595321600642
63.452782563562074,10.359190688151465,28.784948358230537,1.4999999999998497,0.0928889652751653
63.452782563562074,10.359833870934127,28.77461501702933,1.4999999999997784,0.09399024750291754
63.452782563562074,10.36047705371679,28.76851999767512,1.4999999999996985,0.09466695756404354
63.452782563562074,10.361120236499454,28.76562914617844,1.4999999999995561,0.09501117677863213
63.452782563562074,10.361763419282118,28.76494508757714,1.4999999999992935,0.09510391248419163
63.452782563562074,10.36240660206478,28.765141636753757,1.499999999998829,0.09507283724505315
63.452782563562074,10.363049784847444,28.765180610666018,1.4999999999981737,0.0950510411777718
63.452782563562074,10.363692967630108,28.764879423200213,1.499999999997449,0.0950826935431491
63.452782563562074,10.36433615041277,28.764097973669355,1.4999999999969464,0.09520634841262862
63.452782563562074,10.364979333195434,28.764943065676718,1.5000000000061235,0.09514436663724041
63.452782563562074,10.365622515978098,28.76747185959048,1.500000000016625,0.09486199988514965
63.452782563562074,10.366265698760762,28.769886380081335,1.5000000000091929,0.09456946677395872
63.452782563562074,10.366908881543424,28.7698858510854,1.4999999999641207,0.09453734216784367
63.452782563562074,10.367552064326087,28.762771875508644,1.4999999998855917,0.09533349691659584
63.452782563562074,10.368195247108751,28.752325246290155,1.4999999998365292,0.09652661622295308
63.452782563562074,10.368838429891413,28.744209179740185,1.4999999998869122,0.09746137879462011
63.452782563562074,10.369481612674077,28.745057140740748,1.500000000153539,0.0973779187477288
63.452782563562074,10.370124795456741,28.7578508048532,1.5000000006081562,0.09594537343740213
63.452782563562074,10.370767978239405,28.77455754019858,1.5000000007289898,0.09406297407991365
63.452782563562074,10.371411161022067,28.78645834210797,1.4999999999628078,0.09270580046998012
63.452782563562074,10.37205434380473,28.786953785756246,1.4999999977219203,0.09261637880976076
63.452782563562074,10.372697526587395,28.778867607103628,1.499999995254139,0.09349780252958009
63.452782563562074,10.373340709370057,28.767429027385727,1.4999999951646674,0.09478534311260743
63.452782563562074,10.37398389215272,28.757853432880623,1.500000000126763,0.09591527233089935
63.452782563562074,10.374627074935384,28.753448559413634,1.500000013450912,0.09648532965118471
63.452782563562074,10.375270257718048,28.75340185189063,1.500000024461218,0.0965286464627658
63.452782563562074,10.37591344050071,28.75640468336574,1.5000000172182613,0.09615096213097088
63.452782563562074,10.376556623283374,28.761067295051703,1.499999974100451,0.09546974775763853
63.452782563562074,10.377199806066038,28.764384345102645,1.4999998927087288,0.0948809128067355
63.452782563562074,10.3778429888487,28.76230190396238,1.4999998447316916,0.09502015891298561
63.452782563562074,10.378486171631364,28.750815925265716,1.4999999129582637,0.09652523563439233
63.452782563562074,10.390063461719304,27.89307614419553,1.4999929596339332,0.23356898652998678
63.452782563562074,10.390706644501968,27.860579038286314,1.4999889231766033,0.23979604170154994
63.452782563562074,10.39134982728463,27.83292462260396,1.4999841010349786,0.24540374122856976
63.452782563562074,10.391993010067294,27.806826585443225,1.4999778165789026,0.2509010522207269
63.452782563562074,10.392636192849958,27.780654848048776,1.4999691130732036,0.2565597244969252
63.452782563562074,10.393279375632622,27.752812504400108,1.4999570338690809,0.26264693050110444
63.452782563562074,10.393922558415284,27.723013984053722,1.4999404180642746,0.26920713099568133
63.452782563562074,10.394565741197948,27.693664223846646,1.4999171287052961,0.27571260170092926
63.452782563562074,10.395208923980611,27.667459046297722,1.4998847866925715,0.2815454891406329
63.452782563562074,10.395852106763273,27.647061732095473,1.4998409943110598,0.28609442320788053
63.452782563562074,10.396495289545937,27.632404465495082,1.4997816941640976,0.28937033779848675
63.452782563562074,10.397138472328601,27.618901528463073,1.4997000528893953,0.292438057499273
63.452782563562074,10.397781655111265,27.60155682071489,1.4995889822498227,0.29646032154233054
63.452782563562074,10.398424837893927,27.57594274092302,1.499441042920986,0.30246497440889814
63.452782563562074,10.39906802067659,27.543516887293595,1.499242810379131,0.31009157649852526
63.452782563562074,10.399711203459255,27.509065058246744,1.4989759393777107,0.3181999234921639
63.452782563562074,10.400354386241917,27.477398246315932,1.4986219439267576,0.3256442680264929
63.452782563562074,10.40099756902458,27.45220269925422,1.4981597802285922,0.3315553327231161
63.452782563562074,10.401640751807244,27.42968114477258,1.4975525787464878,0.33690147700370726
63.452782563562074,10.402283934589908,27.403016117542364,1.496757439197403,0.34339213567736837
63.452782563562074,10.40292711737257,27.365357097813373,1.495731427344453,0.35274509614856847
63.452782563562074,10.403570300155234,27.311483824527965,1.4944225862269382,0.3662695068250528
63.452782563562074,10.404213482937898,27.248240789861203,1.4927567629619287,0.38222031803701584
63.452782563562074,10.40485666572056,27.185915756059057,1.4906565013707544,0.39797877049774927
63.452782563562074,10.405499848503224,27.135084919237546,1.4880433499455878,0.4108483988340457
63.452782563562074,10.406143031285888,27.101305093090904,1.4848203746762687,0.4194071964571562
63.452782563562074,10.406786214068552,27.072690787621823,1.480880408303701,0.42677921092189763
63.452782563562074,10.407429396851214,27.034955415059176,1.4761171718902972,0.43671928828811046
63.452782563562074,10.408072579633878,26.974350404636073,1.4704243031042383,0.45286140764173877
63.452782563562074,10.408715762416541,26.887346981804022,1.463710510486999,0.4762648774391349
63.452782563562074,10.409358945199203,26.77923435131852,1.455903437093931,0.5056682259010399
63.452782563562074,10.410002127981867,26.655573202367254,1.4469315708506687,0.5397341460213142
63.452782563562074,10.410645310764531,26.52296906091453,1.4367054753964086,0.5764463362141934
63.452782563562074,10.411288493547195,26.386176038393348,1.4250871635554625,0.6140087030945528
63.452782563562074,10.411931676329857,26.246572020334888,1.4119401707765447,0.6521289706146963
63.452782563562074,10.412574859112521,26.10546559140513,1.3971282883357956,0.6905541654936789
63.452782563562074,10.413218041895185,25.958089123631858,1.380508382741176,0.7307570319572765
63.452782563562074,10.413861224677847,25.79062831300999,1.3618997409952611,0.7734875892303589
63.452782563562074,10.41450440746051,25.58912967073009,1.3411118543749916,0.8183719521935877
63.452782563562074,10.415147590243174,25.34163629531588,1.3180333222859855,0.8647341372101403
63.452782563562074,10.415790773025838,25.060546770877902,1.2931524971685902,0.9082116280928882
63.452782563562074,10.4164339558085,24.753768387433354,1.2660613492692785,0.9451187872666544
63.452782563562074,10.417077138591164,24.424798480445872,1.23610165376576,0.9724369537781381
63.452782563562074,10.417720321373828,24.074429797518032,1.202372264410361,0.988260376871664
63.452782563562074,10.41836350415649,23.702268458371208,1.1643203160081317,0.996228303938094
63.452782563562074,10.419006686939154,23.324768697021216,1.1234606590653282,0.9992109598633646
63.452782563562074,10.419649869721818,22.959692732318214,1.0814498484503443,0.9998096395783016
63.452782563562074,10.420293052504482,22.608426099890288,1.0420907443276013,1.000041508935061
63.452782563562074,10.420936235287144,22.26874761157435,1.0069371251217583,1.0000997990938612
63.452782563562074,10.421579418069808,21.96844430993343,0.9716986421872464,1.0000576154409015
63.452782563562074,10.422222600852471,21.73590426575585,0.9319916069484868,0.9999933847443377
63.452782563562074,10.422865783635133,21.60047748063476,0.883811146745592,0.9999638165114668
63.452782563562074,10.423508966417797,21.52968482435053,0.8335077523059002,0.9999655593187768
63.452782563562074,10.424152149200461,21.468712459712325,0.7909008867342302,0.9999849655394746
63.452782563562074,10.424795331983125,21.364341483015796,0.7658624939659031,1.0000082730762818
63.452782563562074,10.425438514765787,21.20905201923715,0.7628571811861985,1.0000236218724916
63.452782563562074,10.426081697548451,21.04335515324567,0.7743363646037847,1.0000258971632638
63.452782563562074,10.426724880331115,20.909661303241904,0.7913860545082781,1.0000109185107708
63.452782563562074,10.427368063113777,20.844158076701667,0.8074159755658084,0.9999825399911104
63.452782563562074,10.42801124589644,20.837661578998784,0.8284722927656213,0.9999688474024983
63.452782563562074,10.428654428679105,20.867775719501537,0.8602859603271799,0.9999731158911864
63.452782563562074,10.429297611461768,20.912843028311826,0.9080827970565042,0.9999958376942304
63.452782563562074,10.42994079424443,20.96504423795522,0.9658883480388645,1.000028767868751
63.452782563562074,10.430583977027094,21.036353285504497,1.0190297373911217,1.0000491808819387
63.452782563562074,10.431227159809758,21.125146419969827,1.0689811387778019,1.0000415436430377
63.452782563562074,10.43187034259242,,,
63.453031512099855,10.35308007030216,29.01372439867583,1.4999999998959674,0.06973613999677436
63.453031512099855,10.353723258678452,28.94250717861372,1.5000000000027014,0.07647827793399226
63.453031512099855,10.354366447054744,28.925409790670408,1.5000000000003817,0.07810231581436153
63.453031512099855,10.355009635431037,28.924395467767827,1.4999999999999585,0.07828989608975478
63.453031512099855,10.355652823807327,28.907306357327585,1.4999999999999256,0.08000542595380417
63.453031512099855,10.35629601218362,28.89099213787789,1.4999999999999505,0.08161416225545277
63.453031512099855,10.356939200559912,28.880126647644932,1.4999999999999525,0.08272830301977728
63.453031512099855,10.357582388936203,28.869783641973132,1.4999999999999534,0.08384946826019071
63.453031512099855,10.358225577312496,28.853638074306005,1.499999999999933,0.08558542707568498
63.453031512099855,10.358868765688788,28.8378433339733,1.49999999999989,0.0872707689933124
63.453031512099855,10.359511954065079,28.8234380838678,1.4999999999998246,0.08874056302382231
63.453031512099855,10.360155142441371,28.814596959308677,1.4999999999997513,0.08964977077527894
63.453031512099855,10.360798330817664,28.809669758232605,1.499999999999662,0.09019686220283246
63.453031512099855,10.361441519193955,28.80710060166537,1.4999999999994778,0.09049448455354415
63.453031512099855,10.362084707570247,28.807606819631722,1.499999999999201,0.09046025084792501
63.453031512099855,10.362727895946538,28.80971699093145,1.4999999999986806,0.09020507659302521
63.453031512099855,10.36337108432283,28.811131297561083,1.4999999999980158,0.09001982449861606
63.453031512099855,10.364014272699123,28.811211160588677,1.4999999999972964,0.09001151091596635
63.453031512099855,10.364657461075414,28.812278695655014,1.4999999999963647,0.08995679390055036
63.453031512099855,10.365300649451706,28.81485418437783,1.5000000000082143,0.08970455788143003
63.453031512099855,10.365943837827999,28.817803037010407,1.5000000000139797,0.08937120376959858
63.453031512099855,10.36658702620429,28.818468844215378,1.4999999999930629,0.08926081811093423
63.453031512099855,10.367230214580582,28.81800878676831,1.4999999999514422,0.08932457266981945
63.453031512099855,10.367873402956874,28.80769404855659,1.4999999998780913,0.09049826022933727
63.453031512099855,10.368516591333165,28.795970318159856,1.4999999998663638,0.09183168805804579
63.453031512099855,10.369159779709458,28.787593111793157,1.49999999995026,0.09272516195688338
63.453031512099855,10.36980296808575,28.791024078441914,1.5000000002154485,0.09230595863576112
63.453031512099855,10.370446156462041,28.805773186180524,1.5000000006085727,0.09061865871490418
63.453031512099855,10.371089344838333,28.81905814229652,1.500000000372587,0.08908334238249233
63.453031512099855,10.371732533214626,28.822167245526796,1.4999999994543776,0.08871122186425479
63.453031512099855,10.372375721590917,28.817189458487263,1.4999999973020506,0.08924631365588478
63.453031512099855,10.37301890996721,28.806295479804653,1.4999999955243055,0.09044784831370484
63.453031512099855,10.373662098343502,28.796769114442043,1.4999999975938119,0.0915261179265839
63.453031512099855,10.374305286719792,28.791816532371044,1.5000000022016888,0.09214243665644385
63.453031512099855,10.374948475096085,28.788648832746077,1.5000000152285586,0.09255807744468142
63.453031512099855,10.375591663472377,28.78892517728061,1.5000000201518835,0.09252618031940088
63.453031512099855,10.376234851848668,28.78983530511821,1.4999999996513178,0.0923098823601889
63.453031512099855,10.37687804022496,28.7890600711337,1.499999960648202,0.09227267846293613
63.453031512099855,10.377521228601253,28.787223739458877,1.499999887462302,0.09232241405297387
63.453031512099855,10.378164416977544,28.77842275201871,1.4999998818491442,0.09334985885049038
63.453031512099855,10.378807605353837,28.760018172284553,1.499999998256242,0.09575108818424745
63.453031512099855,10.389741807750799,27.920542678127347,1.4999955301937276,0.22846401658950533
63.453031512099855,10.390384996127091,27.88354817921504,1.4999921429246157,0.23530569513010677
63.453031512099855,10.391028184503382,27.856186258626167,1.4999882251907593,0.24064368080216064
63.453031512099855,10.391671372879674,27.83019810700437,1.4999834239251215,0.2460045374227206
63.453031512099855,10.392314561255967,27.80086366481087,1.4999768917936933,0.2522684309606965
63.453031512099855,10.392957749632258,27.76877821077233,1.4999673632227195,0.25921484766619846
63.453031512099855,10.39360093800855,27.734207244811092,1.4999548827725027,0.26674037285571883
63.453031512099855,10.39424412638484,27.70175070184353,1.4999382680992497,0.2739086261550283
63.453031512099855,10.394887314761133,27.67084031545119,1.4999141876867592,0.2807765448195793
63.453031512099855,10.395530503137426,27.645844474965024,1.499880009660941,0.286359159769907
63.453031512099855,10.396173691513717,27.62755606574283,1.4998362064209305,0.2904867097831155
63.453031512099855,10.39681687989001,27.61168971137151,1.4997779358408567,0.2941122559095728
63.453031512099855,10.397460068266302,27.594095865836046,1.4996942249538376,0.2982012751367102
63.453031512099855,10.398103256642592,27.56638648376644,1.4995803044627045,0.30471807698978853
63.453031512099855,10.398746445018885,27.534677325328985,1.4994367893141605,0.31220312201219896
63.453031512099855,10.399389633395177,27.499754081138022,1.4992445491440032,0.320453128197853
63.453031512099855,10.400032821771468,27.466450544081564,1.4989743190829623,0.3283170859539162
63.453031512099855,10.40067601014776,27.44229116297021,1.4986246441887543,0.33401327836752126
63.453031512099855,10.401319198524053,27.417742631351906,1.4981908779163415,0.33990426456222606
63.453031512099855,10.401962386900344,27.392741958419755,1.4976106041936177,0.3460125750912479
63.453031512099855,10.402605575276636,27.35769679490593,1.4968203699790679,0.354740184911499
63.453031512099855,10.403248763652929,27.308246217392984,1.4958489831540709,0.367165732543637
63.453031512099855,10.40389195202922,27.248344888134064,1.4946567430743087,0.38230774415425306
63.453031512099855,10.404535140405512,27.183492068372498,1.493093066766783,0.39875367431514563
63.453031512099855,10.405178328781805,27.12877020660029,1.4910770673373057,0.4126717877977828
63.453031512099855,10.405821517158095,27.084105713543888,1.4887005386290437,0.42414337225518967
63.453031512099855,10.406464705534388,27.052506530263344,1.4858354995743932,0.4323473718548022
63.453031512099855,10.40710789391068,27.018876549908782,1.4822230251574795,0.44125259006421064
63.453031512099855,10.407751082286971,26.964219938525993,1.4778453308198458,0.45582421190666167
63.453031512099855,10.408394270663264,26.8911960679155,1.4728025432844847,0.4753224264107393
63.453031512099855,10.409037459039556,26.796393833762455,1.4669132051711486,0.5007615331493424
63.453031512099855,10.409680647415847,26.685005746137715,1.459919317536486,0.5310518536501624
63.453031512099855,10.41032383579214,26.56931314250986,1.451925993222664,0.5629635429473901
63.453031512099855,10.41096702416843,26.43186214060936,1.4428997795209415,0.6001990875229763
63.453031512099855,10.411610212544723,26.284690729063822,1.4326360829815126,0.6395456540890045
63.453031512099855,10.412253400921015,26.131267716969067,1.4208256918019617,0.6802508546931508
63.453031512099855,10.412896589297306,25.95504929221713,1.4075491454063216,0.7250476089888481
63.453031512099855,10.413539777673599,25.786656027374242,1.3927950888091658,0.7669492088469135
63.453031512099855,10.414182966049891,25.597130513688406,1.376132630486853,0.8102575190475473
63.453031512099855,10.414826154426182,25.372059273631514,1.3573457098997368,0.8532708150669249
63.453031512099855,10.415469342802474,25.110260929186843,1.3363747020537073,0.8950467542458819
63.453031512099855,10.416112531178767,24.838555944489684,1.3137282799439687,0.9326361486491896
63.453031512099855,10.416755719555058,24.548087235081425,1.2886179537453202,0.9618845988577894
63.453031512099855,10.41739890793135,24.26275093769768,1.2604817668498698,0.9792038739913187
63.453031512099855,10.418042096307643,23.94108081496277,1.2284645152384024,0.9906092515265592
63.453031512099855,10.418685284683933,23.585469102776454,1.1921979785188443,0.9959211563927062
63.453031512099855,10.419328473060226,23.231414737059207,1.1540284913304053,0.9979095233660964
63.453031512099855,10.419971661436518,22.88794254052969,1.1155180698597553,0.9993372664358192
63.453031512099855,10.420614849812809,22.559997518139213,1.0771624770754862,0.9997623131842126
63.453031512099855,10.421258038189102,22.243694246341448,1.0406912932938406,0.9999801011147484
63.453031512099855,10.421901226565394,21.979672042495416,1.0004646356682843,1.000104333832359
63.453031512099855,10.422544414941685,21.78041440801943,0.9493050855071726,1.0000226342195035
63.453031512099855,10.423187603317977,21.665952414030585,0.8849499705265707,0.9999924355607335
63.453031512099855,10.42383079169427,21.592781156625733,0.821286179450527,0.9999869477795248
63.453031512099855,10.42447398007056,21.480103831071556,0.7693248054283803,0.9999883443386959
63.453031512099855,10.425117168446853,21.318983434027764,0.7248192833487568,1.000010250152346
63.453031512099855,10.425760356823144,21.135835978896868,0.7099057253387135,1.000022776364189
63.453031512099855,10.426403545199436,20.96753532409329,0.7071974268508631,1.0000204824390961
63.453031512099855,10.427046733575729,20.878677819730285,0.7064723102724761,1.0000017245153827
63.453031512099855,10.42768992195202,20.83384958722444,0.7073182354370174,0.9999849920216363
63.453031512099855,10.428333110328312,20.840560350515894,0.7272821226116635,0.9999866320097002
63.453031512099855,10.428976298704605,20.87148800291333,0.7657897676274834,1.0000061509524723
63.453031512099855,10.429619487080895,20.89238158012596,0.8424442680424196,1.000027886309951
63.453031512099855,10.430262675457188,20.91963643677554,0.9080735238754922,1.0000324840166572
63.453031512099855,10.43090586383348,20.97328090093864,0.9665012187179962,1.0000202141101082
63.453031512099855,10.431549052209771,21.04777114119391,1.0193967223199936,0.9999765572130415
63.453031512099855,10.432192240586064,,,
63.45328046063764,10.353401285865711,,,
63.45328046063764,10.354044479835741,28.971608291156027,1.5000000000037397,0.07377325494787353
63.45328046063764,10.35468767380577,28.935589623859013,1.5000000000004576,0.07714943809227773
63.45328046063764,10.3553308677758,28.938670754690886,1.499999999999978,0.0768861288730991
63.45328046063764,10.355974061745831,28.926013947200815,1.4999999999999631,0.07813299673759545
63.45328046063764,10.356617255715861,28.918563858356947,1.4999999999999494,0.07887131848292196
63.45328046063764,10.35726044968589,28.91605018282597,1.499999999999948,0.07915819966752909
63.45328046063764,10.35790364365592,28.90820596386196,1.4999999999999465,0.08000407667277132
63.45328046063764,10.35854683762595,28.893876101128647,1.499999999999921,0.08151498857654822
63.45328046063764,10.35919003159598,28.879076790537987,1.4999999999998703,0.0830020404920711
63.45328046063764,10.35983322556601,28.86437119365051,1.4999999999997975,0.08443436755949926
63.45328046063764,10.36047641953604,28.857132108776025,1.4999999999997187,0.08515845661177607
63.45328046063764,10.36111961350607,28.8528187307776,1.4999999999995994,0.08562958331075048
63.45328046063764,10.361762807476099,28.851716612815682,1.4999999999994307,0.08577410087529651
63.45328046063764,10.36240600144613,28.85447193722043,1.4999999999991356,0.08549958511061534
63.45328046063764,10.36304919541616,28.857160149035195,1.4999999999985274,0.08517337863766451
63.45328046063764,10.36369238938619,28.85777135597382,1.4999999999977816,0.0850808925154733
63.45328046063764,10.364335583356219,28.858629730402086,1.499999999994433,0.08501996966739865
63.45328046063764,10.364978777326249,28.861383446396776,1.499999999995129,0.0847863221688498
63.45328046063764,10.36562197129628,28.864787850754226,1.5000000000071594,0.08443715389900548
63.45328046063764,10.36626516526631,28.865674306085563,1.5000000000025038,0.08431166966728418
63.45328046063764,10.366908359236339,28.86733170864623,1.4999999999917197,0.0841381591937565
63.45328046063764,10.367551553206368,28.865720097040576,1.4999999999538498,0.08434783635636932
63.45328046063764,10.368194747176398,28.85391533587911,1.4999999998989302,0.08567945558695794
63.45328046063764,10.36883794114643,28.842112573972326,1.4999999999121685,0.08692844010488585
63.45328046063764,10.369481135116459,28.833453058654655,1.499999999933586,0.08777941946273858
63.45328046063764,10.370124329086488,28.836960499188883,1.5000000001766394,0.08731397365748846
63.45328046063764,10.370767523056518,28.847760909444162,1.5000000003471137,0.08603164951280137
63.45328046063764,10.371410717026547,28.849833092127383,1.5000000000055107,0.0857541294752075
63.45328046063764,10.372053910996579,28.847807423912442,1.4999999994324047,0.08597727402038474
63.45328046063764,10.372697104966608,28.8394014304315,1.4999999976061127,0.08689631338820925
63.45328046063764,10.373340298936638,28.830374299577624,1.4999999974959994,0.08788051890085266
63.45328046063764,10.373983492906667,28.82674844479287,1.4999999987693777,0.08829862591692078
63.45328046063764,10.374626686876697,28.823227713361966,1.5000000018825133,0.08873716279691483
63.45328046063764,10.375269880846728,28.82059992939424,1.5000000119125125,0.08905819663130458
63.45328046063764,10.375913074816758,28.818524622242172,1.500000005196451,0.08920876488596051
63.45328046063764,10.376556268786787,28.81333215139292,1.4999999918188403,0.08970054294649456
63.45328046063764,10.377199462756817,28.808408743992395,1.4999999629876695,0.09017358891843417
63.45328046063764,10.377842656726846,28.801680936763113,1.4999999178632468,0.09085358652710723
63.45328046063764,10.378485850696878,28.79165444156005,1.4999999409172147,0.0920844835504036
63.45328046063764,10.390063342157415,27.905608723345242,1.4999946184277015,0.23113959576810034
63.45328046063764,10.390706536127444,27.870590146777417,1.4999913379466159,0.23780223746952583
63.45328046063764,10.391349730097474,27.852596445497326,1.4999876556976957,0.24133964267683075
63.45328046063764,10.391992924067505,27.824128938763288,1.4999826288224227,0.24734543858833996
63.45328046063764,10.392636118037535,27.78808073157956,1.4999753225381485,0.25510623042607106
63.45328046063764,10.393279312007564,27.747235451166027,1.4999656959242966,0.263939031384528
63.45328046063764,10.393922505977594,27.709922630491082,1.4999530117145459,0.27208954100133415
63.45328046063764,10.394565699947623,27.67584007646717,1.49993583620043,0.2796426863414089
63.45328046063764,10.395208893917655,27.646539372140936,1.4999099803424554,0.28618347312655085
63.45328046063764,10.395852087887684,27.62639042223459,1.4998764726072835,0.29073297161355055
63.45328046063764,10.396495281857714,27.60701665745281,1.4998323724935916,0.2951895140544987
63.45328046063764,10.397138475827743,27.58777017739616,1.4997726613553555,0.2996773198592389
63.45328046063764,10.397781669797773,27.55899527371907,1.4996856345519705,0.3064600918575628
63.45328046063764,10.398424863767804,27.52254304470342,1.4995764550402015,0.3150938645466942
63.45328046063764,10.399068057737834,27.488516508949477,1.4994349520964096,0.3231641513766777
63.45328046063764,10.399711251707863,27.454832399173903,1.4992398069738035,0.3311520875064592
63.45328046063764,10.400354445677893,27.43156144816672,1.4989724867648244,0.33665874707609045
63.45328046063764,10.400997639647922,27.410084085071215,1.4986432490809394,0.34182767462243113
63.45328046063764,10.401640833617954,27.38340311043516,1.4982260884750074,0.34838677297021514
63.45328046063764,10.402284027587983,27.349821304156045,1.4976452589695364,0.356773645994325
63.45328046063764,10.402927221558013,27.299804533562565,1.4969078554546444,0.36936432525087004
63.45328046063764,10.403570415528042,27.245515507925123,1.4960077456803802,0.3830970565997602
63.45328046063764,10.404213609498072,27.18381204796899,1.4948902779891537,0.39878032156723947
63.45328046063764,10.404856803468103,27.128236874622587,1.4933789103452957,0.4129576990530486
63.45328046063764,10.405499997438133,27.082408756151562,1.4915786799358086,0.42477249386335947
63.45328046063764,10.406143191408162,27.036875954098655,1.4894230031039892,0.4366624818566795
63.45328046063764,10.406786385378192,27.000431222713107,1.4868061972989175,0.44632740618025185
63.45328046063764,10.407429579348221,26.94650196783481,1.4834751109525186,0.46071502547303667
63.45328046063764,10.408072773318253,26.87729825286163,1.47965381067382,0.47923058717853767
63.45328046063764,10.408715967288282,26.796273493024845,1.4751773227605738,0.5009407855986556
63.45328046063764,10.409359161258312,26.698244772605378,1.4699244563374825,0.5273151745270171
63.45328046063764,10.410002355228341,26.598747976095012,1.4637310679972946,0.5545841552774516
63.45328046063764,10.410645549198371,26.487146753233425,1.4567140772379217,0.5849991822646452
63.45328046063764,10.411288743168402,26.34469719366064,1.4487190710189481,0.6227990326701216
63.45328046063764,10.411931937138432,26.186495046192633,1.4395415847673576,0.6640996173023288
63.45328046063764,10.412575131108461,25.994079833582113,1.4290949400161188,0.712815658636948
63.45328046063764,10.41321832507849,25.789554642172003,1.4172338066556676,0.7610336905741272
63.45328046063764,10.41386151904852,25.5980696379628,1.4040547136154862,0.8043381148868298
63.45328046063764,10.414504713018552,25.385621395378106,1.3890466983563712,0.8458525463526889
63.45328046063764,10.415147906988581,25.14001991813827,1.3722306841473677,0.884255751108068
63.45328046063764,10.41579110095861,24.879652262958768,1.3531562503587589,0.9206710931424464
63.45328046063764,10.41643429492864,24.620980435274525,1.3324221889368215,0.9514150386026005
63.45328046063764,10.41707748889867,24.37587634827591,1.3089624160231186,0.9705833699298402
63.45328046063764,10.417720682868701,24.135405551006905,1.2827854180725007,0.9825080750313917
63.45328046063764,10.41836387683873,23.836942177749922,1.2526595348032914,0.9909297049315532
63.45328046063764,10.41900707080876,23.50534276866198,1.2188908959795002,0.9947027214150627
63.45328046063764,10.41965026477879,23.17339338160089,1.1845424441090777,0.9976211367407651
63.45328046063764,10.42029345874882,22.85375461625754,1.1477458973001378,0.9992103897138007
63.45328046063764,10.42093665271885,22.554158441461063,1.109518773240784,0.9997962697083314
63.45328046063764,10.42157984668888,22.274948423841394,1.069092870407569,1.0001593161713729
63.45328046063764,10.42222304065891,22.050506066547793,1.01849676235621,1.000168508110246
63.45328046063764,10.42286623462894,21.864179381956646,0.9564361554993412,1.0000400882808997
63.45328046063764,10.423509428598969,21.74994539425234,0.8810251959311727,1.0000002972634665
63.45328046063764,10.424152622569,21.61843109257742,0.8115050663179936,0.9999713293565159
63.45328046063764,10.42479581653903,21.435022124035413,0.7370103910674007,0.9999862493641979
63.45328046063764,10.42543901050906,21.253055259267423,0.6777102136469478,1.0000084561596996
63.45328046063764,10.426082204479089,21.06788967792409,0.6493796557277939,1.0000186835317144
63.45328046063764,10.426725398449118,20.95952372771348,0.629197555021584,1.000013559918825
63.45328046063764,10.42736859241915,20.901563884234143,0.6062200710928463,0.9999996722153288
63.45328046063764,10.42801178638918,20.866774531662237,0.5995179215847122,0.9999933591233313
63.45328046063764,10.428654980359209,20.874828321187582,0.623787143656881,1.0000060248316596
63.45328046063764,10.429298174329238,20.874323045149456,0.6952501879356324,1.0000221182568305
63.45328046063764,10.429941368299268,20.858141157352406,0.7879952913065452,1.0000266729763219
63.45328046063764,10.4305845622693,20.85835270422079,0.8570579201736703,1.0000150252428215
63.45328046063764,10.431227756239329,20.891131637223438,0.9154280241491098,0.9999808377830092
63.45328046063764,10.431870950209358,20.95967556702241,0.9644893732286163,0.9999527501247558
63.45328046063764,10.432514144179388,,,
63.453529409175424,10.354365706579523,29.002838727669275,1.4999999999988445,0.0710869748487811
63.453529409175424,10.355008906143402,28.961934144002164,1.50000000000114,0.0746969907739626
63.453529409175424,10.355652105707279,28.954048126636955,1.4999999999999936,0.0754530597414407
63.453529409175424,10.356295305271157,28.95062202065867,1.499999999999953,0.07579551509985621
63.453529409175424,10.356938504835034,28.95261416399863,1.4999999999999363,0.07562327294333065
63.453529409175424,10.35758170439891,28.953077734063346,1.4999999999999407,0.07559475783920856
63.453529409175424,10.358224903962789,28.946752521418944,1.4999999999999352,0.07624794716205124
63.453529409175424,10.358868103526666,28.93471331992296,1.499999999999904,0.07743807645533678
63.453529409175424,10.359511303090542,28.92030318002198,1.4999999999998468,0.07881600834519059
63.453529409175424,10.36015450265442,28.907042508994856,1.499999999999768,0.08008502137918026
63.453529409175424,10.360797702218298,28.90068596552822,1.4999999999996771,0.08071242711218829
63.453529409175424,10.361440901782174,28.898370592596038,1.4999999999995834,0.08096144053034632
63.453529409175424,10.362084101346053,28.899805650447437,1.4999999999994356,0.08083381180154141
63.453529409175424,10.36272730090993,28.90206516704393,1.4999999999990248,0.0806062393337397
63.453529409175424,10.363370500473806,28.903214014265068,1.4999999999982405,0.08045139314317873
63.453529409175424,10.364013700037685,28.90397864647513,1.4999999999942772,0.0803797317688858
63.453529409175424,10.364656899601561,28.905460831338413,1.499999999991146,0.08025219270753271
63.453529409175424,10.365300099165438,28.908144009161468,1.4999999999949352,0.08000600481188484
63.453529409175424,10.365943298729317,28.910300341507767,1.5000000000026716,0.0797762586427348
63.453529409175424,10.366586498293193,28.91307453785158,1.500000000007346,0.0794934729439425
63.453529409175424,10.367229697857072,28.91373074809179,1.4999999999981226,0.07943172434359745
63.453529409175424,10.367872897420948,28.909324519183055,1.499999999958609,0.07992420640282301
63.453529409175424,10.368516096984825,28.89842930271959,1.4999999999157527,0.0810703881458449
63.453529409175424,10.369159296548704,28.887073808477957,1.4999999998597995,0.08219873301239727
63.453529409175424,10.36980249611258,28.877189418012694,1.4999999998838307,0.08314882098295069
63.453529409175424,10.370445695676457,28.87739337260256,1.5000000000943772,0.08301564754605861
63.453529409175424,10.371088895240336,28.875889205416097,1.5000000001672775,0.08310917378217694
63.453529409175424,10.371732094804212,28.87264551243455,1.5000000001435845,0.08344240841385892
63.453529409175424,10.372375294368089,28.868092667009492,1.4999999996380855,0.0839310216395565
63.453529409175424,10.373018493931967,28.86016717058357,1.4999999985846304,0.08477616129237389
63.453529409175424,10.373661693495844,28.856141633380044,1.499999997935017,0.08520514000380311
63.453529409175424,10.37430489305972,28.8534009360008,1.4999999979367133,0.0855035199307161
63.453529409175424,10.3749480926236,28.849754928088373,1.5000000003967315,0.08591272402132769
63.453529409175424,10.375591292187476,28.845318841845305,1.5000000028974572,0.08636617269814689
63.453529409175424,10.376234491751353,28.83801118545268,1.5000000011307588,0.08711923838225
63.453529409175424,10.376877691315231,28.829745177408327,1.4999999947006835,0.0879727970504835
63.453529409175424,10.377520890879108,28.822136142446855,1.4999999740435468,0.08875873776852618
63.453529409175424,10.378164090442986,28.814224001743085,1.4999999554297592,0.08961602717499637
63.453529409175424,10.378807290006863,28.800013120735887,1.4999999897088712,0.09131446635958153
63.453529409175424,10.390384882156654,27.88751546335844,1.4999938152508425,0.23454484950999704
63.453529409175424,10.391028081720533,27.85929861687781,1.4999907732879145,0.24002490556396805
63.453529409175424,10.39167128128441,27.843173269047607,1.4999870746052903,0.24330912067329566
63.453529409175424,10.392314480848286,27.806914966631748,1.4999814805504859,0.2510906969726084
63.453529409175424,10.392957680412165,27.763665565837357,1.499974068239119,0.26043679055497293
63.453529409175424,10.393600879976042,27.719967240120347,1.4999644911816303,0.2699380305883906
63.453529409175424,10.394244079539918,27.68132618762812,1.49995151552662,0.2784280791180673
63.453529409175424,10.394887279103797,27.648483753624593,1.499932998365026,0.2857427237677631
63.453529409175424,10.395530478667673,27.624777074937825,1.499907724038095,0.29108269942738324
63.453529409175424,10.39617367823155,27.603938592515057,1.4998743131737426,0.2958830322398025
63.453529409175424,10.396816877795429,27.581387852380104,1.4998299339718622,0.30116300159448184
63.453529409175424,10.397460077359305,27.55212160748993,1.4997668707062422,0.3080792308748185
63.453529409175424,10.398103276923182,27.514498050197087,1.499684382403352,0.31701159955724106
63.453529409175424,10.39874647648706,27.4769528906511,1.4995773940365624,0.32594542107795027
63.453529409175424,10.399389676050937,27.443937024284732,1.4994364187421456,0.3338116734816803
63.453529409175424,10.400032875614814,27.419778039344273,1.4992398494224628,0.33956493864179016
63.453529409175424,10.400676075178692,27.39986017402449,1.4989915353905463,0.34437408398948
63.453529409175424,10.40131927474257,27.375118139239337,1.49867614953331,0.350486259553224
63.453529409175424,10.401962474306448,27.341384802981242,1.4982614939184216,0.35893437519087346
63.453529409175424,10.402605673870324,27.293296268901074,1.497713561835671,0.3710615117739918
63.453529409175424,10.403248873434201,27.238524022733507,1.4970389048516437,0.3849314026524726
63.453529409175424,10.40389207299808,27.18373894758304,1.496199999112796,0.3988716220763274
63.453529409175424,10.404535272561956,27.12971979302331,1.495114606293131,0.4126882209112652
63.453529409175424,10.405178472125833,27.08376928724389,1.493761085122676,0.4245653625117713
63.453529409175424,10.405821671689711,27.036433806287878,1.492145255503513,0.4369493048209032
63.453529409175424,10.406464871253588,26.986145021387316,1.4901938794083265,0.45024705730042724
63.453529409175424,10.407108070817465,26.92952222361696,1.487744565545778,0.4653394689067954
63.453529409175424,10.407751270381343,26.859300209383115,1.4848439409714884,0.4841041235629973
63.453529409175424,10.40839446994522,26.78316991384467,1.4814791043022582,0.5045338551562584
63.453529409175424,10.409037669509097,26.698678735599554,1.4775174529387989,0.5272588835156833
63.453529409175424,10.409680869072975,26.61168644443789,1.4727937911736122,0.5510051976280126
63.453529409175424,10.410324068636852,26.518126641457012,1.4673962923354131,0.5765051568903291
63.453529409175424,10.410967268200729,26.401105739959572,1.4612304966436294,0.6076535891056355
63.453529409175424,10.411610467764607,26.250534979556043,1.4541264547219253,0.6467442560351152
63.453529409175424,10.412253667328484,26.06218164117074,1.44591647340418,0.6942877934356106
63.453529409175424,10.412896866892362,25.84577300217907,1.436671804673678,0.7460412663673318
63.453529409175424,10.413540066456239,25.623978715981604,1.4261609071148713,0.7947966119434529
63.453529409175424,10.414183266020116,25.408631119992506,1.4142921302012204,0.8374347482015724
63.453529409175424,10.414826465583994,25.16829397817527,1.400767831797634,0.8760347980380179
63.453529409175424,10.41546966514787,24.925680435948948,1.3856302746593272,0.909475696988372
63.453529409175424,10.416112864711748,24.68203487338738,1.3684625575038254,0.9395313696152061
63.453529409175424,10.416756064275626,24.45824486652411,1.349200351182589,0.9612575460971735
63.453529409175424,10.417399263839503,24.25089088684652,1.327491014262089,0.9751957032708982
63.453529409175424,10.41804246340338,24.028993062499836,1.303127575516991,0.9843286756843977
63.453529409175424,10.418685662967258,23.750883306018345,1.2750933970754441,0.9905009535652329
63.453529409175424,10.419328862531135,23.449259727572244,1.2452170947844108,0.9947449986338461
63.453529409175424,10.419972062095011,23.14216040703943,1.2126579216433322,0.9976633519120652
63.453529409175424,10.42061526165889,22.850304828331872,1.1758361504039254,0.999306921653653
63.453529409175424,10.421258461222767,22.584005139003036,1.1355643461110674,1.0000127417033464
63.453529409175424,10.421901660786643,22.355117107415243,1.086986255558439,1.0002731438907717
63.453529409175424,10.422544860350522,22.146028214284065,1.0280665134085558,1.0001812555073353
63.453529409175424,10.423188059914398,21.956485847749434,0.9572399312788933,1.000027675245673
63.453529409175424,10.423831259478277,21.793756984215815,0.8771706868255158,0.9999653459476511
63.453529409175424,10.424474459042154,21.59051162079226,0.7902732048717628,0.999956334429069
63.453529409175424,10.42511765860603,21.393950610641504,0.704687163013251,0.9999826791975729
63.453529409175424,10.425760858169909,21.216322990568266,0.6361230018205262,1.0000065554963955
63.453529409175424,10.426404057733786,21.086692815208526,0.5878111139289457,1.0000146582377687
63.453529409175424,10.427047257297662,21.012840697328944,0.5406606081438406,1.0000097400311871
63.453529409175424,10.42769045686154,20.966083115846704,0.5124337375510645,1.0000009355327646
63.453529409175424,10.428333656425417,20.936245755497342,0.509257605167167,1.0000018635918162
63.453529409175424,10.428976855989294,20.908453952188363,0.5571020185104433,1.0000092366180338
63.453529409175424,10.429620055553173,20.862880374719538,0.6424814201906871,1.0000126706778802
63.453529409175424,10.43026325511705,20.815150897638613,0.7336010000812265,1.0000108986202323
63.453529409175424,10.430906454680926,20.788649546012614,0.8003282356343953,0.9999925124754836
63.453529409175424,10.431549654244805,20.803325080012872,0.8536183385306578,0.999978740919087
63.453529409175424,10.432192853808681,20.846266459262996,0.9062465597988756,0.9999730767642376
63.453529409175424,10.432836053372558,,,
63.453778357713205,10.354686938909966,29.04190153866324,1.4999999999773876,0.06757427566188148
63.453778357713205,10.3553301440678,28.997068261407684,1.5000000000025056,0.0714844607145726
63.453778357713205,10.355973349225634,28.976985494116306,1.4999999999999578,0.07336200341165489
63.453778357713205,10.356616554383468,28.98206840705082,1.4999999999999265,0.07288139744952944
63.453778357713205,10.357259759541302,28.987807409221908,1.4999999999999358,0.07232987097144479
63.453778357713205,10.357902964699138,28.989780104387993,1.4999999999999534,0.07213912855857393
63.453778357713205,10.358546169856972,28.98371927763458,1.4999999999999267,0.07271902383774081
63.453778357713205,10.359189375014806,28.97200554145864,1.499999999999888,0.07381795225549834
63.453778357713205,10.35983258017264,28.959144642797174,1.499999999999825,0.07501918514623389
63.453778357713205,10.360475785330474,28.949301290104067,1.4999999999997413,0.07594310044575267
63.453778357713205,10.361118990488308,28.945190413210273,1.4999999999996638,0.07634478263760977
63.453778357713205,10.361762195646142,28.944761070289164,1.4999999999996032,0.07639393906263121
63.453778357713205,10.362405400803976,28.94611257952219,1.4999999999993745,0.07626354573512002
63.453778357713205,10.363048605961811,28.946883809671284,1.4999999999988123,0.07616810482936678
63.453778357713205,10.363691811119645,28.946582871145697,1.4999999999955014,0.07618099780171927
63.453778357713205,10.36433501627748,28.946710483780375,1.4999999999905833,0.07617262969164965
63.453778357713205,10.364978221435313,28.947488316507943,1.4999999999894882,0.0761053553240275
63.453778357713205,10.365621426593147,28.94933464819657,1.4999999999969267,0.07592459613280361
63.453778357713205,10.366264631750981,28.952597809140407,1.500000000010855,0.07558850522194316
63.453778357713205,10.366907836908815,28.95488171474868,1.500000000016715,0.07535067298024584
63.453778357713205,10.36755104206665,28.953657884825255,1.5000000000022535,0.0754784364989062
63.453778357713205,10.368194247224483,28.94674786019753,1.4999999999506315,0.0761960164438562
63.453778357713205,10.36883745238232,28.934849600624833,1.4999999998510265,0.0773860581826282
63.453778357713205,10.369480657540153,28.922209565596496,1.4999999997887288,0.07861935037994813
63.453778357713205,10.370123862697987,28.912607621348382,1.4999999998470008,0.07952131577687901
63.453778357713205,10.370767067855821,28.90713170368809,1.5000000001094074,0.08001213255346676
63.453778357713205,10.371410273013655,28.901369633323014,1.5000000004153466,0.08058327425231851
63.453778357713205,10.37205347817149,28.89499287471636,1.5000000004170206,0.08124537730039648
63.453778357713205,10.372696683329323,28.887698167945608,1.4999999998104316,0.08200317904415778
63.453778357713205,10.373339888487157,28.881769117044644,1.4999999981726386,0.08260384368897278
63.453778357713205,10.373983093644993,28.877925936816897,1.4999999965339117,0.08298428640709804
63.453778357713205,10.374626298802827,28.874279966354187,1.4999999963303208,0.08334707823632204
63.453778357713205,10.375269503960661,28.869006008927467,1.4999999988882236,0.08389188003295618
63.453778357713205,10.375912709118495,28.86102464178381,1.5000000049051099,0.08473043490374954
63.453778357713205,10.376555914276329,28.85144594705938,1.500000008438065,0.08573531642662031
63.453778357713205,10.377199119434163,28.84169393828993,1.5000000050685711,0.08675496445530782
63.453778357713205,10.377842324591997,28.83392125561634,1.4999999903860963,0.0875570069944591
63.453778357713205,10.378485529749831,28.829636600792206,1.4999999713807393,0.08800577273664058
63.453778357713205,10.379128734907665,28.7867003758643,1.5000000169349945,0.09286072303777614
63.453778357713205,10.390063222590847,27.904419032022773,1.499995627758358,0.23145160666786557
63.453778357713205,10.390706427748682,27.86680750106074,1.4999931399091453,0.23859573438791393
63.453778357713205,10.391349632906516,27.849351681097584,1.4999904604016816,0.2420092367527954
63.453778357713205,10.39199283806435,27.821524563062578,1.4999863577154853,0.24792770170693715
63.453778357713205,10.392636043222184,27.777940695793554,1.4999808731690774,0.25736511223821706
63.453778357713205,10.393279248380018,27.731835905326182,1.4999737495668417,0.26740038244611897
63.453778357713205,10.393922453537852,27.687667285263235,1.4999639310272144,0.2770834336670362
63.453778357713205,10.394565658695686,27.64987441209147,1.4999504896508473,0.28547344548056947
63.453778357713205,10.39520886385352,27.621113931626102,1.4999327296589386,0.2919483150770743
63.453778357713205,10.395852069011356,27.59756232333749,1.499907943794234,0.29735644154879054
63.453778357713205,10.39649527416919,27.574213752735037,1.4998739193043493,0.3028279211740166
63.453778357713205,10.397138479327024,27.546069766880386,1.4998292684381531,0.30949293968443525
63.453778357713205,10.397781684484858,27.510003448054352,1.4997706073649961,0.3180778454436644
63.453778357713205,10.398424889642692,27.471076186109705,1.4996906101287715,0.3273676222955011
63.453778357713205,10.399068094800526,27.43515328065015,1.499583375966383,0.3359586595402409
63.453778357713205,10.39971129995836,27.40755646564824,1.4994467001090586,0.34258741235289675
63.453778357713205,10.400354505116194,27.38588153362671,1.4992676531895532,0.3478545916589109
63.453778357713205,10.40099771027403,27.363229877730777,1.4990302436508358,0.353471090284876
63.453778357713205,10.401640915431864,27.332035591856467,1.4987214671357307,0.3613130841109786
63.453778357713205,10.402284120589698,27.288512841458036,1.4983390352059633,0.372309557596629
63.453778357713205,10.402927325747532,27.236319685148153,1.4978456496052708,0.3855445579919468
63.453778357713205,10.403570530905366,27.18117546486217,1.4972122549301987,0.39958502972958043
63.453778357713205,10.4042137360632,27.129695716391844,1.496418179212148,0.412770496802597
63.453778357713205,10.404856941221034,27.081781620864824,1.49545492639835,0.42517624046736613
63.453778357713205,10.405500146378868,27.03443382310186,1.494250809622594,0.4375820509093139
63.453778357713205,10.406143351536702,26.983141014125266,1.4927647212447006,0.4511574831713617
63.453778357713205,10.406786556694538,26.921954811088536,1.4909818824310315,0.4674383858655473
63.453778357713205,10.407429761852372,26.85091632708854,1.4888618598802172,0.48638339025652716
63.453778357713205,10.408072967010206,26.772551150934326,1.4863107756174527,0.507355698498534
63.453778357713205,10.40871617216804,26.690218817467763,1.4832785568761142,0.5294926931486239
63.453778357713205,10.409359377325874,26.609916419642538,1.4797732027432977,0.5512387454028925
63.453778357713205,10.410002582483708,26.528280995135336,1.4756961772862953,0.5734570729001632
63.453778357713205,10.410645787641542,26.43071646524037,1.4709351388229586,0.5995470657340403
63.453778357713205,10.411288992799376,26.3035895194279,1.4654224277819854,0.6326508544920654
63.453778357713205,10.411932197957212,26.132840052915878,1.4591590704282258,0.6756418569678853
63.453778357713205,10.412575403115046,25.925639125610893,1.451959795495583,0.7255721684624639
63.453778357713205,10.41321860827288,25.700182297900785,1.4436949518731668,0.7764510241220294
63.453778357713205,10.413861813430714,25.474243036503076,1.4342831574886785,0.8224375397877716
63.453778357713205,10.414505018588548,25.24124200206083,1.423682183221114,0.8621565898208481
63.453778357713205,10.415148223746382,25.002636361393012,1.411576706261568,0.8964426089798369
63.453778357713205,10.415791428904216,24.767390104824205,1.3977821903306216,0.9256337055738714
63.453778357713205,10.41643463406205,24.545821046370342,1.38218768625603,0.9500421581259559
63.453778357713205,10.417077839219884,24.352254035742323,1.3646023556680527,0.9670659266876365
63.453778357713205,10.41772104437772,24.159134851670228,1.3445652619411497,0.9782324236824202
63.453778357713205,10.418364249535554,23.938696544278326,1.3217337337856294,0.9855673901978198
63.453778357713205,10.419007454693388,23.67593808481829,1.295951173542388,0.9910814226015632
63.453778357713205,10.419650659851222,23.397938147223314,1.2673609896885272,0.9951810193083226
63.453778357713205,10.420293865009056,23.122163833741563,1.234952469428106,0.9979854957306655
63.453778357713205,10.42093707016689,22.869502390490638,1.1976098553492605,0.9995298122205598
63.453778357713205,10.421580275324724,22.63855965148463,1.1527981548706063,1.0000995568610211
63.453778357713205,10.422223480482558,22.42428828500289,1.098584857662584,1.000207421671813
63.453778357713205,10.422866685640393,22.223192504509715,1.0333909453984076,1.0000859895040377
63.453778357713205,10.423509890798227,22.027323448949296,0.9558712748730005,0.9999728129404264
63.453778357713205,10.424153095956061,21.81728786559739,0.8646843921837147,0.9999361701630703
63.453778357713205,10.424796301113895,21.60450640874394,0.7699699615461074,0.9999508358456348
63.453778357713205,10.42543950627173,21.411144041764214,0.6817649019166405,0.999984504599662
63.453778357713205,10.426082711429563,21.26261237752712,0.6072637409429594,1.000005885571354
63.453778357713205,10.426725916587397,21.167252535139582,0.5369999329342049,1.0000093083342374
63.453778357713205,10.427369121745231,21.108844749806185,0.48120908800914486,1.0000040395163543
63.453778357713205,10.428012326903065,21.067866899142807,0.44990446201419704,0.9999993877478177
63.453778357713205,10.428655532060901,21.01538749414317,0.45702526535943494,1.0000010699754251
63.453778357713205,10.429298737218735,20.937893504750754,0.51456298772005,1.0000038265691586
63.453778357713205,10.42994194237657,20.852253210627516,0.5939900649276055,1.0000043413245205
63.453778357713205,10.430585147534403,20.768753563703843,0.6691254074580338,0.9999993719094298
63.453778357713205,10.431228352692237,20.714979840227667,0.7278169751526945,0.9999932288003462
63.453778357713205,10.431871557850071,20.698876368603322,0.7804053924071985,0.9999913418222044
63.453778357713205,10.432514763007905,20.702218785293486,0.8391541016105372,0.9999955603956575
63.453778357713205,10.43315796816574,,,
63.454027306250985,10.35500817682723,,,
63.454027306250985,10.35565138757913,29.031804090633816,1.500000000002876,0.06840559351339089
63.454027306250985,10.356294598331031,29.00889805373433,1.5000000000002078,0.07050268172828046
63.454027306250985,10.35693780908293,29.015390176122462,1.5000000000000417,0.06987027525937188
63.454027306250985,10.357581019834832,29.024810261837963,1.5000000000002447,0.0689583792829854
63.454027306250985,10.358224230586732,29.023395859372208,1.4999999999999531,0.06906676090981986
63.454027306250985,10.358867441338633,29.016380382514047,1.5000000000000089,0.0697257751171015
63.454027306250985,10.359510652090533,29.00520608955695,1.500000000000017,0.07075044376280888
63.454027306250985,10.360153862842434,28.995571610537255,1.4999999999999518,0.07162178091632787
63.454027306250985,10.360797073594334,28.99202166455728,1.4999999999997284,0.07195045060764373
63.454027306250985,10.361440284346235,28.989947818366534,1.499999999999646,0.07217425378059512
63.454027306250985,10.362083495098135,28.99014656955152,1.499999999999568,0.0721549224504035
63.454027306250985,10.362726705850037,28.989719363795466,1.4999999999992142,0.0721565407987508
63.454027306250985,10.363369916601936,28.98526822549918,1.499999999998854,0.07252136453918649
63.454027306250985,10.364013127353838,28.982598800251807,1.4999999999946572,0.07276478162542369
63.454027306250985,10.364656338105737,28.981569944265445,1.4999999999898042,0.07286261518450639
63.454027306250985,10.365299548857639,28.982597505241447,1.4999999999912315,0.07274969435722245
63.454027306250985,10.365942759609538,28.982887271187487,1.4999999999965925,0.07272885091205626
63.454027306250985,10.36658597036144,28.984740958776264,1.5000000000113216,0.07252504456548547
63.454027306250985,10.36722918111334,28.985920096552952,1.5000000000152298,0.07238681584283335
63.454027306250985,10.367872391865241,28.983732504551217,1.5000000000015525,0.07260348467320761
63.454027306250985,10.36851560261714,28.975386068561022,1.4999999999485303,0.07346374049320212
63.454027306250985,10.369158813369042,28.961731302275876,1.499999999828456,0.0748077315848156
63.454027306250985,10.369802024120942,28.949640194497963,1.499999999780683,0.07595145774920856
63.454027306250985,10.370445234872843,28.94179952491795,1.4999999998268514,0.07664670337310342
63.454027306250985,10.371088445624743,28.934508834476144,1.5000000001058515,0.0773426482914331
63.454027306250985,10.371731656376644,28.926179466907378,1.500000000483332,0.07818548330830974
63.454027306250985,10.372374867128544,28.916850756130696,1.5000000004051417,0.07912741604633215
63.454027306250985,10.373018077880445,28.906560123467838,1.49999999989647,0.08013610879884372
63.454027306250985,10.373661288632345,28.899510692126036,1.4999999979508742,0.08081485560704882
63.454027306250985,10.374304499384246,28.894724692148714,1.4999999959422023,0.08126217950007514
63.454027306250985,10.374947710136146,28.888960755602117,1.4999999959804067,0.08182968427754815
63.454027306250985,10.375590920888047,28.88064152458923,1.4999999984637413,0.08269507298645982
63.454027306250985,10.376234131639947,28.87016807607056,1.5000000069239037,0.08379227565995157
63.454027306250985,10.376877342391849,28.85925412381972,1.500000012950307,0.08493567756562578
63.454027306250985,10.377520553143748,28.850766637233093,1.500000010895572,0.0858155403172069
63.454027306250985,10.37816376389565,28.844852752260486,1.4999999967920108,0.0864076641989291
63.454027306250985,10.37880697464755,28.831607093091257,1.499999994199831,0.08785900634504817
63.454027306250985,10.39038476818176,27.87908468307432,1.4999950209905695,0.23630466921286686
63.454027306250985,10.39102797893366,27.848217246652688,1.4999927750105582,0.2423013534402311
63.454027306250985,10.39167118968556,27.827054441690304,1.4999899877112912,0.24666595836525143
63.454027306250985,10.392314400437462,27.787597420070746,1.4999857873628537,0.2551988854281348
63.454027306250985,10.392957611189361,27.740816482532445,1.4999805528805916,0.2654157738931414
63.454027306250985,10.393600821941263,27.69336871406332,1.4999735054618755,0.27583823819908687
63.454027306250985,10.394244032693162,27.652308563987535,1.4999631785017369,0.2849874254601144
63.454027306250985,10.394887243445064,27.615450389204785,1.4999499118301918,0.2933248706981819
63.454027306250985,10.395530454196964,27.587294479878874,1.4999325990902785,0.29977941401440755
63.454027306250985,10.396173664948865,27.563043216382752,1.4999077359204998,0.3054503366757583
63.454027306250985,10.396816875700765,27.536560249498642,1.4998734368439546,0.3117151391227198
63.454027306250985,10.397460086452666,27.50558880418217,1.4998305803847418,0.3190977628894182
63.454027306250985,10.398103297204566,27.4671894731299,1.4997747757599171,0.32828992345831975
63.454027306250985,10.398746507956467,27.42951937167662,1.4996952821845382,0.3373364061463972
63.454027306250985,10.399389718708367,27.400286468657576,1.4995914989806916,0.3443928224861938
63.454027306250985,10.400032929460268,27.37444265082965,1.499463332004509,0.3507131149764097
63.454027306250985,10.400676140212168,27.35198718271075,1.499295866857317,0.3562991622377626
63.454027306250985,10.40131935096407,27.32206523701403,1.4990636300249822,0.3638388434310204
63.454027306250985,10.401962561715969,27.27786499698402,1.4987773434697622,0.3750372109531748
63.454027306250985,10.40260577246787,27.229374614571938,1.4984282330934722,0.38735817625147284
63.454027306250985,10.40324898321977,27.175434793350494,1.4979741272050073,0.4011062518004662
63.454027306250985,10.403892193971672,27.12691806439349,1.497373217155527,0.41354340793210165
63.454027306250985,10.404535404723571,27.08585313854689,1.4966586978802057,0.42416012142810144
63.454027306250985,10.405178615475473,27.039262868144494,1.4958031814605546,0.43636867218028386
63.454027306250985,10.405821826227372,26.988966149857692,1.4947130880324841,0.44969232849156343
63.454027306250985,10.406465036979274,26.92369297675355,1.493358952091402,0.46706925841358643
63.454027306250985,10.407108247731173,26.847377228600692,1.4917815190024948,0.4874002336086834
63.454027306250985,10.407751458483075,26.76675570129101,1.4899360178757082,0.5089088176959686
63.454027306250985,10.408394669234974,26.682401617748155,1.4876641226396206,0.5314970182942395
63.454027306250985,10.409037879986876,26.600036018667414,1.484987724820469,0.5535526807454794
63.454027306250985,10.409681090738776,26.5173204243118,1.4818952092711544,0.5756963764101974
63.454027306250985,10.410324301490677,26.43465360696311,1.4783519178205173,0.5979134249779579
63.454027306250985,10.410967512242577,26.32907334954832,1.4741285580053243,0.6255854783240375
63.454027306250985,10.411610722994478,26.19606546025685,1.4692780041275681,0.659523493646091
63.454027306250985,10.412253933746378,26.01556160300437,1.4637230765253944,0.7034170481344136
63.454027306250985,10.41289714449828,25.798449203162786,1.457379462431838,0.7535307395612818
63.454027306250985,10.413540355250179,25.575713756719033,1.4500095950899514,0.8003904716379571
63.454027306250985,10.41418356600208,25.3664598821831,1.4415898771294409,0.8403415690774821
63.454027306250985,10.41482677675398,25.142587606216544,1.4320920249277043,0.8750090525471446
63.454027306250985,10.415469987505881,24.9081614211794,1.4211950666607267,0.905593626008705
63.454027306250985,10.416113198257781,24.671000909950315,1.4086995032136973,0.9336875989389962
63.454027306250985,10.416756409009682,24.45641075314983,1.3943245908631692,0.9558554891051068
63.454027306250985,10.417399619761582,24.276629038583224,1.3782015978559925,0.969980146890494
63.454027306250985,10.418042830513484,24.08221201048483,1.3596186255278229,0.979510946856004
63.454027306250985,10.418686041265383,23.8404738739213,1.3381968150762615,0.9867729556781408
63.454027306250985,10.419329252017285,23.5833656689696,1.3131022052191228,0.9923670423809947
63.454027306250985,10.419972462769184,23.328636625281355,1.285064631471026,0.9963255171422851
63.454027306250985,10.420615673521086,23.100814067114317,1.2526144396759271,0.99875027806124
63.454027306250985,10.421258884272985,22.913983019609287,1.2134609337547313,0.9995271276517019
63.454027306250985,10.421902095024887,22.70536747817724,1.165260324408473,0.9999333293793258
63.454027306250985,10.422545305776787,22.50280712500048,1.1068042457416114,0.9999518511147711
63.454027306250985,10.423188516528688,22.29641580828629,1.0368443791574422,0.999959431668012
63.454027306250985,10.423831727280588,22.0870666387455,0.9579521032936015,0.9999327321858911
63.454027306250985,10.424474938032489,21.873907769270744,0.864351667310728,0.9999290312738132
63.454027306250985,10.425118148784389,21.663065003412328,0.768079679080203,0.9999645591776559
63.454027306250985,10.42576135953629,21.49528559348263,0.6863751630689757,0.9999931865695454
63.454027306250985,10.42640457028819,21.385368866517513,0.6167574156568755,1.000004061723183
63.454027306250985,10.427047781040091,21.312380189015823,0.5392803172720804,1.0000020509967573
63.454027306250985,10.42769099179199,21.254700550582783,0.4745645807410344,0.9999969171048639
63.454027306250985,10.428334202543892,21.203717341958335,0.41866364399987754,0.9999983672309481
63.454027306250985,10.428977413295792,21.129804717413457,0.41576457887030127,1.000000213106256
63.454027306250985,10.429620624047693,21.00715779053686,0.47059891074012716,1.0000022878407913
63.454027306250985,10.430263834799593,20.861319067050673,0.5342984095566058,1.0000000771152024
63.454027306250985,10.430907045551493,20.693377204374524,0.5869166379989613,0.9999966877484946
63.454027306250985,10.431550256303394,20.60068064174406,0.6309074772556924,0.9999956039175333
63.454027306250985,10.432193467055294,20.543780110240306,0.6833456954745487,0.9999998976526363
63.454027306250985,10.432836677807195,20.494212126551126,0.7663101129575813,1.0000095536945606
63.454027306250985,10.433479888559095,,,
63.454027306250985,10.434123099310996,,,
63.454276254788766,10.355972636677556,29.065169827239075,1.4999999999988662,0.0655809385263224
63.454276254788766,10.356615853023634,29.046645413198675,1.5000000000005627,0.06717550239712186
63.454276254788766,10.357259069369709,29.055143308305368,1.5000000000004858,0.06634646729401841
63.454276254788766,10.357902285715786,29.056419953743678,1.5000000000000406,0.0661875146979294
63.454276254788766,10.358545502061862,29.052865796007026,1.4999999999999025,0.066491672657731
63.454276254788766,10.359188718407939,29.04657396851878,1.5000000000000797,0.06707240652363133
63.454276254788766,10.359831934754014,29.038199451908344,1.5000000000001434,0.06781717898725732
63.454276254788766,10.360475151100092,29.035291093029812,1.4999999999999925,0.06806788724973523
63.454276254788766,10.361118367446167,29.034284676416373,1.4999999999996998,0.06817435206784044
63.454276254788766,10.361761583792244,29.032897526911608,1.4999999999996154,0.06832191909527528
63.454276254788766,10.36240480013832,29.031541422078796,1.499999999999444,0.06841150534945109
63.454276254788766,10.363048016484397,29.025440757493516,1.4999999999997504,0.06891159386011002
63.454276254788766,10.363691232830472,29.018165320284773,1.4999999999989746,0.06953568570810156
63.454276254788766,10.364334449176548,29.013931373335723,1.4999999999941311,0.06991876276392887
63.454276254788766,10.364977665522625,29.0127558935699,1.4999999999914886,0.07000151413031708
63.454276254788766,10.3656208818687,29.012146176420828,1.4999999999893272,0.0700586928208988
63.454276254788766,10.366264098214778,29.01060511609345,1.4999999999945737,0.07020656166122717
63.454276254788766,10.366907314560853,29.011048107333334,1.5000000000085156,0.07012598157862891
63.454276254788766,10.36755053090693,29.010352810293064,1.50000000001278,0.07016291526495996
63.454276254788766,10.368193747253006,29.00679947478254,1.500000000011275,0.07051708668327002
63.454276254788766,10.368836963599083,28.997649950436692,1.4999999999458526,0.07143006048304419
63.454276254788766,10.369480179945159,28.984914184341847,1.499999999834,0.07264242843832291
63.454276254788766,10.370123396291236,28.975807261023572,1.4999999997794964,0.07345327923404989
63.454276254788766,10.370766612637311,28.966804585790094,1.4999999997925264,0.0742730365893813
63.454276254788766,10.371409828983388,28.95784858920754,1.5000000000952936,0.07513838612965978
63.454276254788766,10.372053045329464,28.947414110338112,1.500000000371057,0.07616694020174616
63.454276254788766,10.372696261675541,28.935365563708224,1.5000000004211391,0.07732372059591953
63.454276254788766,10.373339478021617,28.923181337722138,1.4999999999008062,0.07848851810991116
63.454276254788766,10.373982694367694,28.914542645263715,1.4999999978101495,0.07929967681225161
63.454276254788766,10.37462591071377,28.906821701963995,1.4999999963845834,0.08003518659290672
63.454276254788766,10.375269127059846,28.897585641519754,1.4999999961831034,0.08096915258493899
63.454276254788766,10.375912343405922,28.887127306475616,1.4999999986477017,0.08204527477445704
63.454276254788766,10.376555559752,28.875328853988027,1.500000007383572,0.08326838822018062
63.454276254788766,10.377198776098075,28.865956312360126,1.5000000111180825,0.08422918259304252
63.454276254788766,10.377841992444152,28.858091658322053,1.5000000093186128,0.08503294437275657
63.454276254788766,10.378485208790227,28.850625973870446,1.4999999965414839,0.08579065605398403
63.454276254788766,10.379128425136305,28.811667205409506,1.4999999940334514,0.09005303733941922
63.454276254788766,10.390706319365679,27.85178773793223,1.499994596473453,0.24168773015502845
63.454276254788766,10.391349535711754,27.825722568350507,1.4999925560134293,0.24689984968500361
63.454276254788766,10.39199275205783,27.78985552203779,1.4999895384596085,0.2545524773471719
63.454276254788766,10.392635968403907,27.74734950240716,1.499985519176776,0.263884241008235
63.454276254788766,10.393279184749982,27.69938879995887,1.4999804039524616,0.2744798275744076
63.454276254788766,10.39392240109606,27.655565696673406,1.4999728110476844,0.28428536787117525
63.454276254788766,10.394565617442135,27.615209604476256,1.4999628241410292,0.2934499684201141
63.454276254788766,10.395208833788212,27.57897744892257,1.4999497301682496,0.3017651448401885
63.454276254788766,10.395852050134287,27.55101795007766,1.499932337601186,0.3082842432340994
63.454276254788766,10.396495266480365,27.523668109016864,1.4999067644070578,0.31474689239462483
63.454276254788766,10.39713848282644,27.49488347033837,1.4998747058909474,0.32162002621271646
63.454276254788766,10.397781699172517,27.4625107936443,1.4998332553031588,0.32939693122225916
63.454276254788766,10.398424915518593,27.4252410273885,1.4997775201706507,0.33838355008096777
63.454276254788766,10.39906813186467,27.395417831291436,1.4996997558117589,0.3456170387964859
63.454276254788766,10.399711348210745,27.36870599096066,1.499604227953949,0.35215930581527016
63.454276254788766,10.400354564556823,27.34172652652736,1.4994830571904414,0.3588793173863495
63.454276254788766,10.400997780902898,27.312203235531207,1.4993174000395926,0.3663319869437412
63.454276254788766,10.401640997248975,27.267343994684577,1.49910334969847,0.3777170306626169
63.454276254788766,10.40228421359505,27.217648856100375,1.4988427889446163,0.3903797816951614
63.454276254788766,10.402927429941128,27.16714564195291,1.4985207631676898,0.40328004030599995
63.454276254788766,10.403570646287204,27.120057937145962,1.4980835577884761,0.4153668058275613
63.454276254788766,10.40421386263328,27.08556574584653,1.4975530307147102,0.4242821524828211
63.454276254788766,10.404857078979356,27.046604871314575,1.4969119822014654,0.4344782201332104
63.454276254788766,10.405500295325433,26.99861410848313,1.4961387377572268,0.4471844652754614
63.454276254788766,10.406143511671509,26.935438546782265,1.4951337664251039,0.46400249476502725
63.454276254788766,10.406786728017586,26.85275945341381,1.4939630714253553,0.48604134528865145
63.454276254788766,10.407429944363662,26.767338960283872,1.4925697122286372,0.5087830740514593
63.454276254788766,10.408073160709739,26.680361556681355,1.4909279139665572,0.5319760706909108
63.454276254788766,10.408716377055814,26.596104446890834,1.48891061253043,0.5544344768590833
63.454276254788766,10.409359593401891,26.511928208318377,1.4865928847311705,0.5767451221092457
63.454276254788766,10.410002809747967,26.42649629210309,1.4838827933991738,0.5993870373582473
63.454276254788766,10.410646026094044,26.335237823079062,1.480739891021204,0.6234266572209248
63.454276254788766,10.41128924244012,26.222177646728497,1.477039929402189,0.652569932611077
63.454276254788766,10.411932458786197,26.084147812689135,1.4727760854830356,0.6866261536732405
63.454276254788766,10.412575675132272,25.89793895062505,1.4678825643527842,0.730321768278059
63.454276254788766,10.41321889147835,25.689412241812477,1.4622160988153425,0.7755597280314687
63.454276254788766,10.413862107824425,25.487780136607498,1.4557145653743555,0.816193918016572
63.454276254788766,10.414505324170502,25.290414420498834,1.4481557973893768,0.8514916847535359
63.454276254788766,10.415148540516578,25.073280233630967,1.439631346744497,0.8824725349173885
63.454276254788766,10.415791756862655,24.84185495111196,1.4297212869601492,0.911966596183866
63.454276254788766,10.41643497320873,24.60913932925701,1.4183767064936055,0.9383626751452153
63.454276254788766,10.417078189554807,24.398377196656178,1.4051051493357987,0.9582961854427813
63.454276254788766,10.417721405900883,24.21195340364674,1.390164835279784,0.9710943772497597
63.454276254788766,10.41836462224696,23.984070441890623,1.3726537572944477,0.9811135541225422
63.454276254788766,10.419007838593036,23.74183955334801,1.3521316594331276,0.9880882112448881
63.454276254788766,10.419651054939111,23.503711238983648,1.3278063113828007,0.9935511640679957
63.454276254788766,10.420294271285188,23.29154939228906,1.3000329810878708,0.9971372210665262
63.454276254788766,10.420937487631264,23.131331443622138,1.2663985591129814,0.9987566210867619
63.454276254788766,10.421580703977341,22.97211015801901,1.2255081832567245,0.9992886477892985
63.454276254788766,10.422223920323416,22.779316804358782,1.1750550327137312,0.9996141108284262
63.454276254788766,10.422867136669494,22.57552022256553,1.1138120980079975,0.9997907334876083
63.454276254788766,10.423510353015569,22.352549062686876,1.042741022942335,0.9999142251548205
63.454276254788766,10.424153569361646,22.1471288376034,0.9666867297918175,0.9999301677744798
63.454276254788766,10.424796785707722,21.940601033610456,0.8759667180719743,0.9999557922116646
63.454276254788766,10.425440002053799,21.764019081792405,0.7932577102759343,0.9999882598278271
63.454276254788766,10.426083218399874,21.636855497504804,0.7218750040496577,0.9999989482983974
63.454276254788766,10.426726434745952,21.544819953904092,0.6486603333762959,1.0000013168316406
63.454276254788766,10.427369651092027,21.472178997918267,0.5638440897045172,0.9999958012227916
63.454276254788766,10.428012867438104,21.404730472031755,0.47865220148463106,0.9999954042578933
63.454276254788766,10.42865608378418,21.339756652882183,0.40441387163719,0.9999983571808095
63.454276254788766,10.429299300130257,21.217892597438862,0.39350392681363877,0.9999999120122969
63.454276254788766,10.429942516476332,21.031299957733278,0.4293517169820207,0.9999998631384325
63.454276254788766,10.43058573282241,20.7924100697823,0.4632657793094749,0.999998610967155
63.454276254788766,10.431228949168485,20.566285108504797,0.5012992793842068,0.999998090789172
63.454276254788766,10.431872165514562,20.42576946002207,0.5394580474097344,1.0000002152006324
63.454276254788766,10.432515381860638,20.307673760959233,0.6109446987559445,1.000007086382776
63.454276254788766,10.433158598206715,20.239191776366454,0.7242667231688736,1.0000113764682232
63.454276254788766,10.43380181455279,,,
63.454276254788766,10.434445030898868,,,
63.45452520332655,10.356293891363242,29.098071423917023,1.499999999992013,0.06291363183391181
63.45452520332655,10.356937113303605,29.084886809851977,1.5000000000003975,0.06387119652907315
63.45452520332655,10.357580335243966,29.086544494251207,1.499999999999912,0.06368482226322163
63.45452520332655,10.358223557184328,29.08429374497057,1.4999999999997156,0.06386568362359894
63.45452520332655,10.35886677912469,29.080956556983708,1.4999999999997995,0.06414817915185932
63.45452520332655,10.35951000106505,29.076546835033405,1.5000000000000626,0.0645367677125555
63.45452520332655,10.360153223005412,29.07442866690671,1.5000000000001235,0.06471960886982023
63.45452520332655,10.360796444945773,29.074205514130544,1.49999999999992,0.06474256445876203
63.45452520332655,10.361439666886135,29.07354498686589,1.4999999999996467,0.06480006728822682
63.45452520332655,10.362082888826496,29.071249619912457,1.4999999999995393,0.06499303465074699
63.45452520332655,10.362726110766857,29.064804849766052,1.5000000000001847,0.06553199605536499
63.45452520332655,10.363369332707219,29.05602435881977,1.500000000000512,0.06627207498830216
63.45452520332655,10.364012554647582,29.047726791233885,1.4999999999988642,0.06697664740108902
63.45452520332655,10.364655776587943,29.042804620920847,1.499999999994415,0.06739759950675991
63.45452520332655,10.365298998528305,29.039419776117168,1.4999999999888318,0.06769805954167998
63.45452520332655,10.365942220468666,29.037040071536573,1.4999999999866709,0.06791066065710272
63.45452520332655,10.366585442409027,29.03460683137266,1.4999999999934772,0.06811705746924736
63.45452520332655,10.367228664349389,29.032607130713224,1.5000000000098248,0.06826497467438235
63.45452520332655,10.36787188628975,29.029437512096298,1.500000000028146,0.06854797302477188
63.45452520332655,10.368515108230111,29.024755222295152,1.500000000015982,0.06897869931192263
63.45452520332655,10.369158330170473,29.01613331299213,1.499999999935794,0.06978743158871492
63.45452520332655,10.369801552110834,29.006928167783467,1.4999999998230102,0.07061483231224766
63.45452520332655,10.370444774051197,28.997640199421426,1.499999999734327,0.07144548287698956
63.45452520332655,10.371087995991559,28.987830010427277,1.499999999779032,0.07233570680501766
63.45452520332655,10.37173121793192,28.977406106874344,1.5000000000625286,0.07332129539832638
63.45452520332655,10.372374439872281,28.964943781698132,1.5000000003896468,0.07449446621400356
63.45452520332655,10.373017661812643,28.951006345826166,1.500000000453646,0.07580739318801381
63.45452520332655,10.373660883753004,28.93713396895258,1.4999999997929612,0.07711817774093739
63.45452520332655,10.374304105693366,28.92552214663647,1.4999999981270589,0.0782173807498502
63.45452520332655,10.374947327633727,28.913727395298654,1.4999999968242592,0.07937485119962369
63.45452520332655,10.375590549574088,28.90234111454894,1.4999999965535293,0.08051511347016388
63.45452520332655,10.37623377151445,28.890851792728647,1.4999999987840098,0.08167677623034282
63.45452520332655,10.376876993454813,28.88013890431024,1.5000000030463017,0.08275538934380659
63.45452520332655,10.377520215395174,28.870823171239063,1.5000000035521557,0.08369271119717203
63.45452520332655,10.378163437335536,28.860243737590014,1.5000000011265207,0.08478439557792121
63.45452520332655,10.378806659275897,28.84575061107689,1.4999999942434799,0.08631882415180665
63.45452520332655,10.379449881216258,28.78138701523779,1.499999998011796,0.09343561812782826
63.45452520332655,10.390384654202405,27.860809921797177,1.4999960267580077,0.24009638799535948
63.45452520332655,10.391027876142767,27.824079819818145,1.4999944366230982,0.2472814863069888
63.45452520332655,10.391671098083128,27.786807291533325,1.4999922487218627,0.2550657469415971
63.45452520332655,10.39231432002349,27.747225571981346,1.4999893360264036,0.2637024886586784
63.45452520332655,10.39295754196385,27.704732951329134,1.4999854487721047,0.2732018159180794
63.45452520332655,10.393600763904212,27.659189341797703,1.4999800805024845,0.28345408848260484
63.45452520332655,10.394243985844573,27.616236248866123,1.4999727178581197,0.29324458065257003
63.45452520332655,10.394887207784935,27.576616192130388,1.499962929523451,0.30236369876606173
63.45452520332655,10.395530429725296,27.54173510691361,1.4999499616808387,0.3104795937724583
63.45452520332655,10.396173651665658,27.511684362690556,1.49993197017421,0.3175730068365486
63.45452520332655,10.39681687360602,27.481902885603333,1.4999082170263958,0.32468771349526315
63.45452520332655,10.397460095546382,27.452145663934992,1.4998773146615316,0.33186875700198404
63.45452520332655,10.398103317486743,27.420024377248648,1.4998370495324305,0.33966140843602227
63.45452520332655,10.398746539427105,27.390432263715265,1.4997815225370035,0.3468725898748905
63.45452520332655,10.399389761367466,27.36355458619298,1.4997106333903119,0.35347607995019836
63.45452520332655,10.400032983307828,27.335065944040128,1.4996204120777232,0.3605663285095233
63.45452520332655,10.400676205248189,27.30300668636176,1.4995030041152084,0.3686545389601372
63.45452520332655,10.40131942718855,27.258899558068418,1.499347890307193,0.3798647056309854
63.45452520332655,10.401962649128912,27.20816100670672,1.499154763123109,0.39281783284008764
63.45452520332655,10.402605871069273,27.157563660484872,1.4989147363464799,0.4057814320500588
63.45452520332655,10.403249093009636,27.11189076836511,1.4986062394230626,0.4175264486057861
63.45452520332655,10.403892314949998,27.078198583188,1.4982165946904864,0.42624170168583037
63.45452520332655,10.404535536890359,27.046147618886966,1.497744035191165,0.43463209983210077
63.45452520332655,10.40517875883072,27.005390472250046,1.497169347418119,0.44541405346081164
63.45452520332655,10.405821980771082,26.947622361478647,1.496449005955738,0.4607922928405907
63.45452520332655,10.406465202711443,26.86914715380989,1.4955772067212192,0.4817061619795583
63.45452520332655,10.407108424651804,26.779285232737383,1.4945481471027608,0.5056328752608122
63.45452520332655,10.407751646592166,26.687775964964427,1.493326728364571,0.5299584915527659
63.45452520332655,10.408394868532527,26.599656159609026,1.4918352221315951,0.5533430038859348
63.45452520332655,10.409038090472889,26.513606269487344,1.4900900194394526,0.5760704838635938
63.45452520332655,10.40968131241325,26.4268408369524,1.4880694204863325,0.5988871022447637
63.45452520332655,10.410324534353613,26.33671375176696,1.485696909119282,0.6225181620804395
63.45452520332655,10.410967756293974,26.23440105653727,1.4828861811552414,0.6490158160147373
63.45452520332655,10.411610978234336,26.115241956652355,1.4796503042117986,0.678735347863156
63.45452520332655,10.412254200174697,25.971753746612126,1.4759228609914001,0.7127693025641407
63.45452520332655,10.412897422115059,25.79297864007964,1.471575514769016,0.7527962800790748
63.45452520332655,10.41354064405542,25.61107384989499,1.4665178863248538,0.7910768142413098
63.45452520332655,10.414183865995781,25.422881176623672,1.460719305788525,0.8272942607799889
63.45452520332655,10.414827087936143,25.22992329950464,1.4540039981332684,0.8596065820858685
63.45452520332655,10.415470309876504,25.020656808433937,1.4462198196921316,0.8888528546928793
63.45452520332655,10.416113531816865,24.799021863655597,1.4371749914032141,0.9162337653002247
63.45452520332655,10.416756753757229,24.5705090769621,1.4267364856449172,0.9404528777750016
63.45452520332655,10.41739997569759,24.354790297318324,1.4145825145690785,0.9589734455737756
63.45452520332655,10.418043197637951,24.12872053124196,1.400350344112567,0.972457246571282
63.45452520332655,10.418686419578313,23.89367014341707,1.3835979488871273,0.9821906803871048
63.45452520332655,10.419329641518674,23.669931448208335,1.3638315321638967,0.9889685798444143
63.45452520332655,10.419972863459035,23.466834788588343,1.3402975031467477,0.9940010324918042
63.45452520332655,10.420616085399397,23.311769668808495,1.3119194135719252,0.9969827261826216
63.45452520332655,10.421259307339758,23.175955330394647,1.2776241518392264,0.9984111082749957
63.45452520332655,10.42190252928012,23.026579378732304,1.2360012044634299,0.9989619481671818
63.45452520332655,10.42254575122048,22.8382483683905,1.1845890382179873,0.999385840998904
63.45452520332655,10.423188973160844,22.62628562311157,1.1237978010070768,0.9997112128712473
63.45452520332655,10.423832195101205,22.410747069847954,1.05670824421221,0.999905258922693
63.45452520332655,10.424475417041567,22.214972743330026,0.9853355025363939,0.9999674228681229
63.45452520332655,10.425118638981928,22.044146057366333,0.9117553802391118,0.9999988542742757
63.45452520332655,10.42576186092229,21.909652511729583,0.8448621051801438,1.000007468474089
63.45452520332655,10.42640508286265,21.795270312971272,0.7719478652237677,1.0000039302758967
63.45452520332655,10.427048304803012,21.701139907777975,0.6878418259452336,0.9999980571994429
63.45452520332655,10.427691526743374,21.623451281172652,0.5898218422891891,0.9999946204198703
63.45452520332655,10.428334748683735,21.54369986322973,0.48990701637037337,0.9999960762237643
63.45452520332655,10.428977970624096,21.42060068592952,0.41139181803207225,0.9999989614366659
63.45452520332655,10.42962119256446,21.22536182987441,0.38776011447431696,0.9999997505341146
63.45452520332655,10.430264414504821,20.95402666690024,0.3856593993298843,0.9999997548120296
63.45452520332655,10.430907636445182,20.650642612025937,0.40199932513435155,0.9999997214378387
63.45452520332655,10.431550858385544,20.372614647693084,0.43441670140147576,0.9999999618846045
63.45452520332655,10.432194080325905,20.17089916141149,0.4823022895226069,1.0000022204293582
63.45452520332655,10.432837302266266,20.033622467234792,0.5733646041614024,1.0000036028393564
63.45452520332655,10.433480524206628,19.96772573158684,0.6970910756075486,1.00000456943968
63.45452520332655,10.43412374614699,,,
63.45452520332655,10.43476696808735,,,
63.45477415186433,10.356615151636353,29.13366353922082,1.499999999976252,0.05991401891880656
63.45477415186433,10.357258379171109,29.11789406458338,1.49999999999932,0.0611174668215326
63.45477415186433,10.357901606705864,29.116652338395586,1.4999999999992708,0.06120898958665985
63.45477415186433,10.358544834240622,29.113796274654984,1.4999999999991545,0.06145758727188074
63.45477415186433,10.359188061775377,29.110378015271888,1.499999999999373,0.06175799510142004
63.45477415186433,10.359831289310133,29.10795873871843,1.4999999999998928,0.061962527760416546
63.45477415186433,10.36047451684489,29.107997815954565,1.4999999999998608,0.06195495325697512
63.45477415186433,10.361117744379646,29.108571974507644,1.4999999999996596,0.06189873381553681
63.45477415186433,10.361760971914402,29.107656357527766,1.499999999999493,0.06196488017530458
63.45477415186433,10.36240419944916,29.102908124002063,1.4999999999999245,0.062361566818186456
63.45477415186433,10.363047426983915,29.0939754252698,1.5000000000010083,0.06310846966350364
63.45477415186433,10.36369065451867,29.084141738444558,1.500000000000939,0.06393396314674106
63.45477415186433,10.364333882053428,29.07619358396347,1.499999999998274,0.06459896306868336
63.45477415186433,10.364977109588184,29.07040784043122,1.499999999991902,0.06509592887067256
63.45477415186433,10.36562033712294,29.065629132515753,1.4999999999857303,0.06551124229135911
63.45477415186433,10.366263564657697,29.06149327507329,1.4999999999855373,0.06586321201936839
63.45477415186433,10.366906792192452,29.056583824526886,1.49999999999512,0.0662565281036127
63.45477415186433,10.367550019727208,29.052824796319864,1.500000000024102,0.0665560883588917
63.45477415186433,10.368193247261965,29.048195100440637,1.500000000040114,0.06694740242090834
63.45477415186433,10.368836474796721,29.041495334081535,1.5000000000093747,0.06753590806052287
63.45477415186433,10.369479702331477,29.03245660978795,1.4999999999130476,0.06834212656239273
63.45477415186433,10.370122929866232,29.02360309501281,1.4999999997642621,0.06911564240205295
63.45477415186433,10.37076615740099,29.01437266292502,1.4999999996952282,0.06992567647801831
63.45477415186433,10.371409384935745,29.00472661102465,1.49999999981308,0.07079665786436982
63.45477415186433,10.372052612470501,28.993318257135225,1.5000000001683833,0.07185620864560548
63.45477415186433,10.372695840005258,28.978685653810107,1.5000000005726395,0.07321546548318224
63.45477415186433,10.373339067540014,28.963289775959677,1.5000000004908225,0.07464974846440636
63.45477415186433,10.37398229507477,28.948097095418905,1.499999999477323,0.07606834216594703
63.45477415186433,10.374625522609527,28.933997036761465,1.4999999976576,0.07741433661892452
63.45477415186433,10.375268750144283,28.92026879546565,1.4999999960760027,0.07875289822931145
63.45477415186433,10.375911977679039,28.90689558253346,1.4999999960820303,0.08007285190529276
63.45477415186433,10.376555205213796,28.893612802909644,1.499999998572038,0.08138621165538827
63.45477415186433,10.377198432748552,28.880965788157745,1.4999999994745308,0.0826573860531328
63.45477415186433,10.377841660283307,28.868014826087688,1.4999999977621545,0.08397871672017312
63.45477415186433,10.378484887818065,28.85275539112461,1.4999999927507357,0.08556971876883508
63.45477415186433,10.37912811535282,28.822674626688894,1.4999999838902358,0.08883115353757463
63.45477415186433,10.390706210978433,27.8298428989498,1.4999959723315732,0.24622316896173396
63.45477415186433,10.391349438513188,27.790792386104048,1.4999944079942704,0.2542007155559537
63.45477415186433,10.391992666047944,27.75107988970439,1.4999923348841062,0.2627562398941846
63.45477415186433,10.392635893582701,27.70916953842622,1.4999894276535901,0.27208524105225596
63.45477415186433,10.393279121117457,27.663371350555888,1.499985478614895,0.2824376413444793
63.45477415186433,10.393922348652213,27.618300167350007,1.4999804227031057,0.2927424134083684
63.45477415186433,10.39456557618697,27.576047042335325,1.4999733835621665,0.30249635478777726
63.45477415186433,10.395208803721726,27.537793038033268,1.4999635863117933,0.311420035875595
63.45477415186433,10.395852031256481,27.505234802217483,1.499950664425036,0.319098385673824
63.45477415186433,10.396495258791239,27.47424007387547,1.499934339906954,0.3265107431698816
63.45477415186433,10.397138486325995,27.443768490432568,1.4999118531169155,0.33388107462022903
63.45477415186433,10.39778171386075,27.412705856838382,1.4998813397919766,0.34145420532894866
63.45477415186433,10.398424941395508,27.38041040126461,1.499842612061765,0.349377597294961
63.45477415186433,10.399068168930263,27.35271123385543,1.4997933680488227,0.3562049649751902
63.45477415186433,10.399711396465019,27.325172906569012,1.4997268965035786,0.36306767419765384
63.45477415186433,10.400354623999776,27.29456580957071,1.4996392534727903,0.37078512360776406
63.45477415186433,10.400997851534532,27.255401552008827,1.4995322566026783,0.38074929993655593
63.45477415186433,10.401641079069288,27.205593217120274,1.4993955051352008,0.3934895615821729
63.45477415186433,10.402284306604045,27.15270252361735,1.4992167119325521,0.40706551492273885
63.45477415186433,10.4029275341388,27.102888571395642,1.4989902841489773,0.4199145881734407
63.45477415186433,10.403570761673556,27.064742049207588,1.498719841644478,0.4298001398633818
63.45477415186433,10.404213989208314,27.034868609742972,1.4983785783001993,0.43761480364995076
63.45477415186433,10.40485721674307,27.001628555299952,1.4979474104686312,0.44641865073284726
63.45477415186433,10.405500444277825,26.956635545692823,1.4974225607378453,0.45838889067137195
63.45477415186433,10.406143671812583,26.8867949556819,1.4968059268361735,0.47698427813236616
63.45477415186433,10.406786899347338,26.800790686608163,1.4960456985262656,0.49987995900080207
63.45477415186433,10.407430126882094,26.707782184783593,1.495118811099033,0.524605406192582
63.45477415186433,10.408073354416851,26.615334729706397,1.4940314094794627,0.5490937940444858
63.45477415186433,10.408716581951607,26.526404503802105,1.4927646275643471,0.5725248975530793
63.45477415186433,10.409359809486363,26.4382059352496,1.491239408140113,0.5956601385360838
63.45477415186433,10.41000303702112,26.34754173828903,1.4894307224733216,0.6193517540802093
63.45477415186433,10.410646264555876,26.250929932814685,1.4873555934121732,0.6442676119968795
63.45477415186433,10.411289492090631,26.14350191098486,1.4849419378210889,0.6712676623904663
63.45477415186433,10.411932719625389,26.015934435016828,1.482080720615458,0.7019187414999031
63.45477415186433,10.412575947160144,25.860310935015754,1.4787424513505787,0.737275505581221
63.45477415186433,10.4132191746949,25.693753858885422,1.4749249084794311,0.7737943368275231
63.45477415186433,10.413862402229656,25.52492442824003,1.4704754862596945,0.8083717590453703
63.45477415186433,10.414505629764413,25.349394723179948,1.4652303015420847,0.8402853644030034
63.45477415186433,10.415148857299169,25.172712692509865,1.4591257135372875,0.8676305427677294
63.45477415186433,10.415792084833924,24.9681982554141,1.4521112874025193,0.8952723175592094
63.45477415186433,10.416435312368682,24.75111002561847,1.4438393916734964,0.9206513566438119
63.45477415186433,10.417078539903438,24.53184079026483,1.4340726859312158,0.942114304653463
63.45477415186433,10.417721767438193,24.315300470160825,1.4226602136140312,0.9592443461266694
63.45477415186433,10.41836499497295,24.08617070694309,1.4092916618652704,0.9721088851249158
63.45477415186433,10.419008222507706,23.860580128277192,1.3931945287061176,0.9815674555478927
63.45477415186433,10.419651450042462,23.65315058330456,1.373843722587237,0.9886236720979563
63.45477415186433,10.42029467757722,23.482859954814003,1.3509335452252822,0.9934612027172971
63.45477415186433,10.420937905111975,23.350703784946823,1.3231869506248992,0.9962310837424546
63.45477415186433,10.42158113264673,23.221581256160626,1.2888827417707136,0.9977724369679386
63.45477415186433,10.422224360181488,23.060214423571527,1.24704311462622,0.9986805949808766
63.45477415186433,10.422867587716244,22.86689583851124,1.1981998965048963,0.9992663104012626
63.45477415186433,10.423510815251,22.661473805150955,1.1419530079878988,0.9996888950675076
63.45477415186433,10.424154042785757,22.463062451368607,1.0804736624723654,0.999974392673781
63.45477415186433,10.424797270320513,22.2997807444963,1.0161099138216516,1.0000279799957976
63.45477415186433,10.425440497855268,22.154810261377722,0.9540727652465854,1.0000349160705004
63.45477415186433,10.426083725390026,22.033070700103966,0.8901034136629279,1.0000232398863924
63.45477415186433,10.426726952924781,21.927157979510167,0.815990646028979,1.0000055978990166
63.45477415186433,10.427370180459537,21.81336523268433,0.7237142543359757,0.9999978819652044
63.45477415186433,10.428013407994294,21.710103734732776,0.6114233970239291,0.9999970602192795
63.45477415186433,10.42865663552905,21.580678324216596,0.5086390746873801,0.9999993483258034
63.45477415186433,10.429299863063806,21.39136446435057,0.4392190148644391,1.0000009121855211
63.45477415186433,10.429943090598563,21.106934416687146,0.40827153303079616,1.0000001753409138
63.45477415186433,10.430586318133319,20.75689289944852,0.3920509660265378,0.9999997575879467
63.45477415186433,10.431229545668074,20.401856664539917,0.39443373117782615,0.9999993951116428
63.45477415186433,10.431872773202832,20.09721742572178,0.4054928211913675,0.9999990849169553
63.45477415186433,10.432516000737587,19.884284495810327,0.46151975243675625,0.9999983664907501
63.45477415186433,10.433159228272343,19.758044451962036,0.5596947185133431,0.9999978315814231
63.45477415186433,10.4338024558071,19.69693479135165,0.6847581716567422,0.9999967890230134
63.45477415186433,10.434445683341856,,,
63.45477415186433,10.435088910876612,,,
63.45502310040211,10.35693641749705,,,
63.45502310040211,10.35757965062631,29.147701769762204,1.4999999999974807,0.05874637436221441
63.45502310040211,10.358222883755571,29.14537724792254,1.4999999999984963,0.058933699355952836
63.45502310040211,10.358866116884831,29.141946592923812,1.499999999998217,0.0592529169883948
63.45502310040211,10.359509350014092,29.139458718974616,1.499999999999666,0.0594441021363025
63.45502310040211,10.360152583143352,29.13796875320875,1.4999999999997944,0.05956798479378848
63.45502310040211,10.360795816272612,29.138877729543346,1.4999999999995937,0.059479662457931404
63.45502310040211,10.361439049401872,29.13909623380407,1.499999999999355,0.05943904005175737
63.45502310040211,10.362082282531134,29.137286329897677,1.4999999999993046,0.05958160385624621
63.45502310040211,10.362725515660394,29.13131031569727,1.4999999999999427,0.06008225636303426
63.45502310040211,10.363368748789654,29.12107944456715,1.5000000000010902,0.060930438726898704
63.45502310040211,10.364011981918914,29.111863759742484,1.5000000000001914,0.06167945401883951
63.45502310040211,10.364655215048174,29.105128933391352,1.4999999999978113,0.06222653366185297
63.45502310040211,10.365298448177434,29.099291436597916,1.4999999999916012,0.06272049222010292
63.45502310040211,10.365941681306696,29.09294820900082,1.4999999999863196,0.06325581529440374
63.45502310040211,10.366584914435956,29.0846978500999,1.499999999988755,0.06392459017103225
63.45502310040211,10.367228147565216,29.07662799548254,1.4999999999957947,0.06456213004894172
63.45502310040211,10.367871380694476,29.07085604202555,1.5000000000227822,0.06501765408992605
63.45502310040211,10.368514613823736,29.064027197674456,1.500000000026009,0.06558583272525031
63.45502310040211,10.369157846952996,29.05486238410194,1.4999999999791496,0.06638211352619139
63.45502310040211,10.369801080082258,29.044889829082926,1.499999999903944,0.06725117594939108
63.45502310040211,10.370444313211518,29.0358896705849,1.4999999997709779,0.06801724299133223
63.45502310040211,10.371087546340778,29.027313857981653,1.499999999771025,0.06876199178094566
63.45502310040211,10.371730779470038,29.019866178181395,1.4999999999339226,0.06943706587985442
63.45502310040211,10.372374012599298,29.007555402889967,1.5000000001615383,0.0705701977037288
63.45502310040211,10.373017245728558,28.991288897879123,1.5000000004537237,0.07206585336676866
63.45502310040211,10.37366047885782,28.974030127633764,1.499999999935504,0.07365030837577226
63.45502310040211,10.37430371198708,28.956435804248418,1.4999999988216024,0.07528298172432009
63.45502310040211,10.37494694511634,28.940889649923633,1.499999997563911,0.07676455270987989
63.45502310040211,10.3755901782456,28.925199806747624,1.499999996467178,0.07828069505446784
63.45502310040211,10.37623341137486,28.909578965656486,1.4999999986259405,0.07978707924260449
63.45502310040211,10.37687664450412,28.893291961756837,1.5000000001587424,0.08139382454922799
63.45502310040211,10.377519877633382,28.876425193078425,1.4999999973545992,0.08310188381737675
63.45502310040211,10.378163110762642,28.857836708708792,1.4999999913445854,0.08502411757870044
63.45502310040211,10.378806343891902,28.833484777428268,1.499999977971294,0.08761188483139391
63.45502310040211,10.379449577021163,28.78503901488284,1.4999999756775777,0.09298039988391256
63.45502310040211,10.391027773347849,27.80545658100011,1.49999591871403,0.25124870550601264
63.45502310040211,10.39167100647711,27.76268408160137,1.499994383389519,0.2602314627087906
63.45502310040211,10.392314239606371,27.720016583181803,1.4999923397566148,0.26963363993898926
63.45502310040211,10.392957472735631,27.671857527457938,1.4999893646463778,0.2804211080361846
63.45502310040211,10.393600705864891,27.62235144255195,1.4999855867860696,0.2917778255616814
63.45502310040211,10.394243938994151,27.577729793532495,1.4999806616440674,0.3021027645896903
63.45502310040211,10.394887172123411,27.536908447079437,1.4999737104795565,0.3116370786163054
63.45502310040211,10.395530405252671,27.50288520645691,1.4999639395818132,0.3196530410008129
63.45502310040211,10.396173638381933,27.472123124710702,1.499951826582302,0.32699973117664516
63.45502310040211,10.396816871511193,27.440463044530652,1.4999363863934874,0.33467036683557516
63.45502310040211,10.397460104640453,27.408200062382424,1.4999143875720926,0.34255871720998354
63.45502310040211,10.398103337769713,27.37228297467611,1.4998852561851457,0.35141341106533297
63.45502310040211,10.398746570898973,27.338571901092728,1.4998493559331196,0.35978059751029184
63.45502310040211,10.399389804028234,27.310890758297298,1.4998037223814946,0.3666855075948494
63.45502310040211,10.400033037157495,27.282890639496458,1.4997394475369308,0.37373717822903996
63.45502310040211,10.400676270286755,27.251989980732354,1.4996595856329245,0.3815789888922656
63.45502310040211,10.401319503416016,27.208516129590887,1.49956186406961,0.39271375271352504
63.45502310040211,10.401962736545276,27.15522411662835,1.4994374562365032,0.40641934981793776
63.45502310040211,10.402605969674536,27.103303862869154,1.499269304804864,0.4198418857596343
63.45502310040211,10.403249202803796,27.051197746360362,1.499068561254452,0.43342350416197345
63.45502310040211,10.403892435933058,27.01455668200987,1.4988270719278611,0.4430163947321153
63.45502310040211,10.404535669062318,26.98573475820686,1.4985211721368554,0.4506415758943893
63.45502310040211,10.405178902191578,26.951014763912298,1.4981302687152005,0.4598766443260583
63.45502310040211,10.405822135320838,26.904205787047573,1.4976703256270474,0.4723375515403404
63.45502310040211,10.406465368450098,26.827692724157455,1.4971307143795598,0.4926950763114533
63.45502310040211,10.407108601579358,26.737667776113387,1.496456831258946,0.5166277156421614
63.45502310040211,10.40775183470862,26.64280385530773,1.4956435102041283,0.5417590967096352
63.45502310040211,10.40839506783788,26.551245491162263,1.494688283650758,0.5659355866873201
63.45502310040211,10.40903830096714,26.46280098956823,1.4935895234916687,0.5891364199673567
63.45502310040211,10.4096815340964,26.372325493404187,1.492244327423914,0.6127762873632852
63.45502310040211,10.41032476722566,26.276072324669357,1.4906738817726557,0.6377398498195418
63.45502310040211,10.41096800035492,26.16895613284042,1.4888346144990323,0.6644723601688015
63.45502310040211,10.411611233484182,26.052435750528772,1.4867312219135647,0.6927821060349819
63.45502310040211,10.412254466613442,25.910260388652404,1.484198766268482,0.725357479831879
63.45502310040211,10.412897699742702,25.73868840930572,1.4812513059803607,0.7623687195469976
63.45502310040211,10.413540932871962,25.575233038084573,1.4778307372200348,0.7969885934017246
63.45502310040211,10.414184166001222,25.419840543443286,1.4738702589223625,0.8275538630938224
63.45502310040211,10.414827399130484,25.27618371426715,1.4691519212740858,0.8517345626272835
63.45502310040211,10.415470632259744,25.122877253189564,1.4635816186048156,0.8742128985506077
63.45502310040211,10.416113865389004,24.92712667445391,1.4571463119924062,0.8994445397559696
63.45502310040211,10.416757098518264,24.719115819176512,1.4495062859240706,0.9222942857691424
63.45502310040211,10.417400331647524,24.509229050783674,1.4404389010237102,0.9423006696386214
63.45502310040211,10.418043564776784,24.304838782113922,1.429576431625287,0.9585811358995622
63.45502310040211,10.418686797906046,24.085105130778466,1.4168366466152074,0.9706841636630598
63.45502310040211,10.419330031035306,23.871836062246103,1.4012302192953394,0.9802827781254209
63.45502310040211,10.419973264164566,23.679562925739482,1.3825555470257165,0.9876945589380808
63.45502310040211,10.420616497293826,23.52220380986995,1.3601656784727785,0.9926102279449222
63.45502310040211,10.421259730423087,23.39909675735773,1.3329263088963037,0.9954401554871563
63.45502310040211,10.421902963552347,23.248853397857896,1.298776163742964,0.9974011065092375
63.45502310040211,10.422546196681608,23.061508470173163,1.2599954344816577,0.9985244967684952
63.45502310040211,10.423189429810868,22.865878348488952,1.2150015682875002,0.9993524785854817
63.45502310040211,10.423832662940129,22.67477160285443,1.1634380206137784,0.9998968673196633
63.45502310040211,10.424475896069389,22.52855563204051,1.1085349004721965,1.0000944575515023
63.45502310040211,10.425119129198649,22.40008789142235,1.0506573190581041,1.0000352256092606
63.45502310040211,10.425762362327909,22.269823392499305,0.9935839830715483,1.0000282890679764
63.45502310040211,10.42640559545717,22.15339451664544,0.9303081912027157,1.0000077279882582
63.45502310040211,10.42704882858643,22.014870840434018,0.8513844907691352,0.999999443276824
63.45502310040211,10.42769206171569,21.8488635521129,0.7618936142051916,0.9999994000674285
63.45502310040211,10.42833529484495,21.699136127956702,0.6496963266182574,1.0000022904665806
63.45502310040211,10.42897852797421,21.51058713304523,0.5587990196722804,1.0000049339199446
63.45502310040211,10.429621761103471,21.24498604434394,0.5111614350910032,1.0000001348148595
63.45502310040211,10.430264994232733,20.88485878661523,0.4803712165015888,0.9999996248873442
63.45502310040211,10.430908227361993,20.47362713618009,0.4513591099199898,0.9999994583112921
63.45502310040211,10.431551460491253,20.106410413806362,0.419246020592702,0.9999996177153124
63.45502310040211,10.432194693620513,19.758673550580525,0.3957176794422669,0.9999958322750584
63.45502310040211,10.432837926749773,19.543736518115523,0.44735836756204866,0.9999929445865876
63.45502310040211,10.433481159879033,19.432931776424304,0.5439454126004166,0.9999914350321089
63.45502310040211,10.434124393008295,19.432194311567386,0.6704985925390535,0.9999920117883334
63.45502310040211,10.434767626137555,,,
63.45527204893989,10.357900927669373,29.175274576389995,1.4999999999965445,0.05664315789674609
63.45527204893989,10.358544166393248,29.17193301697559,1.4999999999976985,0.05693698697814867
63.45527204893989,10.35918740511712,29.16920347925157,1.4999999999997256,0.057141649373716644
63.45527204893989,10.359830643840995,29.167460604813527,1.4999999999999767,0.05726670999695089
63.45527204893989,10.36047388256487,29.166444655242355,1.499999999999733,0.05734481943401659
63.45527204893989,10.361117121288743,29.166815140222116,1.499999999999312,0.057291472781088
63.45527204893989,10.361760360012617,29.165730885859247,1.4999999999990332,0.05736740155653352
63.45527204893989,10.36240359873649,29.162957422527935,1.4999999999991451,0.05758609412309321
63.45527204893989,10.363046837460365,29.155972694413844,1.500000000000002,0.05815595821671763
63.45527204893989,10.36369007618424,29.14688853644857,1.5000000000003868,0.05888012882031848
63.45527204893989,10.364333314908112,29.13959430325317,1.4999999999997826,0.05945108407410996
63.45527204893989,10.364976553631987,29.13263395816653,1.4999999999976352,0.06000303157093932
63.45527204893989,10.365619792355862,29.12562790943127,1.4999999999919509,0.06057876771739271
63.45527204893989,10.366263031079734,29.116059162795082,1.4999999999901397,0.06135003823487367
63.45527204893989,10.366906269803609,29.10476908369325,1.4999999999905627,0.06224746037657916
63.45527204893989,10.367549508527484,29.09444131816446,1.4999999999947147,0.0630645418957416
63.45527204893989,10.368192747251356,29.086088358443494,1.5000000000110256,0.0637313618343324
63.45527204893989,10.368835985975231,29.076005510787645,1.4999999999897928,0.06457643735075169
63.45527204893989,10.369479224699104,29.065603107952878,1.4999999999569373,0.06546678824123663
63.45527204893989,10.370122463422978,29.05548771566403,1.4999999999082332,0.06632936555871698
63.45527204893989,10.370765702146853,29.046893140974934,1.4999999998523332,0.06705116057666559
63.45527204893989,10.371408940870726,29.040152830460976,1.499999999955216,0.06763413873404003
63.45527204893989,10.3720521795946,29.032064418678612,1.5000000000182634,0.06835704095905655
63.45527204893989,10.372695418318475,29.018065279423602,1.500000000073971,0.06962878674580332
63.45527204893989,10.373338657042348,29.000333142259805,1.4999999998144973,0.07123734233300633
63.45527204893989,10.373981895766223,28.98085920086477,1.499999998789755,0.07301585470075464
63.45527204893989,10.374625134490097,28.961591803763252,1.4999999983976022,0.07479969725008984
63.45527204893989,10.37526837321397,28.944210804133085,1.499999998139182,0.076446311188597
63.45527204893989,10.375911611937845,28.926582693789676,1.5000000002332992,0.07812013041959015
63.45527204893989,10.376554850661718,28.9085454086068,1.5000000041727002,0.07986422991086216
63.45527204893989,10.377198089385592,28.88699050562828,1.5000000008653436,0.0820221244354074
63.45527204893989,10.377841328109467,28.86378683094737,1.4999999921041287,0.08439994329612363
63.45527204893989,10.37848456683334,28.834536951361073,1.4999999718233867,0.08745862929587293
63.45527204893989,10.379127805557214,28.798108515830666,1.4999999590078674,0.09143227956547102
63.45527204893989,10.379771044281089,28.74168624636779,1.4999999829403559,0.09785628376732891
63.45527204893989,10.390706102586945,27.8314933436676,1.4999971254098141,0.24602252753080536
63.45527204893989,10.39134934131082,27.782591620685416,1.4999958805298048,0.25615177427048014
63.45527204893989,10.391992580034694,27.73529670289615,1.4999943779819183,0.2662992173747863
63.45527204893989,10.392635818758567,27.684993858389646,1.4999922434584447,0.2774352313702374
63.45527204893989,10.393279057482442,27.632077896351973,1.499989439305562,0.28947744034327616
63.45527204893989,10.393922296206316,27.583167242706818,1.4999857741427618,0.30082036834374487
63.45527204893989,10.394565534930189,27.540133130780635,1.499980916634463,0.31087886400638315
63.45527204893989,10.395208773654064,27.50366437734824,1.4999737966970514,0.3194699826184453
63.45527204893989,10.395852012377938,27.47266980705607,1.4999648466117739,0.3268574058665277
63.45527204893989,10.396495251101811,27.440723561604052,1.4999533399784661,0.3345905959557678
63.45527204893989,10.397138489825686,27.40695985984077,1.499938198074074,0.34286210604060086
63.45527204893989,10.397781728549559,27.36951543839779,1.4999167995416887,0.3521120027136393
63.45527204893989,10.398424967273433,27.33128042710392,1.4998904363629573,0.36163041938094004
63.45527204893989,10.399068205997308,27.298337862531852,1.4998569460811586,0.3698688024950094
63.45527204893989,10.39971144472118,27.270792966911916,1.4998122677411427,0.37679901463953813
63.45527204893989,10.400354683445055,27.242713830993324,1.4997534289876924,0.3839110627897149
63.45527204893989,10.40099792216893,27.20940245381537,1.4996818265385303,0.3924349079288261
63.45527204893989,10.401641160892803,27.162500973878966,1.4995927603637815,0.4045236763359541
63.45527204893989,10.402284399616677,27.11027794093929,1.4994734791057027,0.4180506176917065
63.45527204893989,10.402927638340552,27.05464639036795,1.499325906812215,0.4325769420503012
63.45527204893989,10.403570877064425,27.003351061671847,1.4991477924650172,0.4460288664030533
63.45527204893989,10.4042141157883,26.968352826516956,1.498931689517421,0.45526381408388356
63.45527204893989,10.404857354512174,26.936154682097207,1.4986484213310256,0.4638131266840699
63.45527204893989,10.405500593236047,26.902018041763963,1.4983125625381557,0.47291069310938105
63.45527204893989,10.406143831959922,26.849494683303153,1.497908755865496,0.4868803429362241
63.45527204893989,10.406787070683794,26.76905556367633,1.4974307108447358,0.5082571697084908
63.45527204893989,10.407430309407669,26.679521877821827,1.4968296149743852,0.5319783192112941
63.45527204893989,10.408073548131544,26.5841947382952,1.4961314195098427,0.5571711400685003
63.45527204893989,10.408716786855416,26.495065690967948,1.4952987153935624,0.580669071772569
63.45527204893989,10.409360025579291,26.407031181324115,1.4943259824595945,0.6037349840642399
63.45527204893989,10.410003264303166,26.31444785972772,1.493148661639824,0.627923670254558
63.45527204893989,10.410646503027039,26.20983146873346,1.491783918717847,0.6543646655288007
63.45527204893989,10.411289741750913,26.091524190320094,1.490178700506162,0.6829907906524093
63.45527204893989,10.411932980474788,25.956875424585157,1.4882978460125609,0.7141474954946825
63.45527204893989,10.41257621919866,25.790514706824027,1.4860685122897048,0.7501924475725206
63.45527204893989,10.413219457922535,25.621749366226787,1.4834544545577282,0.7855651837110632
63.45527204893989,10.413862696646408,25.470066094744883,1.4804193799426235,0.8167017035412553
63.45527204893989,10.414505935370283,25.340059587121367,1.4768076219925281,0.8406457561649109
63.45527204893989,10.415149174094157,25.222833133797618,1.472557337416016,0.859461756291153
63.45527204893989,10.41579241281803,25.07974636713378,1.46746718199912,0.8794688814082252
63.45527204893989,10.416435651541905,24.895414269189374,1.4615470749864257,0.9020319628549741
63.45527204893989,10.41707889026578,24.702541553919687,1.4543858831849326,0.9227671479785825
63.45527204893989,10.417722128989652,24.502958362335786,1.445903826466111,0.942341783368779
63.45527204893989,10.418365367713527,24.30868160236061,1.4356204182070718,0.9576603003318135
63.45527204893989,10.419008606437401,24.102841266427717,1.4233084504555489,0.9694853206830949
63.45527204893989,10.419651845161274,23.911093750110293,1.4082411063796303,0.9790199023745071
63.45527204893989,10.420295083885149,23.72887379372196,1.3903299783612943,0.9863024718189024
63.45527204893989,10.420938322609022,23.575699895526668,1.3686903114725415,0.9913315802726351
63.45527204893989,10.421581561332896,23.42591700193382,1.341674763159044,0.9947200382674639
63.45527204893989,10.422224800056771,23.240423125464613,1.3102747851399987,0.9970116034617007
63.45527204893989,10.422868038780644,23.052524900715767,1.274819084152101,0.998383583489019
63.45527204893989,10.423511277504518,22.868475817638842,1.233536317415267,0.9993904536812679
63.45527204893989,10.424154516228393,22.72516343629285,1.1877739422503593,0.9999554640485211
63.45527204893989,10.424797754952266,22.618191668176184,1.1390427182634897,1.0000443833378483
63.45527204893989,10.42544099367614,22.500094958817122,1.0859763967475347,0.9999918485755683
63.45527204893989,10.426084232400015,22.37440706858401,1.031168343312622,0.9999836590656503
63.45527204893989,10.426727471123888,22.226249163804727,0.9633991619815288,0.9999847376807447
63.45527204893989,10.427370709847763,22.03493164186485,0.8876777814022611,0.9999943349181373
63.45527204893989,10.428013948571635,21.823352576432317,0.8048449620764041,1.0000015175286208
63.45527204893989,10.42865718729551,21.61524818054926,0.7105138339429786,1.000007605573195
63.45527204893989,10.429300426019385,21.344977896626396,0.6538882758950784,1.0000048109707635
63.45527204893989,10.429943664743258,21.01407739279337,0.6075250427756311,0.9999986955146518
63.45527204893989,10.430586903467132,20.597510838430953,0.5629053254650128,0.9999995385213578
63.45527204893989,10.431230142191007,20.176327209944517,0.5033889840060422,1.0000010711776517
63.45527204893989,10.43187338091488,19.75339863361237,0.43321384935948887,0.9999984990129751
63.45527204893989,10.432516619638754,19.408438541169208,0.3980222903183102,0.9999940316283864
63.45527204893989,10.433159858362629,19.214915280932775,0.44212648024021156,0.9999910254049422
63.45527204893989,10.433803097086502,19.15768502483767,0.5298320119398953,0.9999914924143102
63.45527204893989,10.434446335810376,19.238998681811005,0.6716803136886508,0.9999929551305289
63.45527204893989,10.43508957453425,,,
63.45552099747768,10.358222210300461,29.20078789633601,1.4999999999988871,0.05474852733837526
63.45552099747768,10.358865454619059,29.19752588481077,1.500000000001172,0.055002284562781785
63.45552099747768,10.359508698937656,29.195211479017527,1.500000000001214,0.05517076738126657
63.45552099747768,10.360151943256252,29.193580858229687,1.5000000000003313,0.05528368158901274
63.45552099747768,10.36079518757485,29.19250415141564,1.4999999999995866,0.05535697317042363
63.45552099747768,10.361438431893447,29.191306170068703,1.499999999998993,0.05544286314200058
63.45552099747768,10.362081676212043,29.189133898779907,1.4999999999987694,0.05560394589164867
63.45552099747768,10.36272492053064,29.185118230495494,1.4999999999990499,0.05590781621929007
63.45552099747768,10.363368164849238,29.178456650243433,1.4999999999998086,0.05641965453629117
63.45552099747768,10.364011409167835,29.17158080504861,1.5000000000002909,0.056940400242328895
63.45552099747768,10.364654653486431,29.164328336945953,1.4999999999998295,0.05749170000178255
63.45552099747768,10.365297897805029,29.15635989006393,1.4999999999976728,0.05810982254528581
63.45552099747768,10.365941142123626,29.146997592875724,1.4999999999941536,0.05884961155164716
63.45552099747768,10.366584386442224,29.13513798602786,1.4999999999913591,0.05978483653766392
63.45552099747768,10.36722763076082,29.122169334714755,1.499999999989842,0.060810824395409246
63.45552099747768,10.367870875079417,29.10972640263766,1.4999999999910618,0.06180078869844177
63.45552099747768,10.368514119398014,29.09789419650434,1.4999999999840388,0.06276375873547427
63.45552099747768,10.36915736371661,29.086198027175506,1.4999999999679723,0.06373770008376438
63.45552099747768,10.369800608035208,29.075303636639834,1.4999999999534783,0.06465313414723371
63.45552099747768,10.370443852353805,29.065671990743184,1.499999999946524,0.06545751273712033
63.45552099747768,10.371087096672403,29.058091653162673,1.5000000000177731,0.0660898032273199
63.45552099747768,10.371730340990998,29.050383841265322,1.500000000070376,0.06674929089296303
63.45552099747768,10.372373585309596,29.039806301408387,1.4999999999826543,0.0676814954533313
63.45552099747768,10.373016829628193,29.023849601634446,1.4999999996057014,0.0691103185530384
63.45552099747768,10.373660073946791,29.004433120429514,1.4999999987150714,0.07086179428962042
63.45552099747768,10.374303318265387,28.983451652572,1.499999998159957,0.07277230128966578
63.45552099747768,10.374946562583984,28.96272660436826,1.4999999988012078,0.0746846539042696
63.45552099747768,10.375589806902582,28.94354493271586,1.500000001840176,0.07648332484853579
63.45552099747768,10.376233051221178,28.9233083452528,1.5000000066653094,0.07842637331911856
63.45552099747768,10.376876295539775,28.899942264444224,1.500000007109363,0.08073862042725756
63.45552099747768,10.377519539858373,28.87177770716455,1.499999997333793,0.08359899259183468
63.45552099747768,10.37816278417697,28.83766632509078,1.4999999710587675,0.08711953266219337
63.45552099747768,10.378806028495566,28.79776403143273,1.4999999440514205,0.09136736353345061
63.45552099747768,10.379449272814163,28.753115179485622,1.4999999492794323,0.096379755269017
63.45552099747768,10.39102767054891,27.810736842979114,1.4999970881085183,0.2504250904778384
63.45552099747768,10.391670914867507,27.756483336848135,1.4999958862393816,0.2618837139751208
63.45552099747768,10.392314159186105,27.702395947830155,1.4999943765622399,0.2736375902891488
63.45552099747768,10.3929574035047,27.647358451380985,1.4999923569711269,0.2859949600467231
63.45552099747768,10.393600647823298,27.594885194884757,1.499989647337818,0.29806056749471727
63.45552099747768,10.394243892141896,27.547965792603147,1.499986034000944,0.30902318398340495
63.45552099747768,10.394887136460493,27.50874256544299,1.4999811187384293,0.3182648330684269
63.45552099747768,10.395530380779089,27.475169743352655,1.4999746251876656,0.32625972466166164
63.45552099747768,10.396173625097687,27.44315813680217,1.499966132364221,0.33399416650297387
63.45552099747768,10.396816869416284,27.408806538872287,1.4999551218779061,0.3424083214215427
63.45552099747768,10.397460113734882,27.370257554240496,1.4999403006501641,0.35194440778768243
63.45552099747768,10.398103358053477,27.330473334933092,1.4999210974012238,0.36185253176449184
63.45552099747768,10.398746602372075,27.29332492931359,1.4998964057526707,0.371149276659695
63.45552099747768,10.399389846690672,27.26236179262275,1.49986468990765,0.3789342491198492
63.45552099747768,10.400033091009268,27.234852230260792,1.4998231571947482,0.38589243314021593
63.45552099747768,10.400676335327866,27.20531942341809,1.4997707400084226,0.3934381293700534
63.45552099747768,10.401319579646463,27.168660555919423,1.4997049802116453,0.40289560901665833
63.45552099747768,10.40196282396506,27.120388970557748,1.499621423403938,0.415429722826061
63.45552099747768,10.402606068283657,27.06505436218302,1.4995155759824044,0.42988842687767587
63.45552099747768,10.403249312602254,27.00964434631181,1.499385113690574,0.4444271573430926
63.45552099747768,10.403892556920852,26.961331723449177,1.4992254920706982,0.45715116558238267
63.45552099747768,10.404535801239449,26.92529377757291,1.4990258570278492,0.4666953188726813
63.45552099747768,10.405179045558045,26.892453140446335,1.4987811520445036,0.4754315681751395
63.45552099747768,10.405822289876642,26.85224735946914,1.4984864745321795,0.4861339046231351
63.45552099747768,10.40646553419524,26.793143561205632,1.498133288595558,0.5018350758265298
63.45552099747768,10.407108778513836,26.713308784833124,1.497700402743222,0.5229896300903591
63.45552099747768,10.407752022832433,26.624366419234306,1.4971838899078393,0.5465108095894582
63.45552099747768,10.40839526715103,26.533256711378748,1.496573222027304,0.5705744862226539
63.45552099747768,10.409038511469628,26.44699789816659,1.4958505184951787,0.5933222439165818
63.45552099747768,10.409681755788224,26.359518971238554,1.4949807606250376,0.6163235678938557
63.45552099747768,10.410325000106821,26.26162487513783,1.4939585205478194,0.6413897718536974
63.45552099747768,10.410968244425419,26.147582706940074,1.4927613244301834,0.6693594699461749
63.45552099747768,10.411611488744017,26.012453889987906,1.4913463454858464,0.7008368939477787
63.45552099747768,10.412254733062612,25.852373419281566,1.4896646218302672,0.7360182595767387
63.45552099747768,10.41289797738121,25.68514866459433,1.4876900584420916,0.7714049493694066
63.45552099747768,10.413541221699807,25.5285577485608,1.485374245013892,0.8035751828060893
63.45552099747768,10.414184466018403,25.397871220637853,1.4826188865394296,0.8293290275783272
63.45552099747768,10.414827710337,25.288651455421057,1.4793471724702187,0.8487975337553714
63.45552099747768,10.415470954655598,25.178152358826456,1.4754671673404696,0.8656777809109364
63.45552099747768,10.416114198974196,25.041693812839924,1.470851527805072,0.8838603272712977
63.45552099747768,10.416757443292791,24.874470317229846,1.4652942219699987,0.9041120227833742
63.45552099747768,10.417400687611389,24.693591725907716,1.4586291330609367,0.9242099291391456
63.45552099747768,10.418043931929986,24.50652972224191,1.4506120765863841,0.9424492124660718
63.45552099747768,10.418687176248584,24.3211296086439,1.440919903759724,0.9569646784793161
63.45552099747768,10.41933042056718,24.139652295466465,1.4290729509776263,0.9683184118272512
63.45552099747768,10.419973664885777,23.959993971821493,1.414806519798417,0.9773892906940287
63.45552099747768,10.420616909204375,23.783543748101945,1.3976521180542485,0.9845145430412241
63.45552099747768,10.42126015352297,23.61304252553052,1.3768360193002218,0.9898956780775805
63.45552099747768,10.421903397841568,23.426311222118027,1.352107243434426,0.9937864816367904
63.45552099747768,10.422546642160166,23.236801844321946,1.3235787500563008,0.9964315713041585
63.45552099747768,10.423189886478763,23.05972599470017,1.2910751329180408,0.9981101312845627
63.45552099747768,10.423833130797359,22.91179409651151,1.2542852659065336,0.9992140621317613
63.45552099747768,10.424476375115956,22.801278718038933,1.2138684887971345,0.9997583958601535
63.45552099747768,10.425119619434554,22.700706961489324,1.1692500576644342,0.9999202741582549
63.45552099747768,10.425762863753151,22.582949401289476,1.1199706619333734,0.9999127935033347
63.45552099747768,10.426406108071747,22.42952264976486,1.063231636219247,0.9999323720221267
63.45552099747768,10.427049352390345,22.23140131569353,0.999569830697291,0.9999622074811622
63.45552099747768,10.427692596708942,21.99832381660739,0.9319145504545743,0.9999893681581993
63.45552099747768,10.428335841027538,21.742554563478006,0.8616824054646737,1.0000039814548791
63.45552099747768,10.428979085346135,21.454014549340386,0.8065138807452316,1.0000066842626911
63.45552099747768,10.429622329664733,21.122100565786358,0.756917338080143,1.0000022216018405
63.45552099747768,10.43026557398333,20.73738461562377,0.7001308575975546,0.9999986348544369
63.45552099747768,10.430908818301926,20.291847264961064,0.6268874826162112,1.0000017286696994
63.45552099747768,10.431552062620524,19.826205573412665,0.5337000685934458,1.0000024368426566
63.45552099747768,10.432195306939121,19.406293745967307,0.4498775798612735,1.0000006445032978
63.45552099747768,10.432838551257719,19.097365805392243,0.40933003462057327,0.9999978913320707
63.45552099747768,10.433481795576315,18.955306137469073,0.4421279778807616,0.9999971483924152
63.45552099747768,10.434125039894912,18.9645867595432,0.5374130272546295,0.9999992547878406
63.45552099747768,10.43476828421351,19.077645886076944,0.6775403803404364,1.000000302326443
63.45552099747768,10.435411528532105,,,
63.45576994601546,10.358543498519738,,,
63.45576994601546,10.359186748433169,29.22213143991666,1.500000000004809,0.05318889229595637
63.45576994601546,10.359829998346598,29.21958203189782,1.5000000000032374,0.05337130810847542
63.45576994601546,10.360473248260027,29.217606941420453,1.5000000000008686,0.05350474996097191
63.45576994601546,10.361116498173457,29.215554008371083,1.4999999999994933,0.05364685317844237
63.45576994601546,10.361759748086886,29.21339413398809,1.4999999999988949,0.05380008630026622
63.45576994601546,10.362402998000317,29.209874553981845,1.4999999999987343,0.054058507751972025
63.45576994601546,10.363046247913745,29.204018313726383,1.4999999999990867,0.05449097071772079
63.45576994601546,10.363689497827176,29.196277951144836,1.4999999999999658,0.05506332541847111
63.45576994601546,10.364332747740605,29.18932697876616,1.5000000000006881,0.055569473036933215
63.45576994601546,10.364975997654035,29.181905207443716,1.5000000000000986,0.056118489381991356
63.45576994601546,10.365619247567464,29.174605334355768,1.499999999997332,0.05668082041833269
63.45576994601546,10.366262497480893,29.163405991069578,1.4999999999930076,0.057559463350832084
63.45576994601546,10.366905747394323,29.1498533413035,1.4999999999888212,0.058620665211603765
63.45576994601546,10.367548997307752,29.135965058167304,1.4999999999863942,0.05971112175677263
63.45576994601546,10.368192247221183,29.122984505879007,1.4999999999877425,0.060734163326210865
63.45576994601546,10.368835497134612,29.110125572149034,1.4999999999833584,0.06177942798419783
63.45576994601546,10.369478747048042,29.097592905171055,1.499999999976062,0.06281261517272292
63.45576994601546,10.37012199696147,29.085934682072565,1.4999999999745752,0.06377096564335966
63.45576994601546,10.370765246874901,29.07546940246341,1.4999999999729499,0.06463008189902424
63.45576994601546,10.37140849678833,29.066842232201463,1.5000000000261298,0.0653427166101772
63.45576994601546,10.372051746701759,29.056782022449745,1.5000000000014737,0.06619936448666268
63.45576994601546,10.37269499661519,29.041789320533727,1.4999999998132356,0.06751334544003683
63.45576994601546,10.373338246528618,29.022292821649984,1.4999999993677557,0.06925073481530414
63.45576994601546,10.373981496442049,29.00092524784372,1.4999999986438064,0.07116946850667112
63.45576994601546,10.374624746355478,28.9790109947118,1.4999999986888166,0.07315893902013007
63.45576994601546,10.375267996268908,28.95957033816235,1.499999999820725,0.07495114023866196
63.45576994601546,10.375911246182337,28.937024783228175,1.5000000037542391,0.0771126785526487
63.45576994601546,10.376554496095768,28.911946443578437,1.5000000074724116,0.07957936551024121
63.45576994601546,10.377197746009196,28.882590197892373,1.5000000037338024,0.08253912411118647
63.45576994601546,10.377840995922625,28.845144810421946,1.4999999915638094,0.0864303102448944
63.45576994601546,10.378484245836056,28.80451806778513,1.4999999613172565,0.09069415115155997
63.45576994601546,10.379127495749485,28.75920232395844,1.499999944400553,0.09563067348925976
63.45576994601546,10.379770745662915,28.7120050111678,1.4999999714651655,0.10107863867334119
63.45576994601546,10.391349244104648,27.7791372698854,1.4999972275544056,0.25727321396773667
63.45576994601546,10.391992494018076,27.722608360944513,1.4999959518657922,0.26935732499861276
63.45576994601546,10.392635743931507,27.666108618815752,1.4999945260687302,0.28181265274005834
63.45576994601546,10.393278993844936,27.611354886653977,1.4999926370484336,0.2942651060170741
63.45576994601546,10.393922243758366,27.56078870494454,1.4999899529031828,0.30599174932460005
63.45576994601546,10.394565493671795,27.51877697427339,1.4999863582463366,0.31587422165359214
63.45576994601546,10.395208743585224,27.481802787057006,1.499981868759697,0.32467531163432384
63.45576994601546,10.395851993498654,27.448300643778392,1.4999758516362043,0.3327547332457657
63.45576994601546,10.396495243412083,27.41394036237028,1.4999676057813696,0.34115598944377024
63.45576994601546,10.397138493325514,27.37428133133288,1.499957179775036,0.35094959300131146
63.45576994601546,10.397781743238943,27.333923048512958,1.4999441932870095,0.3609926310638397
63.45576994601546,10.398424993152373,27.2943070891326,1.4999265158126591,0.37090604441102126
63.45576994601546,10.399068243065802,27.260281428348225,1.499902824807018,0.37945942948864847
63.45576994601546,10.39971149297923,27.234123134773007,1.4998738212600795,0.38607731497238423
63.45576994601546,10.400354742892661,27.207031475807938,1.4998378690839345,0.39298885092308156
63.45576994601546,10.40099799280609,27.175317375453837,1.49978998066836,0.4011618300471139
63.45576994601546,10.40164124271952,27.131668838884753,1.499728399278502,0.41248600376624495
63.45576994601546,10.40228449263295,27.080279896295043,1.4996549167122473,0.42589509981081825
63.45576994601546,10.40292774254638,27.023626866465143,1.4995636375325516,0.4407586709414699
63.45576994601546,10.403570992459809,26.970528518107503,1.4994456284385498,0.4547429244174201
63.45576994601546,10.40421424237324,26.92810882871798,1.4993002363882328,0.4659582321871336
63.45576994601546,10.404857492286668,26.892380474821017,1.4991294321989865,0.47543627180514125
63.45576994601546,10.405500742200097,26.85611243090161,1.4989184257440307,0.48508543934755644
63.45576994601546,10.406143992113527,26.806253016149007,1.4986543981461633,0.49833750979644026
63.45576994601546,10.406787242026956,26.73301671107741,1.4983392705046534,0.5177638766349806
63.45576994601546,10.407430491940387,26.65222224194196,1.497974070311254,0.5391597663575568
63.45576994601546,10.408073741853816,26.56631257469247,1.497526388914576,0.5618724834302619
63.45576994601546,10.408716991767246,26.484995878276894,1.4969818288681025,0.5833458631557349
63.45576994601546,10.409360241680675,26.410688959166958,1.4963446438153585,0.6028678139699226
63.45576994601546,10.410003491594106,26.320687423979415,1.4956068888288134,0.6262108568417535
63.45576994601546,10.410646741507534,26.217006311691495,1.4947087240753651,0.6521487308408078
63.45576994601546,10.411289991420963,26.08947868990887,1.4936387719738111,0.6826656086638038
63.45576994601546,10.411933241334394,25.94607084228564,1.4923911984329719,0.7153563607964176
63.45576994601546,10.412576491247822,25.78175677514818,1.4909313238149038,0.7507230256317302
63.45576994601546,10.413219741161253,25.61915937659525,1.4891573207713285,0.7845877803626853
63.45576994601546,10.413862991074682,25.475569992130406,1.4870561910784046,0.8136424631201031
63.45576994601546,10.414506240988112,25.36238804781245,1.4846006820160063,0.8355837372898427
63.45576994601546,10.415149490901541,25.263509168083086,1.4816616289406042,0.852536930182659
63.45576994601546,10.415792740814972,25.15007949247491,1.4780664516767246,0.8690423040747028
63.45576994601546,10.4164359907284,25.000092272078007,1.473770905953907,0.8888066480720694
63.45576994601546,10.41707924064183,24.838805760937856,1.4687229197258924,0.9089771460276823
63.45576994601546,10.41772249055526,24.66903101952002,1.462509491145354,0.9280818050128485
63.45576994601546,10.418365740468689,24.502160657530386,1.4548423897731058,0.9438200571001967
63.45576994601546,10.41900899038212,24.33940124760503,1.4457279613903449,0.9559688674140825
63.45576994601546,10.419652240295548,24.167618927140715,1.4348465604807272,0.9665865269117329
63.45576994601546,10.420295490208979,23.997962235165545,1.4213424981152538,0.9751180889493782
63.45576994601546,10.420938740122407,23.830494248743122,1.4049006072654517,0.9822649399514224
63.45576994601546,10.421581990035838,23.654194992010012,1.3859514346408635,0.9881417326063155
63.45576994601546,10.422225239949267,23.461248741325697,1.363766483705788,0.992373885550828
63.45576994601546,10.422868489862696,23.272995272583305,1.3377117551706956,0.9954948598943225
63.45576994601546,10.423511739776126,23.102161897377673,1.308040785081924,0.9975834575860453
63.45576994601546,10.424154989689555,22.97403224617552,1.2750370411254517,0.9987674221560169
63.45576994601546,10.424798239602985,22.87403380357121,1.2383732245486865,0.9993872539488061
63.45576994601546,10.425441489516414,22.769083752651515,1.197234251297018,0.9997228045523959
63.45576994601546,10.426084739429845,22.633132242418576,1.1518397698419218,0.9998158031277736
63.45576994601546,10.426727989343274,22.435844197671763,1.100782478016012,0.9998762149330731
63.45576994601546,10.427371239256704,22.19623470984454,1.0445268395065144,0.999938488784831
63.45576994601546,10.428014489170133,21.925013460440447,0.9858940239529155,0.9999918319080878
63.45576994601546,10.428657739083562,21.62002162261378,0.9266349659566887,0.9999995000805317
63.45576994601546,10.429300988996992,21.283489359825715,0.8768837109512426,0.9999974610201257
63.45576994601546,10.429944238910421,20.899150315512564,0.8264138261400787,0.999992700348993
63.45576994601546,10.430587488823852,20.45698129454326,0.7599742506511238,0.9999997349443175
63.45576994601546,10.43123073873728,19.97979556841013,0.6640800583621549,1.0000134069516833
63.45576994601546,10.431873988650711,19.50804342784018,0.5490726384964557,1.0000155393696684
63.45576994601546,10.43251723856414,19.11597867119979,0.4605454791438336,1.0000152466407903
63.45576994601546,10.43316048847757,18.874996728721,0.4273631914408553,1.0000086208433518
63.45576994601546,10.433803738391,18.777519070547005,0.45985031683614064,1.000014395136049
63.45576994601546,10.434446988304428,18.820486477741138,0.5537201555926399,1.0000184274635224
63.45576994601546,10.435090238217859,18.940333463960933,0.6821075509659895,1.0000178923368341
63.45576994601546,10.435733488131287,,,
63.45601889455324,10.35950804783574,29.244466275713282,1.5000000000089628,0.05158654417679733
63.45601889455324,10.360151303344113,29.242536227969026,1.5000000000041775,0.05172676556664018
63.45601889455324,10.360794558852485,29.239544748625388,1.5000000000010527,0.05192894329277506
63.45601889455324,10.361437814360855,29.235920519624784,1.4999999999995661,0.05218032961842682
63.45601889455324,10.362081069869227,29.23223783687381,1.499999999998959,0.052443744094914674
63.45601889455324,10.362724325377599,29.226762811030756,1.4999999999987574,0.052833812326623604
63.45601889455324,10.36336758088597,29.217956338035524,1.4999999999991016,0.053466011126356024
63.45601889455324,10.364010836394343,29.209136419233225,1.49999999999986,0.054104202448090416
63.45601889455324,10.364654091902713,29.20195524496544,1.5000000000004452,0.05461189582924217
63.45601889455324,10.365297347411085,29.195829734233122,1.499999999998984,0.055058501898950764
63.45601889455324,10.365940602919457,29.188819252617826,1.499999999995935,0.05560501491184104
63.45601889455324,10.366583858427829,29.176611742166457,1.4999999999922435,0.05655668070851348
63.45601889455324,10.3672271139362,29.162376827516617,1.4999999999885028,0.05765790020744424
63.45601889455324,10.36787036944457,29.148369667534954,1.499999999989838,0.058735215481186376
63.45601889455324,10.368513624952943,29.135006851177447,1.4999999999903213,0.0597810154435754
63.45601889455324,10.369156880461315,29.1216982192413,1.4999999999854645,0.06085554197101328
63.45601889455324,10.369800135969687,29.10839973362847,1.4999999999825302,0.06193036215572698
63.45601889455324,10.370443391478057,29.095748522253007,1.4999999999506302,0.06294923387805734
63.45601889455324,10.371086646986429,29.08312431923972,1.499999999950533,0.06398562964984093
63.45601889455324,10.3717299024948,29.07195755575667,1.4999999999847677,0.06490962081946769
63.45601889455324,10.372373158003173,29.056672181669278,1.4999999999063787,0.06621673639093754
63.45601889455324,10.373016413511545,29.036104627822937,1.4999999998788898,0.06802537626315931
63.45601889455324,10.373659669019915,29.01423822671516,1.499999999469708,0.0699684630927455
63.45601889455324,10.374302924528287,28.991858488739783,1.4999999990015978,0.0719717870393704
63.45601889455324,10.374946180036659,28.972695239295106,1.499999999298429,0.07370274621845761
63.45601889455324,10.37558943554503,28.952864722355102,1.4999999995957154,0.07555533972013996
63.45601889455324,10.376232691053403,28.92642456514944,1.5000000029678504,0.07814738790591845
63.45601889455324,10.376875946561773,28.8958548225428,1.5000000042028871,0.08121727129159202
63.45601889455324,10.377519202070145,28.85564418108627,1.4999999995642295,0.08539113307404579
63.45601889455324,10.378162457578517,28.80997420150391,1.4999999913998603,0.09024239352018575
63.45601889455324,10.378805713086889,28.763412404359258,1.4999999687459509,0.09523667963466335
63.45601889455324,10.37944896859526,28.717782294965012,1.4999999646190694,0.1003253703244816
63.45601889455324,10.380092224103631,28.678057670581897,1.5000000112173402,0.10513268784822145
63.45601889455324,10.39167082325432,27.742998937026844,1.4999972310830365,0.2650755018618894
63.45601889455324,10.392314078762691,27.683795804770018,1.499996027988883,0.2779746561399967
63.45601889455324,10.392957334271063,27.628143114382134,1.4999946486946552,0.29040215554421694
63.45601889455324,10.393600589779435,27.576234916196537,1.4999927960852624,0.302357268698591
63.45601889455324,10.394243845287807,27.5331225158667,1.4999901449428705,0.3124523139747486
63.45601889455324,10.394887100796177,27.494932051583906,1.499986773400566,0.32152344652382187
63.45601889455324,10.39553035630455,27.458572723193804,1.49998245667294,0.3302752778330519
63.45601889455324,10.396173611812921,27.422866662848964,1.4999766290633558,0.3389826587635516
63.45601889455324,10.396816867321293,27.38055152688721,1.4999689603961615,0.3494110352861488
63.45601889455324,10.397460122829663,27.338431976992428,1.4999595236869565,0.35986834727125777
63.45601889455324,10.398103378338035,27.298057622681924,1.499947574542427,0.36995927238120657
63.45601889455324,10.398746633846407,27.262403750852535,1.499930625046762,0.3789143616075402
63.45601889455324,10.39938988935478,27.23801400539393,1.4999092503434672,0.38507745929539683
63.45601889455324,10.400033144863151,27.21302849039608,1.4998830046764726,0.39145759334114333
63.45601889455324,10.400676400371522,27.184541179126974,1.4998504439616387,0.39878957882335114
63.45601889455324,10.401319655879893,27.14429803073001,1.4998056175466452,0.4092180463649568
63.45601889455324,10.401962911388265,27.094927102334143,1.4997517181685627,0.42206600799925753
63.45601889455324,10.402606166896637,27.044458171872805,1.4996861659265175,0.43527843361790486
63.45601889455324,10.40324942240501,26.989932802886912,1.499604666844255,0.4496268633515951
63.45601889455324,10.40389267791338,26.944780445892178,1.4994979060374574,0.4615498742130629
63.45601889455324,10.404535933421752,26.903700714629224,1.49937186968279,0.4724363061082591
63.45601889455324,10.405179188930124,26.86397549769749,1.4992218668551036,0.48298415335301736
63.45601889455324,10.405822444438495,26.818263121435578,1.4990353807108643,0.49513481920828056
63.45601889455324,10.406465699946866,26.747467119744435,1.4988039609652932,0.5139134705423144
63.45601889455324,10.407108955455238,26.66814084239835,1.4985295257838602,0.5349483727699439
63.45601889455324,10.40775221096361,26.58819206939704,1.4982122091515526,0.5561197105563263
63.45601889455324,10.408395466471982,26.513550015666606,1.4978177762973601,0.5758583044321715
63.45601889455324,10.409038721980354,26.45738380825793,1.4973475049314482,0.5906810893500243
63.45601889455324,10.409681977488724,26.386730074694867,1.4967855965996395,0.6090112173816482
63.45601889455324,10.410325232997096,26.294082765993362,1.4961424284202982,0.6326418657315291
63.45601889455324,10.410968488505468,26.175428764399985,1.495348397306825,0.6616415852955643
63.45601889455324,10.41161174401384,26.038191492426137,1.4944135422230187,0.6944241667729036
63.45601889455324,10.412254999522212,25.896896652038905,1.4932973264521325,0.7262604698850039
63.45601889455324,10.412898255030582,25.735970610829884,1.4920015521265273,0.7604663668464163
63.45601889455324,10.413541510538954,25.58809940384514,1.4904101395413443,0.7910277205033008
63.45601889455324,10.414184766047326,25.455175989783562,1.488521797600227,0.8174516294616334
63.45601889455324,10.414828021555698,25.347889877302382,1.4862832003168056,0.8375122817429894
63.45601889455324,10.415471277064068,25.24421062201914,1.4835918095070573,0.8544194170364188
63.45601889455324,10.41611453257244,25.10418304232725,1.480291371236396,0.8744453958191831
63.45601889455324,10.416757788080812,24.949033104297747,1.4763142510402456,0.8949276665414844
63.45601889455324,10.417401043589184,24.792621000408776,1.4716138014198061,0.9146946440834323
63.45601889455324,10.418044299097556,24.64346220210736,1.4657204700505253,0.9311666872840142
63.45601889455324,10.418687554605926,24.511054357984605,1.458615845146324,0.9428760144137113
63.45601889455324,10.419330810114298,24.36553385427513,1.4500867141694618,0.9536320366457173
63.45601889455324,10.41997406562267,24.20773932567823,1.439872062775529,0.9633209097954462
63.45601889455324,10.420617321131042,24.05036730790689,1.427000085556428,0.9717183152536026
63.45601889455324,10.421260576639414,23.885210256512945,1.41215040462515,0.9799597341482554
63.45601889455324,10.421903832147784,23.707562449782984,1.3949267258647298,0.9863811209029861
63.45601889455324,10.422547087656156,23.513383562769214,1.3747829018099538,0.9911358330961535
63.45601889455324,10.423190343164528,23.329219534335223,1.3511705986108538,0.9947206756297027
63.45601889455324,10.4238335986729,23.1631211403466,1.3247583362776818,0.9968680525922342
63.45601889455324,10.42447685418127,23.04195223463129,1.2949402408022075,0.998277230680134
63.45601889455324,10.425120109689642,22.937561730270826,1.2614759287118071,0.9991316102958209
63.45601889455324,10.425763365198014,22.815250321086275,1.2240195651664756,0.9996090929272481
63.45601889455324,10.426406620706386,22.655511517125742,1.1832233171799937,0.9997149816081494
63.45601889455324,10.427049876214758,22.423400043232395,1.137524133149874,0.9998346007815418
63.45601889455324,10.427693131723128,22.14888780080852,1.0886604474665151,0.9999488860721434
63.45601889455324,10.4283363872315,21.827668188151513,1.0382192551569178,0.9999981307333901
63.45601889455324,10.428979642739872,21.479845745337784,0.9837037830826232,0.9999913267465922
63.45601889455324,10.429622898248244,21.09877948104483,0.9361845814509472,0.9999816347353999
63.45601889455324,10.430266153756616,20.665465417955396,0.8769030777704068,0.9999840103044205
63.45601889455324,10.430909409264986,20.182673729994793,0.796623288406033,1.000012669739224
63.45601889455324,10.431552664773358,19.7070396780233,0.690372198121765,1.0000316614208888
63.45601889455324,10.43219592028173,19.257621649773277,0.5702744531650054,1.0000334934283175
63.45601889455324,10.432839175790102,18.950332278214876,0.49646232009078695,1.0000217856797382
63.45601889455324,10.433482431298472,18.738439069271603,0.44930085901096484,1.0000180876447764
63.45601889455324,10.434125686806844,18.648452794327653,0.46803091037461986,1.0000319251770389
63.45601889455324,10.434768942315216,18.68303960640357,0.5442334714062742,1.0000360800662285
63.45601889455324,10.435412197823588,,,
63.45601889455324,10.43605545333196,,,
63.45626784309102,10.35982935282694,29.266121018348947,1.500000000007359,0.05007058887630129
63.45626784309102,10.360472613930364,29.262317050064972,1.5000000000065348,0.050333026440774954
63.45626784309102,10.361115875033786,29.2591210202421,1.50000000000122,0.05055877385246907
63.45626784309102,10.36175913613721,29.253948126705104,1.4999999999995943,0.05091841544079588
63.45626784309102,10.362402397240633,29.247993968972796,1.4999999999988876,0.05133726434829005
63.45626784309102,10.363045658344056,29.238738806870316,1.4999999999987557,0.051990527223865934
63.45626784309102,10.363688919447478,29.228744461922556,1.4999999999990474,0.05269544806877364
63.45626784309102,10.364332180550901,29.21980027604873,1.4999999999996747,0.05332630103576089
63.45626784309102,10.364975441654325,29.2131771922483,1.4999999999991005,0.05379015611166378
63.45626784309102,10.365618702757748,29.207311150187067,1.4999999999967537,0.05422561584248251
63.45626784309102,10.36626196386117,29.1995574689017,1.4999999999949984,0.05481800953385765
63.45626784309102,10.366905224964594,29.186882272060792,1.4999999999931097,0.0557888286269551
63.45626784309102,10.367548486068017,29.173255086924264,1.4999999999950908,0.05682138430002236
63.45626784309102,10.36819174717144,29.1588590542367,1.4999999999970348,0.05791862537327094
63.45626784309102,10.368835008274862,29.145055287355135,1.4999999999912013,0.05899014603934138
63.45626784309102,10.369478269378286,29.13122604472151,1.4999999999816285,0.06008799506098099
63.45626784309102,10.37012153048171,29.117630802763664,1.4999999999412275,0.06116535756303217
63.45626784309102,10.370764791585133,29.10293521847103,1.4999999999109845,0.06235028853002605
63.45626784309102,10.371408052688555,29.087324821528032,1.4999999999383102,0.06363497568525718
63.45626784309102,10.372051313791978,29.070558172291392,1.4999999999684566,0.06504065094451773
63.45626784309102,10.372694574895402,29.048692287190683,1.5000000000745661,0.0669329196959377
63.45626784309102,10.373337835998825,29.025869450511184,1.5000000000097102,0.06893771370195631
63.45626784309102,10.373981097102249,29.003171866400354,1.4999999995349917,0.07094779857179695
63.45626784309102,10.37462435820567,28.983243760636864,1.4999999991670578,0.07271851006539427
63.45626784309102,10.375267619309094,28.964659587351367,1.4999999985679433,0.07440524864373635
63.45626784309102,10.375910880412517,28.941175603224284,1.4999999989584303,0.07666974366695424
63.45626784309102,10.37655414151594,28.909951484655252,1.5000000015737431,0.0797974557458703
63.45626784309102,10.377197402619363,28.869496979158768,1.500000001499667,0.0839839196255527
63.45626784309102,10.377840663722786,28.82104726155071,1.500000000291478,0.08912121791046801
63.45626784309102,10.37848392482621,28.771624375446986,1.4999999937155535,0.0944414800017913
63.45626784309102,10.379127185929633,28.724368401872088,1.4999999791571286,0.09960504408459338
63.45626784309102,10.379770447033055,28.69036123132023,1.499999977337738,0.10356576107554014
63.45626784309102,10.380413708136478,28.64813099645987,1.5000000822258182,0.10885967187362607
63.45626784309102,10.391992407998094,27.702115469694416,1.4999972784425184,0.274056035114001
63.45626784309102,10.392635669101516,27.644707023960425,1.4999961284196053,0.2867305560319175
63.45626784309102,10.39327893020494,27.593119754911896,1.4999947986479605,0.2984375679923572
63.45626784309102,10.393922191308363,27.549490477619564,1.4999929457985899,0.3085883217197965
63.45626784309102,10.394565452411786,27.511461940644942,1.4999905899182417,0.31756187204025843
63.45626784309102,10.395208713515208,27.47295931732579,1.499987347366978,0.3267982242383755
63.45626784309102,10.395851974618632,27.434893399820993,1.4999831449237913,0.3360546412206303
63.45626784309102,10.396495235722055,27.39156235297878,1.4999775245617117,0.3467080277247427
63.45626784309102,10.397138496825479,27.346185067618798,1.499970713941206,0.3579533722213341
63.45626784309102,10.3977817579289,27.305097359458237,1.4999620270044105,0.3681921704691644
63.45626784309102,10.398425019032324,27.268496027148696,1.4999504849623455,0.3773695723218396
63.45626784309102,10.399068280135747,27.242915546964742,1.4999349865850746,0.38381888773168366
63.45626784309102,10.39971154123917,27.22040494915929,1.499916013182842,0.3895645035293529
63.45626784309102,10.400354802342592,27.193224556076277,1.4998922960741667,0.39656457687317104
63.45626784309102,10.400998063446016,27.15703640440177,1.4998612136769283,0.40593538077822816
63.45626784309102,10.40164132454944,27.11072372048223,1.499821929855746,0.4179732806649794
63.45626784309102,10.402284585652863,27.062077710507563,1.4997745649144312,0.43066112282479296
63.45626784309102,10.402927846756285,27.013716295499655,1.4997164855550964,0.44335362038788295
63.45626784309102,10.403571107859708,26.96877256671544,1.4996406814988648,0.4552010977801835
63.45626784309102,10.404214368963132,26.927734855219168,1.4995490486086744,0.46606571791585316
63.45626784309102,10.404857630066555,26.882167162158865,1.4994392610644285,0.47815635858730066
63.45626784309102,10.405500891169979,26.833786869985015,1.499307187110662,0.49100474496954144
63.45626784309102,10.4061441522734,26.765615555404835,1.4991392260460192,0.5090892841531698
63.45626784309102,10.406787413376824,26.68597806708078,1.4989412578092378,0.5302062301274135
63.45626784309102,10.407430674480247,26.609238165967454,1.498703346629365,0.5505618628527434
63.45626784309102,10.40807393558367,26.53883672893694,1.4984227966283414,0.5692186759064625
63.45626784309102,10.408717196687093,26.488006730708392,1.498075310475643,0.5826918796869325
63.45626784309102,10.409360457790516,26.437361785195066,1.4976691584722026,0.5958968618301571
63.45626784309102,10.41000371889394,26.363489108819888,1.4971812888694422,0.6148118568381759
63.45626784309102,10.410646979997363,26.25979962792393,1.496605552604635,0.6406899202339206
63.45626784309102,10.411290241100785,26.133629780024854,1.4959060538165037,0.6715349787887936
63.45626784309102,10.411933502204208,25.99784892386749,1.4950843494786075,0.7037998567914393
63.45626784309102,10.412576763307632,25.85880192928963,1.4941021015869804,0.7348099525387388
63.45626784309102,10.413220024411055,25.71674238069912,1.4929153538926738,0.7650722823260891
63.45626784309102,10.413863285514477,25.583049608057525,1.4914914670213473,0.7924746920948185
63.45626784309102,10.4145065466179,25.452518318912166,1.489789922649395,0.8176647867075097
63.45626784309102,10.415149807721324,25.339759334183537,1.4877551787665548,0.8377925527074614
63.45626784309102,10.415793068824748,25.20346625454485,1.4852342365732705,0.8590635575996488
63.45626784309102,10.41643632992817,25.053851805989453,1.482219527419038,0.8803030886971384
63.45626784309102,10.417079591031593,24.904489635914516,1.4785523128904936,0.900182449811129
63.45626784309102,10.417722852135016,24.7637645558967,1.4741107093800567,0.9178325878164485
63.45626784309102,10.41836611323844,24.643092455088446,1.4685996516799484,0.9306256821062666
63.45626784309102,10.419009374341861,24.529835365886107,1.4620626223665985,0.9406509935443473
63.45626784309102,10.419652635445285,24.400872160160475,1.4541444426779206,0.9503050118702241
63.45626784309102,10.420295896548708,24.260110383462898,1.4443798575866218,0.9594217875284139
63.45626784309102,10.420939157652132,24.109483779246467,1.432762965965264,0.9687130013362675
63.45626784309102,10.421582418755554,23.942934138566653,1.4194020935707239,0.977581187570506
63.45626784309102,10.422225679858977,23.7614367629393,1.4038299155213385,0.9845585843865634
63.45626784309102,10.4228689409624,23.57376744662185,1.385415407525257,0.9899316422774608
63.45626784309102,10.423512202065824,23.39338403170328,1.3645592352412663,0.9936029245610549
63.45626784309102,10.424155463169246,23.230039838400753,1.340941877406859,0.9960283604631528
63.45626784309102,10.42479872427267,23.105572650890846,1.3140415690606708,0.9977357602674773
63.45626784309102,10.425441985376093,22.98002180679659,1.2835593582131857,0.9988975543776515
63.45626784309102,10.426085246479516,22.840772536214715,1.2501363085574242,0.9994284812456398
63.45626784309102,10.426728507582938,22.649411649715145,1.2134168651963682,0.9996367550430219
63.45626784309102,10.427371768686362,22.387201286431484,1.1730657118188001,0.9998341802198902
63.45626784309102,10.428015029789785,22.07398149525336,1.1306435001231867,0.9999650444882933
63.45626784309102,10.428658290893209,21.715376775440525,1.0841419162905073,1.0000026871123244
63.45626784309102,10.42930155199663,21.33182094666856,1.0329601569034919,0.9999860157554255
63.45626784309102,10.429944813100054,20.909086195381185,0.9791645787726372,0.9999748977145093
63.45626784309102,10.430588074203477,20.435026346813483,0.9075132113897986,0.9999911096940264
63.45626784309102,10.4312313353069,19.958846256550732,0.8211070440785101,1.0000179041944377
63.45626784309102,10.431874596410323,19.503868896039023,0.7103470788286939,1.0000327128694513
63.45626784309102,10.432517857513746,19.141400268315117,0.612537668856028,1.0000257716666217
63.45626784309102,10.43316111861717,18.867578901544235,0.5291095312347283,1.0000155432734916
63.45626784309102,10.433804379720593,18.648635167445264,0.4644899974317192,1.0000174761580107
63.45626784309102,10.434447640824017,18.53689911946043,0.45992096119162784,1.000034352755478
63.45626784309102,10.435090901927438,,,
63.45626784309102,10.435734163030862,,,
63.45626784309102,10.436377424134285,,,
63.4565167916288,10.36015066340693,29.277534553624783,1.5000000001568476,0.04909588233718747
63.4565167916288,10.360793930105515,29.281434779487707,1.5000000000087823,0.04903919333784702
63.4565167916288,10.361437196804099,29.276340069066748,1.5000000000017837,0.0493737540770858
63.4565167916288,10.362080463502682,29.269538239191412,1.4999999999993687,0.04985029011976051
63.4565167916288,10.362723730201267,29.259900626308166,1.4999999999987736,0.050525662403469784
63.4565167916288,10.36336699689985,29.248937783417496,1.4999999999986955,0.05129115056410831
63.4565167916288,10.364010263598434,29.238381280504704,1.4999999999989326,0.052025212014546234
63.4565167916288,10.36465353029702,29.22990661396541,1.4999999999988662,0.05261254936622411
63.4565167916288,10.365296796995603,29.22331910069932,1.499999999997466,0.053077628643476024
63.4565167916288,10.365940063694186,29.216523726888138,1.4999999999960443,0.05357303422482729
63.4565167916288,10.366583330392771,29.20735431167042,1.4999999999961073,0.05425562730597807
63.4565167916288,10.367226597091355,29.194954906242117,1.499999999998902,0.05518234875895174
63.4565167916288,10.367869863789938,29.181053585929828,1.5000000000013538,0.05622361631057162
63.4565167916288,10.368513130488523,29.16658951550582,1.499999999997862,0.057317411618785424
63.4565167916288,10.369156397187107,29.152469840604954,1.4999999999826077,0.058404048695089916
63.4565167916288,10.369799663885692,29.13825011046446,1.4999999999436795,0.059515399559876926
63.4565167916288,10.370442930584275,29.12284943631932,1.4999999999049067,0.060738033496831066
63.4565167916288,10.371086197282859,29.10564221982639,1.4999999999058153,0.06213177213657375
63.4565167916288,10.371729463981444,29.085909219918857,1.4999999999881326,0.06376640059837804
63.4565167916288,10.372372730680027,29.062907351141636,1.5000000001428115,0.06572545627050262
63.4565167916288,10.37301599737861,29.038304125576474,1.5000000002031149,0.06785805121337217
63.4565167916288,10.373659264077196,29.014204975451214,1.499999999981398,0.06996902043871091
63.4565167916288,10.374302530775779,28.992747423262678,1.499999999281381,0.07185750430557077
63.4565167916288,10.374945797474362,28.973283496949826,1.4999999983322845,0.0735987586423455
63.4565167916288,10.375589064172948,28.951552820955637,1.4999999979403846,0.07564312617585074
63.4565167916288,10.376232330871531,28.923130410579567,1.4999999989389978,0.07845854109482563
63.4565167916288,10.376875597570114,28.884290920327146,1.5000000015196213,0.08245860050135256
63.4565167916288,10.3775188642687,28.837012404946766,1.5000000035374184,0.08745546417092508
63.4565167916288,10.378162130967283,28.785887769852724,1.500000002482237,0.09294691861599194
63.4565167916288,10.378805397665866,28.735632104705285,1.4999999958467571,0.09841799400956534
63.4565167916288,10.379448664364451,28.697746912768388,1.4999999842721101,0.10269583655918449
63.4565167916288,10.380091931063035,28.664465684978737,1.5000000166198828,0.10679315950860113
63.4565167916288,10.392957265034715,27.60979435055673,1.4999962628254417,0.2946700768164876
63.4565167916288,10.3936005317333,27.565589907853145,1.499994998509424,0.30486435992326644
63.4565167916288,10.394243798431884,27.526193009728406,1.4999934117026241,0.3140883318469769
63.4565167916288,10.394887065130467,27.488440848681428,1.4999912236231903,0.32307453030321387
63.4565167916288,10.395530331829052,27.449371127242316,1.4999881500018997,0.33252915007286904
63.4565167916288,10.396173598527636,27.40615944675136,1.4999841212397302,0.3431228009041638
63.4565167916288,10.396816865226219,27.36035030511358,1.4999791193855672,0.3544469479446909
63.4565167916288,10.397460131924804,27.31628212748748,1.4999727362005897,0.3654059655313994
63.4565167916288,10.398103398623388,27.278324613316887,1.4999645571717444,0.37489636509304813
63.4565167916288,10.398746665321971,27.24972771198993,1.499953996176091,0.382092024712036
63.4565167916288,10.399389932020556,27.226164022485897,1.499940350351588,0.3880877299583765
63.4565167916288,10.40003319871914,27.20119181491649,1.4999229619452807,0.3945175323176671
63.4565167916288,10.400676465417725,27.168548785114947,1.499901144569955,0.40297002162368706
63.4565167916288,10.401319732116308,27.127109848453475,1.4998737210446622,0.41372699663517437
63.4565167916288,10.401962998814891,27.081145803276364,1.4998393002842545,0.42569293936575375
63.4565167916288,10.402606265513477,27.035140333079724,1.499796525214464,0.4377173267922993
63.4565167916288,10.40324953221206,26.99293001626659,1.4997438427909007,0.4488134682081329
63.4565167916288,10.403892798910643,26.952479258709715,1.4996787006121783,0.4595038563439792
63.4565167916288,10.404536065609229,26.908971857506625,1.4995986537187138,0.4710423758668669
63.4565167916288,10.405179332307812,26.85760696130277,1.4995013032841018,0.48468022208325273
63.4565167916288,10.405822599006395,26.79237838715482,1.4993833610254503,0.501989051855062
63.4565167916288,10.40646586570498,26.715414871697956,1.4992399050227891,0.5224025928617007
63.4565167916288,10.407109132403564,26.636952702269696,1.4990666335561398,0.543216504843642
63.4565167916288,10.407752399102147,26.567345299171134,1.4988592311530542,0.5616958134217507
63.4565167916288,10.408395665800732,26.515253458555364,1.4986104244585225,0.5755385078103056
63.4565167916288,10.409038932499316,26.469639594164487,1.4983109626925963,0.5875188416470272
63.4565167916288,10.409682199197901,26.41335648832629,1.4979523848425864,0.6019871408546991
63.4565167916288,10.410325465896484,26.33021591320764,1.4975257957321155,0.6230508540675059
63.4565167916288,10.410968732595068,26.221451761166783,1.4970149781700746,0.6502588592443717
63.4565167916288,10.411611999293653,26.097399128268265,1.49640070689229,0.6805675014190187
63.4565167916288,10.412255265992236,25.967457554443833,1.495664297029144,0.7111398654179621
63.4565167916288,10.41289853269082,25.839194939039796,1.4947847717323703,0.739742698320015
63.4565167916288,10.413541799389405,25.710951221573637,1.4937240963217155,0.7669652859934071
63.4565167916288,10.414185066087988,25.58220775296454,1.492438947270311,0.7927540767340693
63.4565167916288,10.414828332786572,25.45288306358074,1.4908862546385222,0.8168997855085118
63.4565167916288,10.415471599485157,25.31662631442922,1.489012590933135,0.8399949551423531
63.4565167916288,10.41611486618374,25.169399982160574,1.4867278883100015,0.8626345464774269
63.4565167916288,10.416758132882324,25.02124842680956,1.4839369300206073,0.8838219627475875
63.4565167916288,10.417401399580909,24.882458961516434,1.4805444607780132,0.902527150268338
63.4565167916288,10.418044666279492,24.765025079438097,1.4764282197199357,0.9171291273786955
63.4565167916288,10.418687932978077,24.662426889224477,1.4714121792164863,0.9282093014614128
63.4565167916288,10.41933119967666,24.560743154862237,1.4653149012280118,0.9374248034997943
63.4565167916288,10.419974466375244,24.446446910244692,1.457954209374078,0.946442174489138
63.4565167916288,10.42061773307383,24.314211758435096,1.4491486986703104,0.9562228866384028
63.4565167916288,10.421260999772413,24.1644943874382,1.438737857953834,0.966094632475187
63.4565167916288,10.421904266470996,23.99758127225991,1.4265648271353693,0.975194928183032
63.4565167916288,10.422547533169581,23.815452031270816,1.412473379047839,0.9826669278985947
63.4565167916288,10.423190799868165,23.629468255999026,1.3962557352081622,0.9882252450651783
63.4565167916288,10.423834066566748,23.45097469005367,1.3776369981839078,0.9922429282425816
63.4565167916288,10.424477333265333,23.29095731512043,1.3563392043259725,0.9951206003925995
63.4565167916288,10.425120599963916,23.152631875309766,1.3321436322261986,0.9971548263514587
63.4565167916288,10.4257638666625,23.012041477194078,1.3050079993679358,0.9984560794972271
63.4565167916288,10.426407133361085,22.84158768854673,1.274896206465869,0.9992109222136593
63.4565167916288,10.427050400059668,22.613891400863814,1.2417758817761173,0.9996079863365681
63.4565167916288,10.427693666758252,22.32207589538323,1.2057116293495234,0.9998383843463179
63.4565167916288,10.428336933456837,21.979991798853867,1.1659069617829882,0.9999660017240426
63.4565167916288,10.42898020015542,21.5984967340552,1.1212122749448197,1.0000085131262892
63.4565167916288,10.429623466854006,21.186146694525387,1.0701695778882292,0.9999895322108456
63.4565167916288,10.430266733552589,20.73597808479954,1.008333145860375,0.9999796270339089
63.4565167916288,10.430910000251172,20.270903620196677,0.9334736553720554,0.9999858629932519
63.4565167916288,10.431553266949757,19.821514145574092,0.8442028775083493,0.9999969206227904
63.4565167916288,10.43219653364834,19.419952641257677,0.7413534399069445,1.000000671302849
63.4565167916288,10.432839800346924,19.08408241496448,0.6367192159419709,0.9999935640807737
63.4565167916288,10.43348306704551,18.80386173453172,0.5404326721534052,0.9999879769472519
63.4565167916288,10.434126333744093,18.567701506729062,0.4620840752125913,0.9999971549183166
63.4565167916288,10.434769600442676,,,
63.4565167916288,10.435412867141261,,,
63.4565167916288,10.436056133839845,,,
63.45676574016658,10.360471979575875,,,
63.45676574016658,10.36111525186973,29.298988394925455,1.5000000000070104,0.04783223372148767
63.45676574016658,10.361758524163584,29.29251142388344,1.500000000002654,0.04829020235940374
63.45676574016658,10.362401796457439,29.28370512380485,1.4999999999993734,0.04889122263917861
63.45676574016658,10.363045068751294,29.271973243318413,1.4999999999990117,0.049705974853792675
63.45676574016658,10.363688341045147,29.25970186575436,1.4999999999990994,0.05055611904821921
63.45676574016658,10.364331613339003,29.248724948235186,1.4999999999987723,0.05130575468424991
63.45676574016658,10.364974885632856,29.239742140378997,1.4999999999987694,0.05191927281104661
63.45676574016658,10.365618157926711,29.23259284748911,1.499999999997753,0.05241676820314885
63.45676574016658,10.366261430220566,29.22398271714924,1.499999999997548,0.05303556763362405
63.45676574016658,10.36690470251442,29.211785486315087,1.4999999999984928,0.05393184222280059
63.45676574016658,10.367547974808275,29.198080709607645,1.4999999999993405,0.05494312123087239
63.45676574016658,10.368191247102128,29.183771669669312,1.4999999999984357,0.05600369721207693
63.45676574016658,10.368834519395984,29.170012746715777,1.4999999999881302,0.05703966559086409
63.45676574016658,10.369477791689839,29.1574072776654,1.4999999999710083,0.05801702890947143
63.45676574016658,10.370121063983692,29.14181322744823,1.4999999999376168,0.05924042828264812
63.45676574016658,10.370764336277547,29.12441684242892,1.4999999999184024,0.0606265304399239
63.45676574016658,10.3714076085714,29.10391595812731,1.4999999999650109,0.06228742551071378
63.45676574016658,10.372050880865256,29.08017724144336,1.500000000032026,0.06425249470333634
63.45676574016658,10.37269415315911,29.054045375893743,1.500000000152022,0.06648836507471051
63.45676574016658,10.373337425452965,29.027340819555814,1.5000000000927594,0.06880512830118336
63.45676574016658,10.37398069774682,29.003110215064027,1.4999999996149658,0.0709377619583956
63.45676574016658,10.374623970040673,28.981095427708542,1.4999999990346133,0.07291725001375673
63.45676574016658,10.375267242334528,28.95987877734851,1.4999999982224994,0.0748689185960034
63.45676574016658,10.375910514628382,28.933702651207465,1.4999999984195076,0.07740546236327199
63.45676574016658,10.376553786922237,28.898286195536848,1.5000000006324288,0.08096460646666101
63.45676574016658,10.377197059216092,28.854753039197092,1.5000000027925708,0.08552092293063934
63.45676574016658,10.377840331509946,28.804045153184646,1.500000004548661,0.09095505783500374
63.45676574016658,10.3784836038038,28.752919259828797,1.500000001467005,0.09652695313824565
63.45676574016658,10.379126876097654,28.708809208493566,1.4999999934709942,0.10146836211845116
63.45676574016658,10.37977014839151,28.678556770062915,1.499999989293982,0.10506688101496797
63.45676574016658,10.380413420685365,28.640683979391927,1.5000000802991464,0.10987436533678176
63.45676574016658,10.393278866562452,27.582830412395065,1.4999964478393617,0.3009586278972854
63.45676574016658,10.393922138856308,27.539001561710815,1.4999952300365205,0.31113925905354983
63.45676574016658,10.394565411150161,27.49566772341666,1.4999938178045342,0.3214378573358873
63.45676574016658,10.395208683444016,27.459465710796763,1.4999918463090052,0.3301085379371385
63.45676574016658,10.395851955737871,27.42208456232174,1.4999889751810822,0.3392068471375558
63.45676574016658,10.396495228031725,27.378852085634513,1.4999852752066822,0.34985708205596455
63.45676574016658,10.39713850032558,27.333026110714798,1.4999806496752024,0.36123139952431865
63.45676574016658,10.397781772619433,27.29257643075188,1.499974518390901,0.37132489721705547
63.45676574016658,10.398425044913289,27.25903340255112,1.4999671581941527,0.3797537653033068
63.45676574016658,10.399068317207144,27.232277379471988,1.4999580010278009,0.3865418266548074
63.45676574016658,10.399711589500997,27.207943758700047,1.4999457098934912,0.3927907397695186
63.45676574016658,10.400354861794852,27.176528265466487,1.4999295808520015,0.40091222758443357
63.45676574016658,10.400998134088706,27.13743914094172,1.4999102153459059,0.4110503674354943
63.45676574016658,10.401641406382561,27.094892902644425,1.499886728661163,0.4221052863204568
63.45676574016658,10.402284678676414,27.050882246276707,1.499855887541566,0.4335806098112026
63.45676574016658,10.40292795097027,27.01456529249525,1.499817258928112,0.4431053618239416
63.45676574016658,10.403571223264125,26.976646630184256,1.4997714310470682,0.4531038927979419
63.45676574016658,10.404214495557978,26.93589364571166,1.4997157949933837,0.4639017393164121
63.45676574016658,10.404857767851833,26.8884089484668,1.4996444969759315,0.47650833672357135
63.45676574016658,10.405501040145687,26.828352926928467,1.4995583450146313,0.49245028240372873
63.45676574016658,10.406144312439542,26.759386586313823,1.499457168640292,0.5107580106739711
63.45676574016658,10.406787584733397,26.68063610134736,1.4993339332361815,0.5316530870786451
63.45676574016658,10.40743085702725,26.60702943726681,1.4991800828692812,0.5511927901364019
63.45676574016658,10.408074129321106,26.544375870586343,1.498997334070144,0.5678075440424022
63.45676574016658,10.40871740161496,26.496792016907172,1.4987852672550566,0.580369729542625
63.45676574016658,10.409360673908814,26.449222755385172,1.4985243402473931,0.5927098114511093
63.45676574016658,10.41000394620267,26.376622410993846,1.498205321733707,0.6111924133756542
63.45676574016658,10.410647218496523,26.27753913453734,1.497827164543905,0.636209317250117
63.45676574016658,10.411290490790378,26.167264911424432,1.4973868498698977,0.6638997769472796
63.45676574016658,10.411933763084232,26.04880859762095,1.496839548385016,0.6927134307751794
63.45676574016658,10.412577035378087,25.9430617057122,1.4961771762387377,0.7170530291435816
63.45676574016658,10.41322030767194,25.82914622152734,1.4953883182219756,0.7420494242013518
63.45676574016658,10.413863579965795,25.707032625557698,1.4944502324342992,0.7675471627767133
63.45676574016658,10.41450685225965,25.5825044147838,1.4932729746160873,0.791942467329491
63.45676574016658,10.415150124553504,25.451613344108846,1.4918513478062028,0.816402379756197
63.45676574016658,10.41579339684736,25.31388730579617,1.490160092484836,0.839591559855432
63.45676574016658,10.416436669141213,25.164742172874334,1.4880853376981351,0.8624790489499854
63.45676574016658,10.417079941435068,25.019206145354783,1.4854716168154922,0.8835166845783481
63.45676574016658,10.417723213728923,24.887519354080506,1.4823472109223839,0.901640649094403
63.45676574016658,10.418366486022776,24.787405921737882,1.4786559547105473,0.9145659732397129
63.45676574016658,10.419009758316632,24.697811806780294,1.4740518434614014,0.9245172299540796
63.45676574016658,10.419653030610485,24.60148045795114,1.4683501288377732,0.9335443969034146
63.45676574016658,10.42029630290434,24.494343449724163,1.461696078926734,0.9423331998967306
63.45676574016658,10.420939575198195,24.362941228117325,1.453900403452729,0.9528007617827534
63.45676574016658,10.421582847492049,24.213385087265753,1.4444820719018203,0.9630855229227078
63.45676574016658,10.422226119785904,24.041265004058758,1.4334616891135514,0.9728117263662723
63.45676574016658,10.422869392079757,23.85789249682224,1.4209217232360227,0.9805687593273213
63.45676574016658,10.423512664373613,23.671567632847136,1.4066447759133716,0.9863424302079621
63.45676574016658,10.424155936667466,23.49908710182199,1.3898916737823093,0.9907957089388159
63.45676574016658,10.424799208961321,23.341594178464486,1.370742768552073,0.9942547207342013
63.45676574016658,10.425442481255176,23.18802139141038,1.3490540089290166,0.9966447167695598
63.45676574016658,10.42608575354903,23.025874562819535,1.32479294741393,0.9981919211857915
63.45676574016658,10.426729025842885,22.81719611357963,1.2976813512870606,0.9992082581465294
63.45676574016658,10.427372298136738,22.543601509281736,1.267229931343224,0.9996149363378208
63.45676574016658,10.428015570430594,22.224834520547148,1.233133917799694,0.9998855862551047
63.45676574016658,10.428658842724449,21.86348727869335,1.1949386150800982,1.0000360824924537
63.45676574016658,10.429302115018302,21.48363965356892,1.1509858797986265,1.0000643284352275
63.45676574016658,10.429945387312157,21.086487828772338,1.098871483302929,0.9999551659916767
63.45676574016658,10.430588659606011,20.644879956993726,1.0361462861282642,0.999927919087682
63.45676574016658,10.431231931899866,20.201661729055967,0.9599779281503549,0.9999210325192268
63.45676574016658,10.43187520419372,19.792718608676214,0.8707009522534322,0.999947431792332
63.45676574016658,10.432518476487575,19.419009376626004,0.7664887873484901,0.9999172410820002
63.45676574016658,10.43316174878143,19.084331926472498,0.6516837743021258,0.999902831820716
63.45676574016658,10.433805021075283,18.791071652934495,0.5487898936329146,0.9999107345154838
63.45676574016658,10.434448293369138,,,
63.45676574016658,10.435091565662992,,,
63.45676574016658,10.435734837956847,,,
63.45701468870436,10.361436579223174,29.31689067497655,1.499999999989343,0.04670360426640117
63.45701468870436,10.362079857112409,29.30742399261319,1.5000000000036586,0.047302507791229416
63.45701468870436,10.362723135001643,29.296706583367264,1.4999999999999625,0.04802462431561077
63.45701468870436,10.363366412890876,29.283409334024633,1.4999999999997313,0.04894048899703757
63.45701468870436,10.364009690780112,29.270739121057545,1.4999999999988305,0.04980017139817223
63.45701468870436,10.364652968669345,29.258773957770753,1.4999999999985139,0.050602707638314
63.45701468870436,10.36529624655858,29.248508877519534,1.4999999999988431,0.05130009765901696
63.45701468870436,10.365939524447814,29.239268503009967,1.4999999999987395,0.05194072475238143
63.45701468870436,10.36658280233705,29.226682406971776,1.4999999999998392,0.0528431017637388
63.45701468870436,10.367226080226283,29.212465055273565,1.4999999999991889,0.0538812209464016
63.45701468870436,10.367869358115518,29.19778416646299,1.4999999999973066,0.05495583384616992
63.45701468870436,10.368512636004752,29.18389961628485,1.4999999999904081,0.05598099879713897
63.45701468870436,10.369155913893987,29.17271191821567,1.4999999999725775,0.05682793730248199
63.45701468870436,10.36979919178322,29.159783884371475,1.4999999999654074,0.05783612327692732
63.45701468870436,10.370442469672454,29.14289531047276,1.4999999999487788,0.05916566087100122
63.45701468870436,10.37108574756169,29.12260927885843,1.499999999977699,0.06078471418930131
63.45701468870436,10.371729025450923,29.09716392143169,1.5000000000447609,0.06283971875390192
63.45701468870436,10.372372303340159,29.0705082026941,1.500000000034323,0.06506152548193254
63.45701468870436,10.373015581229392,29.042015266328022,1.500000000039641,0.0675080175686024
63.45701468870436,10.373658859118628,29.015436519825048,1.4999999996688367,0.06982761258199154
63.45701468870436,10.374302137007861,28.991306093939375,1.4999999991874515,0.07199667659884879
63.45701468870436,10.374945414897097,28.96743477775342,1.4999999990559512,0.07419778271556693
63.45701468870436,10.37558869278633,28.942227061178418,1.4999999989517039,0.07659133635458612
63.45701468870436,10.376231970675565,28.90832581205229,1.500000001210215,0.07993844739974941
63.45701468870436,10.376875248564799,28.86879612794363,1.5000000026530738,0.08396601820679579
63.45701468870436,10.377518526454033,28.822365153172434,1.5000000024610438,0.08889551849795249
63.45701468870436,10.378161804343268,28.772199139391315,1.5000000003306995,0.09435440239398778
63.45701468870436,10.378805082232502,28.72659242798563,1.4999999889989981,0.09945653708167335
63.45701468870436,10.379448360121737,28.688854795022962,1.4999999895350682,0.10385617153540042
63.45701468870436,10.38009163801097,28.657393246042027,1.500000021223948,0.10777843746654225
63.45701468870436,10.394243751574127,27.51789141748741,1.4999955034935817,0.3161368960106106
63.45701468870436,10.394887029463362,27.471143329129617,1.4999942077839379,0.3273018396449908
63.45701468870436,10.395530307352596,27.42984527011061,1.4999923358031373,0.33733488727030975
63.45701468870436,10.396173585241831,27.394585846800112,1.4999896495121354,0.34595758182731623
63.45701468870436,10.396816863131065,27.35234482558413,1.499986123424998,0.35641119475992333
63.45701468870436,10.397460141020298,27.310947190752202,1.4999816334577878,0.36672247056898427
63.45701468870436,10.398103418909534,27.276792713266747,1.4999763247279527,0.37527934859395845
63.45701468870436,10.398746696798767,27.244082524694907,1.499969802746786,0.38355327301474806
63.45701468870436,10.399389974688003,27.216716635843856,1.4999615757157165,0.3905521847860622
63.45701468870436,10.400033252577236,27.185079005260086,1.499950102737354,0.3987076899202644
63.45701468870436,10.400676530466471,27.144483229957853,1.4999360809142495,0.4092256765159942
63.45701468870436,10.401319808355705,27.10376235478964,1.4999188821558278,0.41979978927535355
63.45701468870436,10.40196308624494,27.06248765911638,1.4998979706559272,0.4305391162194909
63.45701468870436,10.402606364134174,27.029309668737834,1.4998700039646928,0.43921791847248814
63.45701468870436,10.40324964202341,27.001252990721802,1.4998368387649144,0.4466032779302599
63.45701468870436,10.403892919912643,26.96411971734965,1.4997966465534722,0.45642189651309584
63.45701468870436,10.404536197801876,26.92033314919874,1.4997474279660665,0.46804074835231285
63.45701468870436,10.405179475691112,26.86307627054193,1.49968474845391,0.48323440812519725
63.45701468870436,10.405822753580345,26.799963095763452,1.4996104336578484,0.49999563429329485
63.45701468870436,10.40646603146958,26.730494904952373,1.499522484530008,0.518447829676362
63.45701468870436,10.407109309358814,26.65739284126354,1.4994135208621355,0.5378609423716424
63.45701468870436,10.40775258724805,26.59378560271163,1.499280727862672,0.5547740520830851
63.45701468870436,10.408395865137283,26.53173219540915,1.4991207459622968,0.5711384279531756
63.45701468870436,10.409039143026519,26.48156038878237,1.4989361378113482,0.5842498489199526
63.45701468870436,10.409682420915752,26.414517471670973,1.4987044478776164,0.601441016876732
63.45701468870436,10.410325698804987,26.318544871670728,1.4984276863370214,0.6257234341821581
63.45701468870436,10.410968976694221,26.21527443633073,1.498091343009693,0.6517264886581364
63.45701468870436,10.411612254583455,26.108438961486854,1.4977016764056263,0.678448399122542
63.45701468870436,10.41225553247269,26.016218809753347,1.4972097087196012,0.7004245014169059
63.45701468870436,10.412898810361924,25.93307393064921,1.4966228573318274,0.7192530191406391
63.45701468870436,10.413542088251159,25.82832958429659,1.4959105122471261,0.7419667833877185
63.45701468870436,10.414185366140392,25.71163507737585,1.4950568618555315,0.7659652537265301
63.45701468870436,10.414828644029628,25.58557190347544,1.493985149563755,0.7909049772394814
63.45701468870436,10.415471921918861,25.455124459083816,1.492699306046617,0.8155901246183256
63.45701468870436,10.416115199808097,25.31822256002561,1.4911531248643182,0.8385549064422604
63.45701468870436,10.41675847769733,25.172752601728398,1.489214551094682,0.8610364674199648
63.45701468870436,10.417401755586564,25.032564142460856,1.4868444307303244,0.8815423671503969
63.45701468870436,10.4180450334758,24.910697528843258,1.483996197859531,0.8986668318080898
63.45701468870436,10.418688311365033,24.820751397750854,1.4806175408729294,0.9106392988551306
63.45701468870436,10.419331589254268,24.731963246220158,1.476309654760607,0.9207753824742817
63.45701468870436,10.419974867143502,24.64797469318215,1.4712486280886417,0.9289101076735099
63.45701468870436,10.420618145032737,24.540643334563207,1.4652552564527384,0.9381408493726889
63.45701468870436,10.42126142292197,24.407711303013812,1.45823117178678,0.949126303975388
63.45701468870436,10.421904700811206,24.25018835009293,1.4497124618614354,0.9601105580230185
63.45701468870436,10.42254797870044,24.073514036469614,1.4400209782929536,0.9707253832018076
63.45701468870436,10.423191256589675,23.89510185440132,1.4288293725491494,0.9785968818326954
63.45701468870436,10.423834534478909,23.717603978633857,1.4160424876031927,0.9846549617548795
63.45701468870436,10.424477812368142,23.554680941287693,1.4010369888570862,0.9895936616507999
63.45701468870436,10.425121090257377,23.383296370522203,1.3839883903084373,0.9934494359655466
63.45701468870436,10.425764368146611,23.210354183639616,1.3645474325275477,0.9962413629371344
63.45701468870436,10.426407646035846,23.01347423768944,1.342806099571334,0.9981326090897492
63.45701468870436,10.42705092392508,22.754572601623355,1.3183571315968412,0.9991385522853803
63.45701468870436,10.427694201814315,22.458360026735008,1.2897560460239847,0.9996220778097087
63.45701468870436,10.428337479703549,22.124834893434127,1.2573595341118073,0.9999720785592365
63.45701468870436,10.428980757592784,21.775425847468828,1.2199633513404966,1.0001576640711696
63.45701468870436,10.429624035482018,21.419657906946412,1.1751719873589068,1.000045391729131
63.45701468870436,10.430267313371253,21.04165790201166,1.1229164798475924,0.9999075102124225
63.45701468870436,10.430910591260487,20.62304848758741,1.0600139304422591,0.9998661458242102
63.45701468870436,10.43155386914972,20.22714010769387,0.9851989461915429,0.9998841894694547
63.45701468870436,10.432197147038956,19.85392877024921,0.9008448661140908,0.9999144985982331
63.45701468870436,10.43284042492819,19.499630501007275,0.8003235523169551,0.999852312993661
63.45701468870436,10.433483702817425,19.162944724558383,0.6874694530915928,0.9998380211622818
63.45701468870436,10.434126980706658,,,
63.45701468870436,10.434770258595893,,,
63.45726363724214,10.361757912166011,29.321362997115596,1.5000000001227383,0.046202631132683886
63.45726363724214,10.362401195650735,29.32087648085302,1.5000000000017186,0.04640454385900678
63.45726363724214,10.363044479135457,29.308431362227196,1.500000000000175,0.04725195887357365
63.45726363724214,10.36368776262018,29.294611943057276,1.4999999999990068,0.04818436885563654
63.45726363724214,10.364331046104905,29.280998737074576,1.4999999999982647,0.049090366231254415
63.45726363724214,10.364974329589629,29.26743401594876,1.4999999999983518,0.04999759355739427
63.45726363724214,10.365617613074352,29.25515550638359,1.4999999999991467,0.05083221349934457
63.45726363724214,10.366260896559076,29.241253437395237,1.5000000000005147,0.05180613448379585
63.45726363724214,10.3669041800438,29.225986625089543,1.5000000000008458,0.05290069034860606
63.45726363724214,10.367547463528524,29.210694572327583,1.4999999999981275,0.05401132343397277
63.45726363724214,10.368190747013248,29.195908124210323,1.4999999999920126,0.055089520210241376
63.45726363724214,10.368834030497972,29.184069328722536,1.499999999975745,0.05596567378645984
63.45726363724214,10.369477313982696,29.172842148493626,1.4999999999638391,0.05681987130092591
63.45726363724214,10.37012059746742,29.158722999429095,1.4999999999709672,0.057922175522321144
63.45726363724214,10.370763880952143,29.139726628645374,1.4999999999971347,0.05942087220601024
63.45726363724214,10.371407164436867,29.115048842997773,1.500000000066966,0.061392915484326925
63.45726363724214,10.372050447921591,29.086652817370677,1.5000000000753282,0.06370899633534116
63.45726363724214,10.372693731406315,29.057400782885324,1.499999999969651,0.06616933777683354
63.45726363724214,10.373337014891039,29.028883155816253,1.499999999637789,0.0686309264632361
63.45726363724214,10.373980298375763,29.002860159625527,1.4999999991104898,0.07094256535763582
63.45726363724214,10.374623581860487,28.976803320391667,1.4999999990641866,0.07333943065284614
63.45726363724214,10.37526686534521,28.94986382525789,1.4999999996001507,0.07588202749837923
63.45726363724214,10.375910148829934,28.917045009658416,1.5000000019899193,0.07907646960694356
63.45726363724214,10.376553432314656,28.87900808221762,1.5000000043457704,0.0828910982026658
63.45726363724214,10.37719671579938,28.837310933630828,1.5000000027282367,0.0872245685337689
63.45726363724214,10.377839999284104,28.790851085326963,1.4999999976273735,0.09224035971593599
63.45726363724214,10.378483282768828,28.747120509264253,1.4999999819086163,0.09710568677237397
63.45726363724214,10.379126566253552,28.70656932607855,1.4999999739170755,0.10178545995459407
63.45726363724214,10.379769849738276,28.671197885690418,1.499999992159841,0.10606948267405118
63.45726363724214,10.380413133223,28.636901378159553,1.5000000693724935,0.11047051998791443
63.45726363724214,10.395208653371647,27.458820056978066,1.4999944292373675,0.3301990286646192
63.45726363724214,10.39585193685637,27.408422463636192,1.4999929046887788,0.34252061946968654
63.45726363724214,10.396495220341095,27.370162537608792,1.499990309655914,0.3519612771362061
63.45726363724214,10.397138503825818,27.33141182390502,1.4999868539692265,0.36159223266947643
63.45726363724214,10.397781787310542,27.297232364751896,1.4999828457038369,0.3701367782233938
63.45726363724214,10.398425070795266,27.264044499501303,1.4999782391438496,0.378500285349898
63.45726363724214,10.39906835427999,27.23027359143881,1.4999724256888143,0.3870947143230156
63.45726363724214,10.399711637764714,27.1965658884783,1.499964657954566,0.3957553953024748
63.45726363724214,10.400354921249438,27.155086280715707,1.4999545708782944,0.4064771264153607
63.45726363724214,10.400998204734162,27.11330413725257,1.4999422884205091,0.4173162679308901
63.45726363724214,10.401641488218885,27.074335838379305,1.4999271567116625,0.4274472572082797
63.45726363724214,10.40228477170361,27.042167413033276,1.499907651473533,0.4358376913555055
63.45726363724214,10.402928055188333,27.01701338300078,1.4998836282965489,0.4424386626151504
63.45726363724214,10.403571338673057,26.988817438790427,1.4998548757415973,0.4498874792844034
63.45726363724214,10.40421462215778,26.949663147391398,1.499819799611148,0.4602635112318208
63.45726363724214,10.404857905642503,26.89786774922626,1.499775001563587,0.47400328043479584
63.45726363724214,10.405501189127227,26.837943180284146,1.499721371566156,0.4899104742824412
63.45726363724214,10.40614447261195,26.775445773628753,1.4996572849908334,0.5065195868019607
63.45726363724214,10.406787756096675,26.71022058589741,1.4995797817203447,0.5238628340134571
63.45726363724214,10.407431039581398,26.64954661800271,1.4994829158970844,0.5400232461472343
63.45726363724214,10.408074323066122,26.58731542512708,1.4993683036554595,0.556513947371821
63.45726363724214,10.408717606550846,26.521336008805875,1.4992301201902951,0.5738001126766377
63.45726363724214,10.40936089003557,26.45318484307857,1.4990646185380254,0.5914067205675104
63.45726363724214,10.410004173520294,26.35964657343603,1.4988597587235246,0.6152085893133488
63.45726363724214,10.410647457005018,26.260015436012402,1.4986176232221302,0.6403577153351843
63.45726363724214,10.411290740489742,26.161338914637675,1.4983242236483374,0.6651518752752149
63.45726363724214,10.411934023974466,26.075392364243243,1.4979659166738006,0.6862950999156308
63.45726363724214,10.41257730745919,26.003381318215304,1.4975279958563894,0.7032512669626884
63.45726363724214,10.413220590943913,25.927059751162442,1.4970054056789721,0.7203815465160679
63.45726363724214,10.413863874428637,25.82781816237315,1.4963683706639874,0.7417488824697351
63.45726363724214,10.414507157913361,25.713885495468194,1.4955708023398793,0.7654511718103487
63.45726363724214,10.415150441398085,25.590152179546106,1.4946084788728573,0.7903880614568861
63.45726363724214,10.415793724882809,25.461307278499092,1.4934458428676862,0.8146722908369818
63.45726363724214,10.416437008367533,25.327367621872007,1.492014882111535,0.8371650717847501
63.45726363724214,10.417080291852256,25.191196821335648,1.4902255799924244,0.8584664069753302
63.45726363724214,10.417723575336979,25.059585842408374,1.488091686092291,0.8779324333652323
63.45726363724214,10.418366858821702,24.945658977288147,1.4855126990249894,0.8942096618483604
63.45726363724214,10.419010142306426,24.85548625723868,1.4823455305813866,0.9063445433024134
63.45726363724214,10.41965342579115,24.774619931091596,1.4784923568065524,0.9159604627773372
63.45726363724214,10.420296709275874,24.68907993038373,1.4739885093472391,0.9245995134326239
63.45726363724214,10.420939992760598,24.5773816427069,1.468639692637477,0.9346673671793496
63.45726363724214,10.421583276245322,24.436057731733065,1.462208265375204,0.9462301266113079
63.45726363724214,10.422226559730046,24.27307977066595,1.4547157637656805,0.9580129266297361
63.45726363724214,10.42286984321477,24.10266666575402,1.4461361178035779,0.9687161828861037
63.45726363724214,10.423513126699493,23.93374244919855,1.4362009401210911,0.9766931184523597
63.45726363724214,10.424156410184217,23.77177200182701,1.4245320280911524,0.9831270849133038
63.45726363724214,10.424799693668941,23.60209586966944,1.4112125333948273,0.9883498555183151
63.45726363724214,10.425442977153665,23.415975264998014,1.396053633452382,0.9925461626434634
63.45726363724214,10.426086260638389,23.216477065940644,1.3787077315214464,0.9957343161897869
63.45726363724214,10.426729544123113,22.96913016389834,1.3590148368438135,0.9978504694443063
63.45726363724214,10.427372827607837,22.691151183640976,1.336327687542839,0.9990056005951297
63.45726363724214,10.42801611109256,22.391037814384525,1.3094851322824872,0.9996234093915187
63.45726363724214,10.428659394577284,22.070305155312333,1.2781023625697296,1.0000615629007552
63.45726363724214,10.429302678062008,21.74567449406223,1.2401498070785573,1.0001658406619018
63.45726363724214,10.429945961546732,21.411447574641375,1.1961842581870594,1.000042331126331
63.45726363724214,10.430589245031456,21.054992505072548,1.1451811035161445,0.9999069534057254
63.45726363724214,10.431232528516178,20.687524915906714,1.0844291520849465,0.9998798193938653
63.45726363724214,10.431875812000902,20.333042527145423,1.0156027028385093,0.9999147058709075
63.45726363724214,10.432519095485626,19.97660407752334,0.9377259528266465,0.9999365416283681
63.45726363724214,10.43316237897035,19.62755232156474,0.8437771900130585,0.999868636932975
63.45726363724214,10.433805662455073,,,
63.45726363724214,10.434448945939797,,,
63.457512585779924,10.362079250698404,,,
63.457512585779924,10.362722539778726,29.332657157303387,1.499999999993791,0.04565449833129751
63.457512585779924,10.363365828859049,29.319033243215678,1.4999999999987672,0.046550319278890286
63.457512585779924,10.364009117939371,29.30390151011156,1.4999999999977949,0.04755396207645485
63.457512585779924,10.364652407019694,29.288631249143673,1.4999999999975484,0.04856510981626989
63.457512585779924,10.365295696100016,29.273509200324263,1.4999999999982196,0.049577031312391065
63.457512585779924,10.365938985180339,29.258190206223084,1.499999999999858,0.05062824138385426
63.457512585779924,10.366582274260661,29.241445545948704,1.500000000001063,0.051808381234992616
63.457512585779924,10.367225563340984,29.224326167590803,1.5000000000001261,0.05303387659263652
63.457512585779924,10.367868852421307,29.2077710508402,1.4999999999953553,0.054229867032500476
63.457512585779924,10.368512141501629,29.193945031755902,1.4999999999834885,0.055236313573229584
63.457512585779924,10.369155430581953,29.182251254994103,1.4999999999699394,0.05610331172700915
63.457512585779924,10.369798719662276,29.169606332989026,1.4999999999687041,0.05706822009412634
63.457512585779924,10.370442008742598,29.153347238231195,1.4999999999917373,0.058337006006205235
63.457512585779924,10.37108529782292,29.130512160359757,1.5000000000521165,0.06015096788033757
63.457512585779924,10.371728586903243,29.102813406212917,1.5000000000884608,0.06238996391481583
63.457512585779924,10.372371875983566,29.072557089759854,1.5000000000219542,0.06489166892132986
63.457512585779924,10.373015165063888,29.041972473907464,1.499999999770932,0.0674998657582778
63.457512585779924,10.373658454144211,29.01366068077481,1.4999999992897126,0.06998716802652245
63.457512585779924,10.374301743224533,28.986160158339192,1.49999999903841,0.07248379584110254
63.457512585779924,10.374945032304856,28.957741808173207,1.499999999522551,0.07514611700479959
63.457512585779924,10.375588321385179,28.926323612318402,1.5000000013224322,0.07817445587267594
63.457512585779924,10.376231610465503,28.890002236782365,1.5000000039083907,0.08177725478192552
63.457512585779924,10.376874899545825,28.849652594997814,1.5000000041022026,0.08591088876965888
63.457512585779924,10.377518188626148,28.806362870522307,1.4999999987720347,0.09051354568777031
63.457512585779924,10.37816147770647,28.76318343602458,1.4999999833915258,0.09527114546076217
63.457512585779924,10.378804766786793,28.72283828268455,1.4999999670825568,0.0998736076260108
63.457512585779924,10.379448055867115,28.68543592573996,1.4999999696678443,0.10432381289007593
63.457512585779924,10.380091344947438,28.65149488547643,1.5000000086049172,0.10857262163417293
63.457512585779924,10.395530282875182,27.444069571778844,1.4999948600372597,0.33378415097357483
63.457512585779924,10.396173571955504,27.397872109351564,1.499993341662838,0.34505710850135546
63.457512585779924,10.396816861035827,27.352442070788985,1.4999910759072153,0.3563153008008075
63.457512585779924,10.397460150116151,27.31720435434029,1.4999880101138388,0.3651065805151917
63.457512585779924,10.398103439196474,27.283863298407738,1.4999845810773251,0.3734851111431991
63.457512585779924,10.398746728276796,27.250265164506587,1.4999803485381205,0.3820034570579138
63.457512585779924,10.399390017357119,27.214454464638052,1.499974946403336,0.39116559513108695
63.457512585779924,10.400033306437441,27.17384424314467,1.4999681834271879,0.4016311768044843
63.457512585779924,10.400676595517764,27.131040364071165,1.4999594122395241,0.41271090136979266
63.457512585779924,10.401319884598086,27.090309282246796,1.4999482931092973,0.4232856353957047
63.457512585779924,10.401963173678409,27.05615710945809,1.4999347127483647,0.4321761562302908
63.457512585779924,10.402606462758731,27.03006718704392,1.499918106019843,0.43899997778067346
63.457512585779924,10.403249751839054,27.004900806724415,1.499897257709086,0.44563101170593283
63.457512585779924,10.403893040919376,26.972956702161447,1.4998714251198906,0.4540904260422893
63.457512585779924,10.4045363299997,26.928425787350093,1.4998405288841377,0.46589837109822346
63.457512585779924,10.405179619080023,26.874935811740826,1.4998026642241677,0.48009195457284626
63.457512585779924,10.405822908160346,26.816261413889794,1.4997558673600455,0.495676424249357
63.457512585779924,10.406466197240668,26.75738363520785,1.4996988539224327,0.5113375544775618
63.457512585779924,10.40710948632099,26.69950947449783,1.499631419267775,0.5267610381863884
63.457512585779924,10.407752775401313,26.640161213918965,1.499548760656963,0.5425404005281166
63.457512585779924,10.408396064481636,26.576634381151564,1.4994475225020036,0.5592846284890691
63.457512585779924,10.409039353561958,26.5053134368342,1.4993254512145167,0.577854191168921
63.457512585779924,10.40968264264228,26.417674933827662,1.49918086140303,0.6003295922399646
63.457512585779924,10.410325931722603,26.319400797335515,1.4990028084698508,0.6252840620825885
63.457512585779924,10.410969220802926,26.220898149905402,1.4987848004897713,0.6501216648394449
63.457512585779924,10.41161250988325,26.13344280139009,1.4985235741629608,0.6720226717262306
63.457512585779924,10.412255798963573,26.063500628478206,1.4982089091223474,0.6891477547343574
63.457512585779924,10.412899088043895,25.99702884071684,1.4978191192007433,0.7046618390486975
63.457512585779924,10.413542377124218,25.91927702460701,1.4973394144972152,0.72196783300465
63.457512585779924,10.41418566620454,25.82032145783589,1.4967654593343156,0.7435496112191344
63.457512585779924,10.414828955284863,25.70949019242101,1.496061894653272,0.7671517078609469
63.457512585779924,10.415472244365185,25.590141787715037,1.4951870024582914,0.7912397525997249
63.457512585779924,10.416115533445508,25.467504365632266,1.4941095627308887,0.8139538375723737
63.457512585779924,10.41675882252583,25.339837832378322,1.4928227126149674,0.8353930513726234
63.457512585779924,10.417402111606153,25.210495638363845,1.4912364634518032,0.8556774621207893
63.457512585779924,10.418045400686475,25.089832038851803,1.4892821376824072,0.8737462500154238
63.457512585779924,10.418688689766798,24.985800430297836,1.486912902768067,0.8889280315216167
63.457512585779924,10.419331978847122,24.89927816289375,1.4841105414065017,0.9008985723239495
63.457512585779924,10.419975267927445,24.816101470834568,1.480708078276721,0.9110219850684041
63.457512585779924,10.420618557007767,24.71992927046126,1.4766147823885454,0.9210688237914425
63.457512585779924,10.42126184608809,24.59673661478687,1.471796763100758,0.9325595349290663
63.457512585779924,10.421905135168412,24.451796802727046,1.4661741689898236,0.944850994095708
63.457512585779924,10.422548424248735,24.293894836890836,1.4595427898097453,0.9567492926716722
63.457512585779924,10.423191713329057,24.13398581773505,1.451788692932719,0.966965217868295
63.457512585779924,10.42383500240938,23.9787770088849,1.4428946488146874,0.9747485308606587
63.457512585779924,10.424478291489702,23.815375116031394,1.4326016577042324,0.9813445221692277
63.457512585779924,10.425121580570025,23.63860457423809,1.4206694361154222,0.9868082726451648
63.457512585779924,10.425764869650347,23.440105522435182,1.4069496856495491,0.9913808901263544
63.457512585779924,10.426408158730672,23.211806367427133,1.3914373075868027,0.9948616486636966
63.457512585779924,10.427051447810994,22.95164100447692,1.373443821809769,0.9971870758565743
63.457512585779924,10.427694736891317,22.66890682302371,1.3520590081898076,0.9986883405880818
63.457512585779924,10.42833802597164,22.374621971838536,1.3265142418899423,0.9996215413920873
63.457512585779924,10.428981315051962,22.080105440782052,1.2959308228122977,1.00003286330346
63.457512585779924,10.429624604132284,21.77898051249847,1.259539371851327,1.0001424547497555
63.457512585779924,10.430267893212607,21.465518429017376,1.2170938247373915,1.0000969306154683
63.457512585779924,10.43091118229293,21.136122173501096,1.1692331583459745,1.000019680584062
63.457512585779924,10.431554471373252,20.8034481215377,1.1161443487427836,1.0000393994438297
63.457512585779924,10.432197760453574,20.46881202062511,1.0550227346921994,1.0000915431363702
63.457512585779924,10.432841049533897,20.12991453525611,0.9839975574299282,1.000090719026553
63.457512585779924,10.433484338614221,,,
63.45776153431771,10.363043889496547,29.341364156881628,1.4999999999858142,0.045114641920640935
63.45776153431771,10.363687184172578,29.32702304913993,1.4999999999971114,0.04602577051473684
63.45776153431771,10.36433047884861,29.310264749012997,1.4999999999962466,0.047127973884229235
63.45776153431771,10.36497377352464,29.293430701631355,1.4999999999963443,0.0482402665709449
63.45776153431771,10.365617068200672,29.27780051053966,1.4999999999984368,0.04928050854234929
63.45776153431771,10.366260362876703,29.260656675543977,1.499999999999656,0.05046435779434232
63.45776153431771,10.366903657552735,29.24168501733846,1.5000000000003242,0.05180528135883457
63.45776153431771,10.367546952228764,29.22260018283447,1.4999999999978526,0.05316729736818172
63.45776153431771,10.368190246904796,29.202830732661464,1.4999999999941618,0.05459987135769869
63.45776153431771,10.368833541580827,29.18799706984771,1.4999999999831561,0.05568265514884893
63.45776153431771,10.369476836256858,29.175586670728723,1.4999999999740772,0.0566051172236388
63.45776153431771,10.37012013093289,29.16150485818938,1.4999999999831084,0.057680512372449214
63.45776153431771,10.37076342560892,29.144297202705495,1.4999999999969282,0.05903235410715295
63.45776153431771,10.371406720284952,29.1183384387827,1.5000000000462754,0.06111861799336793
63.45776153431771,10.372050014960983,29.08817915846626,1.5000000000426055,0.06358992718250342
63.45776153431771,10.372693309637013,29.05558461103668,1.4999999999353666,0.06635038664453086
63.45776153431771,10.373336604313044,29.022689483086538,1.499999999742798,0.06921361150624258
63.45776153431771,10.373979898989075,28.9935971692817,1.4999999993464592,0.07181972308936614
63.45776153431771,10.374623193665107,28.965069642634585,1.499999999433094,0.07445569363843155
63.45776153431771,10.375266488341138,28.935425965085706,1.4999999999867657,0.07727893170555944
63.45776153431771,10.37590978301717,28.900695829590607,1.5000000013549117,0.08070477253000442
63.45776153431771,10.3765530776932,28.86180442819479,1.5000000030980611,0.0846411757435991
63.45776153431771,10.37719637236923,28.820393889074175,1.5000000005853347,0.08899427402351161
63.45776153431771,10.377839667045262,28.775581906724945,1.499999995577879,0.09392550857383944
63.45776153431771,10.378482961721293,28.73224422379718,1.4999999823882355,0.09881050274514153
63.45776153431771,10.379126256397324,28.693343924672742,1.4999999717530113,0.10335317797514666
63.45776153431771,10.379769551073355,28.663207901574363,1.4999999823868306,0.10705058228993448
63.45776153431771,10.396495212650162,27.391184734307593,1.4999937357523596,0.34667818573593884
63.45776153431771,10.397138507326193,27.342317040464835,1.4999918033782542,0.35881230411918974
63.45776153431771,10.397781802002225,27.30554162416511,1.4999891351216834,0.368007333066449
63.45776153431771,10.398425096678256,27.273128655609888,1.4999860950490385,0.3761952717452764
63.45776153431771,10.399068391354287,27.236406282455615,1.4999821191022116,0.38554503805207596
63.45776153431771,10.399711686030319,27.19850626804531,1.4999773516105306,0.39526779092256925
63.45776153431771,10.40035498070635,27.15703320100186,1.4999714674292715,0.4059726656648651
63.45776153431771,10.40099827538238,27.114645886832914,1.499963675391608,0.4169561927155825
63.45776153431771,10.40164157005841,27.07775161715948,1.499953717276849,0.4265418596353907
63.45776153431771,10.402284864734442,27.045710423544747,1.4999418000168065,0.434904497343252
63.45776153431771,10.402928159410473,27.02063499294217,1.4999276084897417,0.441487878936842
63.45776153431771,10.403571454086505,26.991923426419692,1.4999091531364954,0.44907353736253064
63.45776153431771,10.404214748762536,26.949009911175576,1.4998865054766335,0.4604403812230134
63.45776153431771,10.404858043438567,26.899799751483123,1.4998594829826835,0.4734912832294058
63.45776153431771,10.405501338114599,26.846054557086514,1.4998271308298028,0.48775739585048516
63.45776153431771,10.406144632790628,26.793436630665408,1.4997857245459822,0.5017457720346344
63.45776153431771,10.40678792746666,26.747746805115483,1.4997360856128634,0.5139072985481482
63.45776153431771,10.40743122214269,26.693293137094432,1.4996773168949407,0.5284081786503969
63.45776153431771,10.408074516818722,26.634117242974817,1.4996058599574114,0.5440993947407277
63.45776153431771,10.408717811494753,26.56545439058129,1.4995160677055372,0.5621088516918125
63.45776153431771,10.409361106170785,26.489646428506532,1.4994084545719502,0.5818611337272083
63.45776153431771,10.410004400846816,26.39879418245471,1.4992825113445525,0.6051315422983948
63.45776153431771,10.410647695522846,26.299471966477007,1.4991252987585852,0.6303274621677979
63.45776153431771,10.411290990198877,26.206357711736256,1.4989305967683775,0.653813229827107
63.45776153431771,10.411934284874908,26.124905433992122,1.498696186272184,0.6741368046058293
63.45776153431771,10.41257757955094,26.061131557361776,1.4984197370044823,0.6896502275531929
63.45776153431771,10.41322087422697,25.992249929481883,1.4980669947267105,0.7055638354289042
63.45776153431771,10.413864168903002,25.89818526342476,1.4976351831244676,0.7264899421571475
63.45776153431771,10.414507463579033,25.79394978787269,1.497115661389474,0.7493621242544027
63.45776153431771,10.415150758255065,25.685878287625066,1.4964887286562316,0.7726172642376676
63.45776153431771,10.415794052931094,25.57858145810029,1.4956822277104749,0.793954894245155
63.45776153431771,10.416437347607125,25.478925822653594,1.4947119000060403,0.8119677129268158
63.45776153431771,10.417080642283157,25.361367419170072,1.4935548284633549,0.8316606441496031
63.45776153431771,10.417723936959188,25.241410291106074,1.4921301262284288,0.8505495615940337
63.45776153431771,10.41836723163522,25.133169912765005,1.490333781734601,0.8673107411715006
63.45776153431771,10.41901052631125,25.026937840483935,1.4882166152848595,0.8834747024321641
63.45776153431771,10.419653820987282,24.937875689292223,1.4857399258928465,0.8960302630328398
63.45776153431771,10.420297115663312,24.84707231553901,1.4826963935824982,0.907221242893748
63.45776153431771,10.420940410339343,24.73046776439762,1.4790131797130717,0.9195108962771137
63.45776153431771,10.421583705015374,24.59579447377158,1.4747224336475324,0.9324915369296115
63.45776153431771,10.422226999691405,24.4513835762517,1.4697877101488952,0.9453194252306679
63.45776153431771,10.422870294367437,24.305708348968857,1.4638657102446189,0.9565456345503202
63.45776153431771,10.423513589043468,24.180171808095327,1.4569788224344322,0.9641943608162156
63.45776153431771,10.4241568837195,24.034552407963595,1.4489801709964778,0.9715329852983037
63.45776153431771,10.42480017839553,23.869922328996225,1.4398489206510408,0.9782658153490111
63.45776153431771,10.42544347307156,23.681088822579852,1.4290955678738304,0.9843860529515064
63.45776153431771,10.426086767747591,23.464084494697524,1.4166182844147681,0.9902757891816759
63.45776153431771,10.426730062423623,23.232186563135834,1.4023333336107706,0.9940873583463689
63.45776153431771,10.427373357099654,22.967818814812894,1.385727761549296,0.9967091062427011
63.45776153431771,10.428016651775685,22.689717059614214,1.3655034808911453,0.9985701698672216
63.45776153431771,10.428659946451717,22.41930467496221,1.341494995808,0.9996678288968551
63.45776153431771,10.429303241127748,22.14833093764781,1.3124215228138634,1.0001989317740219
63.45776153431771,10.429946535803778,21.865914942239773,1.2777126379305566,1.0003567381267224
63.45776153431771,10.430589830479809,21.563222384905526,1.2375556039159772,1.0002027639040736
63.45776153431771,10.43123312515584,21.26016614595429,1.1957363162669725,1.000257276675681
63.45776153431771,10.431876419831871,20.9507790373923,1.150508745394179,1.0004348784550294
63.45776153431771,10.432519714507903,20.63436475743358,1.0967731007501902,1.0005160448457326
63.45776153431771,10.433163009183934,,,
63.45801048285549,10.363365244804363,29.342519495516417,1.5000000000915397,0.0449384271363221
63.45801048285549,10.364008545076212,29.331933945185018,1.4999999999954654,0.045711418621790456
63.45801048285549,10.364651845348062,29.313906877279734,1.499999999995358,0.04688973974203416
63.45801048285549,10.36529514561991,29.297479192438317,1.4999999999976688,0.04795971461995474
63.45801048285549,10.365938445891759,29.280680706004205,1.4999999999984723,0.04907969621809764
63.45801048285549,10.366581746163607,29.261302999743446,1.4999999999992923,0.05042533176884958
63.45801048285549,10.367225046435458,29.24028357995924,1.499999999998723,0.0519097150060947
63.45801048285549,10.367868346707306,29.217530299511182,1.4999999999979678,0.05354368989264619
63.45801048285549,10.368511646979155,29.19596911023327,1.4999999999948617,0.05511193200089336
63.45801048285549,10.369154947251005,29.180259233321394,1.4999999999845584,0.05626075363955897
63.45801048285549,10.369798247522853,29.166016484262155,1.4999999999830014,0.05732230456573782
63.45801048285549,10.370441547794702,29.151959052127424,1.4999999999787006,0.05839601004980478
63.45801048285549,10.37108484806655,29.131986536831818,1.4999999999895277,0.05999609327985311
63.45801048285549,10.3717281483384,29.103327802298796,1.5000000000229774,0.06233492841662755
63.45801048285549,10.372371448610249,29.07102079550521,1.4999999999885187,0.06505366706474547
63.45801048285549,10.373014748882097,29.034904920025046,1.4999999999547156,0.068168647074323
63.45801048285549,10.373658049153947,29.001930871088334,1.499999999781777,0.07108105845405982
63.45801048285549,10.374301349425796,28.97273761842566,1.4999999995761912,0.07373750940118834
63.45801048285549,10.374944649697644,28.943721943049596,1.4999999996983715,0.07645801870176037
63.45801048285549,10.375587949969493,28.912146997906262,1.4999999998527185,0.0795366034377589
63.45801048285549,10.376231250241343,28.875007753348623,1.5000000009469021,0.08328295241422863
63.45801048285549,10.376874550513191,28.83507797819721,1.5000000007755216,0.08743616556144007
63.45801048285549,10.37751785078504,28.791471753419213,1.4999999988772685,0.09220114851873824
63.45801048285549,10.37816115105689,28.746094736337163,1.4999999956535408,0.09729220322561548
63.45801048285549,10.378804451328739,28.7033853976057,1.499999985679618,0.10218718763085964
63.45801048285549,10.379447751600587,28.671419425200448,1.4999999811376865,0.10599285794902381
63.45801048285549,10.39681685894051,27.37960061553031,1.4999943230191528,0.34957418903214393
63.45801048285549,10.397460159212358,27.335563348391116,1.4999924754877898,0.3604987536711058
63.45801048285549,10.398103459484206,27.298608237838792,1.4999901279548007,0.36976061241128844
63.45801048285549,10.398746759756056,27.261286864955117,1.4999872386029114,0.37920497073978354
63.45801048285549,10.399390060027905,27.222040421541394,1.4999838437994062,0.3892219843346525
63.45801048285549,10.400033360299753,27.18442831014061,1.4999796377404289,0.398885986236664
63.45801048285549,10.400676660571602,27.14377940038874,1.4999744176302754,0.40939059829505137
63.45801048285549,10.401319960843452,27.106484023529628,1.4999673382487695,0.4190584609724155
63.45801048285549,10.4019632611153,27.072496487097006,1.499958838701394,0.42790587461065993
63.45801048285549,10.402606561387149,27.03991764688976,1.499948409039322,0.43643262048488657
63.45801048285549,10.403249861658999,27.011031188572726,1.4999358656856079,0.44403799605310446
63.45801048285549,10.403893161930847,26.969395405006626,1.4999195344146994,0.4550431789051961
63.45801048285549,10.404536462202696,26.920605022990625,1.4999001542433492,0.46797137111482334
63.45801048285549,10.405179762474544,26.87079637962513,1.499876681427181,0.4811829246385015
63.45801048285549,10.405823062746395,26.822441625570484,1.4998479602690065,0.4940263376439684
63.45801048285549,10.406466363018243,26.783865851423464,1.49981208076424,0.5042890976729961
63.45801048285549,10.407109663290091,26.742872965296407,1.4997690188481692,0.5151982233628742
63.45801048285549,10.407752963561942,26.68980694733714,1.499718008917625,0.529316236010716
63.45801048285549,10.40839626383379,26.626577320767847,1.4996540469563335,0.5460065802203273
63.45801048285549,10.409039564105639,26.553659433872667,1.4995763770710897,0.5651738453884351
63.45801048285549,10.409682864377487,26.476939990117184,1.4994814144490984,0.5851642003991742
63.45801048285549,10.410326164649337,26.385855604731514,1.4993705494903018,0.6084876824011098
63.45801048285549,10.410969464921186,26.294787565688114,1.4992285281569036,0.6316389470770267
63.45801048285549,10.411612765193034,26.20776194740665,1.4990581056070333,0.6535994219203137
63.45801048285549,10.412256065464883,26.127912769509106,1.4988484134493105,0.6733569271881598
63.45801048285549,10.412899365736733,26.059680370157043,1.4985988319476944,0.689729841106127
63.45801048285549,10.413542666008581,25.96913871770881,1.498278662907404,0.7104570476301512
63.45801048285549,10.41418596628043,25.867294579503245,1.4978953281120833,0.7331353149855532
63.45801048285549,10.41482926655228,25.765038423637115,1.497427422332902,0.7556846211579856
63.45801048285549,10.415472566824128,25.66800495035199,1.496847643047471,0.7763260971099472
63.45801048285549,10.416115867095977,25.584463573365827,1.4961243186101516,0.7926294470516367
63.45801048285549,10.416759167367825,25.498678601242943,1.4952568884545592,0.8081817037070432
63.45801048285549,10.417402467639675,25.392286716142948,1.4942165507863758,0.826072802368357
63.45801048285549,10.418045767911524,25.287473498412275,1.4928959793203422,0.8431468982641408
63.45801048285549,10.418689068183372,25.17790061788259,1.4913174644140859,0.8609767349543463
63.45801048285549,10.419332368455223,25.067121398051743,1.4894298405071635,0.8780088059190481
63.45801048285549,10.419975668727071,24.97079767774048,1.4872187665070051,0.8916330199118873
63.45801048285549,10.42061896899892,24.856902198310916,1.484455057991591,0.9053975104011829
63.45801048285549,10.421262269270768,24.725407363919828,1.481243395655012,0.9193539597613065
63.45801048285549,10.421905569542618,24.59180999687038,1.4774361014277364,0.9327376714420402
63.45801048285549,10.422548869814467,24.458138158923767,1.4730415589896217,0.9449965601244474
63.45801048285549,10.423192170086315,24.347438293866173,1.4677631997168294,0.9535501249081466
63.45801048285549,10.423835470358165,24.238581849199953,1.4616779700033216,0.9603474477526203
63.45801048285549,10.424478770630014,24.09518211886093,1.454516847729135,0.9678248695849561
63.45801048285549,10.425122070901862,23.922463685999553,1.44627045730797,0.9751971452613768
63.45801048285549,10.42576537117371,23.71645205672292,1.4364840565689623,0.9827975632862315
63.45801048285549,10.42640867144556,23.497227941776604,1.425080846351023,0.9892682437295296
63.45801048285549,10.42705197171741,23.26522990181765,1.4119921051431588,0.9933868019083105
63.45801048285549,10.427695271989258,23.010466886881236,1.39627632730837,0.9964002503879744
63.45801048285549,10.428338572261108,22.759571347330017,1.377645331660327,0.9983367361439703
63.45801048285549,10.428981872532956,22.507872906347167,1.3550291056303734,0.9995654870329468
63.45801048285549,10.429625172804805,22.251706878701555,1.3274708098358425,1.0001913513441685
63.45801048285549,10.430268473076653,21.974733680643592,1.2947905845376855,1.000340981822002
63.45801048285549,10.430911773348504,21.693903197627918,1.2591471728572985,1.0000999298719968
63.45801048285549,10.431555073620352,21.415156782877734,1.224227317221901,1.000409622279189
63.45801048285549,10.4321983738922,21.12648443342113,1.1860152599038492,1.000764816006682
63.45825943139327,10.363686605702338,29.317181099829174,1.5000000010700565,0.04605520846164731
63.45825943139327,10.364329911570113,29.334406376674426,1.4999999999969844,0.045557833560216775
63.45825943139327,10.36497321743789,29.317297301773205,1.4999999999987648,0.04665315938611227
63.45825943139327,10.365616523305667,29.300346224221666,1.4999999999985678,0.04775228219477418
63.45825943139327,10.366259829173442,29.28133841296064,1.4999999999984424,0.04903151179006189
63.45825943139327,10.36690313504122,29.25951777360176,1.4999999999986997,0.05055174845107957
63.45825943139327,10.367546440908995,29.235113174239803,1.4999999999997558,0.05228833745477066
63.45825943139327,10.368189746776771,29.210408291091785,1.499999999999803,0.05407130470342409
63.45825943139327,10.368833052644549,29.18829671028758,1.4999999999956537,0.0556809135974489
63.45825943139327,10.369476358512324,29.17126985503294,1.4999999999867895,0.05692767501033675
63.45825943139327,10.3701196643801,29.15620907237607,1.4999999999732576,0.058051807687803145
63.45825943139327,10.370762970247878,29.13944266186941,1.499999999967414,0.05936868476568642
63.45825943139327,10.371406276115653,29.116311500940945,1.4999999999826712,0.061260971992292614
63.45825943139327,10.372049581983429,29.085171812425813,1.5000000000102847,0.06386832264299026
63.45825943139327,10.372692887851207,29.049708017128474,1.5000000000419988,0.06690653832341302
63.45825943139327,10.373336193718982,29.014023460225427,1.5000000000069826,0.0700195511293675
63.45825943139327,10.373979499586758,28.982225136959734,1.4999999998291373,0.07286189216337997
63.45825943139327,10.374622805454536,28.953052578535825,1.4999999996124094,0.07555042505649524
63.45825943139327,10.375266111322311,28.92301349799046,1.4999999994040534,0.07843070966018266
63.45825943139327,10.375909417190087,28.88996402720885,1.499999999555512,0.08173715480824213
63.45825943139327,10.376552723057864,28.851683838903945,1.5000000001796179,0.08569813901819691
63.45825943139327,10.37719602892564,28.809213681540808,1.5000000005722385,0.09029157973536345
63.45825943139327,10.377839334793416,28.76460507612908,1.500000000298392,0.09525495295400903
63.45825943139327,10.378482640661193,28.720349533442192,1.4999999979308467,0.10027287089016503
63.45825943139327,10.37912594652897,28.682140694182046,1.4999999912650075,0.10469487854107098
63.45825943139327,10.397138510826707,27.36838009943613,1.4999949855320813,0.3523981006608512
63.45825943139327,10.397781816694483,27.327946102562557,1.4999931455564652,0.36242114907648115
63.45825943139327,10.398425122562259,27.28820135607003,1.4999909629757087,0.37239787529479507
63.45825943139327,10.399068428430036,27.24850953902441,1.4999884377026869,0.38245705153468573
63.45825943139327,10.399711734297812,27.210201867095066,1.4999854713937573,0.3922465091155562
63.45825943139327,10.400355040165588,27.17367474698345,1.4999817813999439,0.40164406983455336
63.45825943139327,10.400998346033365,27.138034629553733,1.4999769443077768,0.4108563530783731
63.45825943139327,10.40164165190114,27.104401431303504,1.4999708548717827,0.41958661871167663
63.45825943139327,10.402284957768916,27.069845835157253,1.4999634619662765,0.42860370571938505
63.45825943139327,10.402928263636694,27.034501748746752,1.4999544473888304,0.43787535686822265
63.45825943139327,10.40357156950447,26.992490936714972,1.49994293561246,0.4489512501198571
63.45825943139327,10.404214875372245,26.944321272243236,1.4999289668941553,0.4616900524672316
63.45825943139327,10.404858181240023,26.895886914502395,1.499912218910384,0.47452372166484524
63.45825943139327,10.405501487107799,26.850199657312444,1.4998917211597902,0.4866451762726786
63.45825943139327,10.406144792975574,26.813531014140164,1.4998659344273269,0.49638823320067893
63.45825943139327,10.406788098843352,26.778877840571468,1.4998349814785852,0.5056081254645657
63.45825943139327,10.407431404711128,26.737745703896046,1.4997978183416174,0.5165539034804629
63.45825943139327,10.408074710578903,26.682694650962397,1.4997522152928535,0.5311696602392616
63.45825943139327,10.40871801644668,26.617385280175913,1.4996955387473083,0.548450572103985
63.45825943139327,10.409361322314457,26.54470965001429,1.4996275942567996,0.5675678969206096
63.45825943139327,10.410004628182234,26.467648351706192,1.4995451415633374,0.587637810379848
63.45825943139327,10.41064793405001,26.38491640910803,1.4994434127142588,0.608914059976171
63.45825943139327,10.411291239917785,26.301784708785327,1.499317865702196,0.630115940056719
63.45825943139327,10.411934545785563,26.2160563532773,1.499166608240337,0.6516055938050664
63.45825943139327,10.412577851653339,26.13280849169567,1.4989820934269407,0.6719887398579438
63.45825943139327,10.413221157521114,26.040952450794062,1.4987491221749694,0.6935897567122556
63.45825943139327,10.413864463388892,25.940335770353038,1.498465303688102,0.716546684853015
63.45825943139327,10.414507769256668,25.841483259930737,1.4981223927948855,0.7386622258484827
63.45825943139327,10.415151075124443,25.749165175900817,1.4976988616459463,0.7590068084642974
63.45825943139327,10.41579438099222,25.671981186847255,1.4971662033771986,0.7752082633466189
63.45825943139327,10.416437686859997,25.601816898976573,1.496523952944353,0.7890241446274747
63.45825943139327,10.417080992727772,25.526212686686645,1.495749309162411,0.8028876833256778
63.45825943139327,10.41772429859555,25.43411414909409,1.4947910932817672,0.8188515351077277
63.45825943139327,10.418367604463326,25.3320152963643,1.4936141918335188,0.8363520463958326
63.45825943139327,10.419010910331101,25.21961038036094,1.4922173259746407,0.8548587049513987
63.45825943139327,10.419654216198879,25.10362035593872,1.4905490283429539,0.8726979095392432
63.45825943139327,10.420297522066654,24.98605943718659,1.488519748405108,0.8887540268191655
63.45825943139327,10.42094082793443,24.855822054644786,1.486094216099086,0.9043688091128947
63.45825943139327,10.421584133802208,24.726733430128824,1.4832620551186335,0.918602994612248
63.45825943139327,10.422227439669983,24.603712702693088,1.4799277374330084,0.9314699206107322
63.45825943139327,10.42287074553776,24.50003941030965,1.475939499264392,0.94146520431432
63.45825943139327,10.423514051405537,24.40525503410163,1.4712810865545207,0.9492626383549362
63.45825943139327,10.424157357273312,24.295734095025406,1.4658559016949815,0.9564868714761292
63.45825943139327,10.424800663141088,24.148098057628733,1.4594477359603075,0.964598586714874
63.45825943139327,10.425443969008866,23.96479393347234,1.4517923873651257,0.9732647022685784
63.45825943139327,10.426087274876641,23.759279250279008,1.442885175944296,0.9815086847357193
63.45825943139327,10.426730580744417,23.544070405088554,1.4325624939779618,0.9882212024535012
63.45825943139327,10.427373886612195,23.322271578242518,1.4204075940143002,0.9926731916512395
63.45825943139327,10.42801719247997,23.09734084528,1.405921855077694,0.9958047206620462
63.45825943139327,10.428660498347746,22.864628555513843,1.3886197654911352,0.9978116613501644
63.45825943139327,10.429303804215523,22.6234178919039,1.3674972349689207,0.9990853799035558
63.45825943139327,10.4299471100833,22.37171938934933,1.3417215083176124,0.9997953336426598
63.45825943139327,10.430590415951075,22.112700720301973,1.312758347812423,0.9999225867127977
63.45825943139327,10.431233721818852,21.851033170187925,1.2829605305616716,0.9998623694912154
63.45825943139327,10.431877027686628,21.59223926973588,1.2551268604311614,1.000389969678293
63.458508379931054,10.364007972190635,,,
63.458508379931054,10.364651283654448,29.335540609311362,1.500000000004256,0.045483328538758465
63.458508379931054,10.365294595118261,29.31678622256664,1.5000000000027172,0.0466883644726756
63.458508379931054,10.365937906582074,29.298686332476166,1.500000000000589,0.047866124221509466
63.458508379931054,10.366581218045887,29.278525479381816,1.4999999999985607,0.04922438273943483
63.458508379931054,10.3672245295097,29.254482643804785,1.4999999999995848,0.05091087951881469
63.458508379931054,10.367867840973513,29.227870498582487,1.5000000000016622,0.05281644669671111
63.458508379931054,10.368511152437327,29.20240019924887,1.5000000000011107,0.05465875326823144
63.458508379931054,10.36915446390114,29.181087272149767,1.49999999999515,0.05620912511755909
63.458508379931054,10.369797775364953,29.163416071513275,1.4999999999799243,0.0575172164785553
63.458508379931054,10.370441086828766,29.146362816308717,1.499999999964496,0.058826256140651345
63.458508379931054,10.371084398292579,29.125562917527276,1.4999999999632125,0.060497637123600984
63.458508379931054,10.371727709756392,29.096886953288518,1.499999999985636,0.06287938257903697
63.458508379931054,10.372371021220205,29.063426605707892,1.5000000000529532,0.06572118598278753
63.458508379931054,10.373014332684019,29.02788937587655,1.500000000090292,0.06879560771549334
63.458508379931054,10.373657644147832,28.994260943771497,1.5000000000269977,0.07176366665983418
63.458508379931054,10.374300955611645,28.96635745774112,1.4999999998029592,0.07429904745683466
63.458508379931054,10.374944267075458,28.937614012437088,1.4999999993916808,0.07700504562911034
63.458508379931054,10.375587578539271,28.907002283447643,1.4999999991839423,0.08001484350142248
63.458508379931054,10.376230890003084,28.87159138472363,1.4999999994898972,0.08363389929670507
63.458508379931054,10.376874201466897,28.831504656879616,1.5000000008269885,0.08787341295485626
63.458508379931054,10.377517512930712,28.78802228288536,1.5000000026687457,0.0926504752990921
63.458508379931054,10.378160824394525,28.74373705280991,1.5000000031248328,0.0976281302167892
63.458508379931054,10.378804135858338,28.700972437488005,1.5000000009753438,0.10251321296826862
63.458508379931054,10.379447447322152,28.669472386523775,1.4999999931893757,0.1061989919608861
63.458508379931054,10.397460168308921,27.357228884749116,1.499995697770968,0.3551982578981651
63.458508379931054,10.398103479772734,27.315387273964863,1.4999938635929981,0.36559132507351183
63.458508379931054,10.398746791236547,27.275793347031037,1.4999919901708865,0.3755433868147324
63.458508379931054,10.39939010270036,27.237570648794414,1.4999898346424363,0.385240906404768
63.458508379931054,10.400033414164174,27.20097856977319,1.499987129924108,0.3945965670336882
63.458508379931054,10.400676725627987,27.16779114686688,1.4999837520498012,0.4031440373650361
63.458508379931054,10.4013200370918,27.134464269407715,1.4999796752935202,0.41176894656634344
63.458508379931054,10.401963348555613,27.10091271749088,1.499974421878327,0.420496371361994
63.458508379931054,10.402606660019426,27.06549607335744,1.4999677767681798,0.42975837170194664
63.458508379931054,10.40324997148324,27.025949933163137,1.499959782118857,0.44014487726084045
63.458508379931054,10.403893282947053,26.979257007174848,1.49995019270368,0.4524633781897812
63.458508379931054,10.404536594410866,26.929957300419336,1.4999380574900716,0.4655006716821981
63.458508379931054,10.405179905874679,26.882770258893192,1.4999230032433768,0.4779999330114762
63.458508379931054,10.405823217338492,26.842663955450092,1.4999052132823947,0.48864231786819945
63.458508379931054,10.406466528802305,26.80944886852688,1.4998835027448296,0.4974724440060248
63.458508379931054,10.407109840266118,26.77402099918995,1.499856256874487,0.5068993263062205
63.458508379931054,10.407753151729933,26.727246393066736,1.4998229498373061,0.5193431358397739
63.458508379931054,10.408396463193746,26.67003887460242,1.4997836645771816,0.5345745363228183
63.458508379931054,10.40903977465756,26.60526788595576,1.4997350187042673,0.5517509532695876
63.458508379931054,10.409683086121372,26.53444285563454,1.4996741039172612,0.5703743861306508
63.458508379931054,10.410326397585186,26.46303672891019,1.4996000680633057,0.5889278014942609
63.458508379931054,10.410969709048999,26.384997326575075,1.4995124873031649,0.6090427763409761
63.458508379931054,10.411613020512812,26.303810085300338,1.4994021825179231,0.6296705546367034
63.458508379931054,10.412256331976625,26.220208831841482,1.4992639640499292,0.650461867144843
63.458508379931054,10.412899643440438,26.13158429065057,1.4990974300142885,0.6719908371714819
63.458508379931054,10.413542954904251,26.032503854148032,1.4988969597021586,0.6951782958534216
63.458508379931054,10.414186266368064,25.931134432534556,1.498642879457296,0.7183588416753606
63.458508379931054,10.414829577831878,25.83574514071108,1.4983259284919825,0.7398152281819135
63.458508379931054,10.41547288929569,25.75723326212904,1.4979495143775248,0.7573006216650439
63.458508379931054,10.416116200759504,25.694456465044254,1.4974881641044426,0.7707771664517222
63.458508379931054,10.416759512223317,25.63277990584351,1.4969081857146582,0.7830420022516407
63.458508379931054,10.41740282368713,25.56100998769188,1.4961969665363526,0.7963096706978842
63.458508379931054,10.418046135150943,25.470629175410664,1.4953603687891999,0.8125447016512631
63.458508379931054,10.418689446614756,25.36592949155419,1.4943357665283465,0.8308227129433139
63.458508379931054,10.41933275807857,25.253271694130035,1.493074583338027,0.8494378595213012
63.458508379931054,10.419976069542383,25.135929906624057,1.4915673805679948,0.8675143662187479
63.458508379931054,10.420619381006196,25.010092075359008,1.4898153244536567,0.8846106056587043
63.458508379931054,10.421262692470009,24.88057883060375,1.487691913414461,0.9005765297114641
63.458508379931054,10.421906003933822,24.756372710110316,1.485138714051302,0.9149789138599005
63.458508379931054,10.422549315397637,24.64657062814597,1.482158626117591,0.9273417092515573
63.458508379931054,10.42319262686145,24.556902916963562,1.4787052751092271,0.9367751752293599
63.458508379931054,10.423835938325263,24.46352269414269,1.4745481844324613,0.9448877160415862
63.458508379931054,10.424479249789076,24.34305141285207,1.469583788366036,0.9532490799270131
63.458508379931054,10.42512256125289,24.18503304837629,1.4638036707318305,0.9628657044985177
63.458508379931054,10.425765872716703,24.002982495638136,1.45697487387253,0.9723364247187068
63.458508379931054,10.426409184180516,23.80469927138408,1.4488413780884615,0.9808459928631968
63.458508379931054,10.427052495644329,23.60853337125934,1.4393262037229169,0.9869034176595677
63.458508379931054,10.427695807108142,23.408068630934714,1.428494835297904,0.9912628323877573
63.458508379931054,10.428339118571955,23.200024353382226,1.4154886036345675,0.9943467963489868
63.458508379931054,10.428982430035768,22.982746522855106,1.3992593803505098,0.9964708500694835
63.458508379931054,10.429625741499581,22.752867190391783,1.37867985115795,0.9978033574167511
63.458508379931054,10.430269052963395,22.51288145200443,1.3549843659191756,0.9982539193376956
63.458508379931054,10.430912364427208,22.270246832550395,1.3304542239348387,0.9985170109669201
63.458757328468835,10.364972661329377,29.335319991716702,1.5000000000663463,0.0455003871194048
63.458757328468835,10.365615978389336,29.313695509556855,1.5000000000055347,0.04690037780941646
63.458757328468835,10.366259295449296,29.292494851936144,1.4999999999998113,0.048293452925071215
63.458757328468835,10.366902612509255,29.27252103182352,1.4999999999981777,0.04964222107530216
63.458757328468835,10.367545929569214,29.24800172853805,1.5000000000000884,0.051370022891023846
63.458757328468835,10.368189246629175,29.220228254010927,1.500000000002562,0.05336618752454454
63.458757328468835,10.368832563689134,29.196505825016565,1.5000000000006075,0.05507975389244114
63.458757328468835,10.369475880749093,29.17534618656223,1.4999999999951232,0.05662809359207012
63.458757328468835,10.370119197809053,29.1555712947808,1.4999999999788942,0.05812536059768625
63.458757328468835,10.370762514869012,29.135127923032165,1.4999999999648008,0.05973248583098805
63.458757328468835,10.371405831928973,29.106750408399655,1.4999999999659357,0.062057930715024384
63.458757328468835,10.372049148988932,29.073826274454095,1.4999999999848705,0.06482719415950318
63.458757328468835,10.37269246604889,29.039412375647096,1.5000000000590024,0.06777450973953457
63.458757328468835,10.373335783108852,29.006250785602003,1.5000000000817544,0.07067089201830581
63.458757328468835,10.37397910016881,28.981653061045662,1.5000000000234937,0.0728777048294061
63.458757328468835,10.374622417228771,28.957060319763816,1.49999999979864,0.07516289049378751
63.458757328468835,10.37526573428873,28.92885404868096,1.4999999993590705,0.07788084856304715
63.458757328468835,10.375909051348689,28.8950688972979,1.499999999272521,0.08126778288915053
63.458757328468835,10.37655236840865,28.855515617060174,1.4999999996004552,0.08531881779205541
63.458757328468835,10.377195685468608,28.816120166762357,1.5000000011442327,0.08952879429493732
63.458757328468835,10.37783900252857,28.772877740362674,1.5000000035587098,0.09432908449293648
63.458757328468835,10.378482319588528,28.730015577053337,1.5000000039649688,0.09917393604210069
63.458757328468835,10.379125636648487,28.690166078488968,1.5000000018376456,0.10377400287713548
63.458757328468835,10.397781831387316,27.33895137637614,1.4999961632534329,0.3597978893563921
63.458757328468835,10.398425148447275,27.29821364619284,1.4999945208782275,0.36992577137428834
63.458757328468835,10.399068465507234,27.260412225318696,1.4999928747303723,0.37943384578568473
63.458757328468835,10.399711782567195,27.22493760981297,1.4999909690694406,0.3884409848774999
63.458757328468835,10.400355099627154,27.195189606114553,1.499988497869714,0.3960600760936402
63.458757328468835,10.400998416687115,27.166126433378395,1.499985573013493,0.40356653774968515
63.458757328468835,10.401641733747073,27.13401464660008,1.4999820396638408,0.41188942768076253
63.458757328468835,10.402285050807032,27.09966075346939,1.4999774107108566,0.42084094849377773
63.458757328468835,10.402928367866993,27.06097099977365,1.4999716128168503,0.43095757358784487
63.458757328468835,10.403571684926952,27.02074918805983,1.4999646112896754,0.4415196523223596
63.458757328468835,10.404215001986913,26.97305521028668,1.4999563715054394,0.4541041712356353
63.458757328468835,10.404858319046872,26.924948681411525,1.4999456487703788,0.46682375609505394
63.458757328468835,10.40550163610683,26.88005404555517,1.4999326631116534,0.4787178650949287
63.458757328468835,10.406144953166791,26.840636096772702,1.4999169833121433,0.4891780214851171
63.458757328468835,10.40678827022675,26.80726442340291,1.4998982544668975,0.4980514333764132
63.458757328468835,10.407431587286709,26.76403297084997,1.4998741234023394,0.5095499559979771
63.458757328468835,10.40807490434667,26.70781382381161,1.49984512178782,0.5245043418076509
63.458757328468835,10.408718221406629,26.64793892598486,1.4998104651548352,0.5404493910161831
63.458757328468835,10.40936153846659,26.585013322295644,1.499767816838971,0.5571417040734606
63.458757328468835,10.410004855526548,26.525532760241795,1.4997136309481207,0.5727275375670927
63.458757328468835,10.410648172586507,26.463899080390796,1.4996480470529332,0.5887098464103561
63.458757328468835,10.411291489646468,26.390353125308586,1.4995706781491112,0.6076372678589281
63.458757328468835,10.411934806706427,26.31222511031075,1.4994718180102522,0.6273954411615653
63.458757328468835,10.412578123766387,26.2275288719979,1.4993487273113535,0.6485186115217656
63.458757328468835,10.413221440826346,26.137214415046543,1.4991992395980227,0.6705697971473885
63.458757328468835,10.413864757886305,26.03663465469817,1.4990215623154848,0.694136095612617
63.458757328468835,10.414508074946266,25.93790711857226,1.4987901123284748,0.7167917096602864
63.458757328468835,10.415151392006225,25.848436461886568,1.498509542445316,0.7370154436788234
63.458757328468835,10.415794709066185,25.7788002460255,1.4981709963784735,0.7527496977104089
63.458757328468835,10.416438026126144,25.72477432571418,1.4977617241521415,0.7645649618466132
63.458757328468835,10.417081343186103,25.663681668744804,1.497234190025357,0.7768176024317812
63.458757328468835,10.417724660246064,25.599201390484794,1.4966078680691906,0.7888718513418952
63.458757328468835,10.418367977306023,25.509832296420136,1.4958638559227766,0.8052150126114992
63.458757328468835,10.419011294365983,25.40448825529837,1.4949556703003934,0.8238523849390519
63.458757328468835,10.419654611425942,25.29041605026563,1.4938272144205738,0.84298558631109
63.458757328468835,10.420297928485901,25.17420387776942,1.4924982116960874,0.8615493055697485
63.458757328468835,10.420941245545862,25.05127581180318,1.4909566135877594,0.8785997436954198
63.458757328468835,10.42158456260582,24.92590967407115,1.4890736479499944,0.8946323502643289
63.458757328468835,10.42222787966578,24.810326195719874,1.486821048603783,0.9090477049704192
63.458757328468835,10.42287119672574,24.705853577974395,1.4841529622363108,0.9215382589052863
63.458757328468835,10.4235145137857,24.619561557662685,1.4810938085583274,0.931167255110856
63.458757328468835,10.42415783084566,24.514017096242434,1.4773424788704654,0.9404432036631638
63.458757328468835,10.424801147905619,24.368020624831757,1.472910476918728,0.9513360208923287
63.458757328468835,10.425444464965578,24.204907991438517,1.4676793298959199,0.9622951344465145
63.458757328468835,10.426087782025538,24.02758701321647,1.4615359083150985,0.9722889519828487
63.458757328468835,10.426731099085497,23.857465295721795,1.454140293093943,0.9794559785584758
63.458757328468835,10.427374416145458,23.69848284804143,1.4455153963520657,0.9842849487074068
63.458757328468835,10.428017733205417,23.517415117680436,1.4356278955910426,0.9885096525841786
63.458757328468835,10.428661050265376,23.325325903986247,1.4237274514886646,0.9916217834146464
63.458757328468835,10.429304367325337,23.123144732569173,1.4067356231346475,0.9938867905933704
63.458757328468835,10.429947684385295,22.909370360217423,1.3866873229089145,0.9950426086173555
63.458757328468835,10.430591001445256,22.663473425532892,1.3672820283469704,0.9962335006725523
63.459006277006615,10.365294044595066,29.31879422963316,1.5000000008911145,0.04629839310318974
63.459006277006615,10.36593736725128,29.31677382317074,1.500000000014205,0.04664745458245551
63.459006277006615,10.366580689907497,29.288122490419706,1.500000000000986,0.04859078733150652
63.459006277006615,10.367224012563712,29.265662718058238,1.4999999999978033,0.05011808977020847
63.459006277006615,10.367867335219927,29.240680835165307,1.500000000000594,0.051886159613756526
63.459006277006615,10.368510657876143,29.21548545091735,1.5000000000020979,0.05369302811079264
63.459006277006615,10.369153980532358,29.192881703138248,1.5000000000016835,0.055325175815059704
63.459006277006615,10.369797303188575,29.169518872087497,1.4999999999954858,0.05706735767701445
63.459006277006615,10.37044062584479,29.14651750987867,1.4999999999788534,0.058845201304244234
63.459006277006615,10.371083948501004,29.11807377418124,1.4999999999675502,0.06113635387024351
63.459006277006615,10.371727271157221,29.08429749791131,1.4999999999576654,0.06394521354694485
63.459006277006615,10.372370593813436,29.05125245663914,1.4999999999827867,0.06674260954538146
63.459006277006615,10.373013916469652,29.018988337577344,1.5000000000494784,0.06952519183631956
63.459006277006615,10.373657239125867,28.994805389747512,1.5000000000707578,0.07165840298689284
63.459006277006615,10.374300561782082,28.9745904363946,1.500000000040662,0.07351370680788014
63.459006277006615,10.374943884438299,28.950105975363243,1.4999999997946711,0.07584237624366948
63.459006277006615,10.375587207094513,28.91931015716888,1.4999999994667634,0.07887120482152174
63.459006277006615,10.376230529750728,28.88188824250459,1.499999999384769,0.08263121366512835
63.459006277006615,10.376873852406945,28.842505632795234,1.4999999996783575,0.0866833012860626
63.459006277006615,10.37751717506316,28.803787143911507,1.5000000013225787,0.09085908752504333
63.459006277006615,10.378160497719376,28.76284914864722,1.500000002971475,0.09541783694969175
63.459006277006615,10.378803820375591,28.723205746927167,1.5000000031178722,0.09994532325916283
63.459006277006615,10.379447143031806,28.684963236628917,1.500000000995994,0.10440756556696881
63.459006277006615,10.398103500062057,27.318611664083846,1.4999965428109758,0.36491984701406244
63.459006277006615,10.398746822718271,27.281219030161914,1.4999950992398778,0.3742114263209745
63.459006277006615,10.399390145374486,27.247367497211872,1.4999936523669266,0.3827279056864653
63.459006277006615,10.400033468030703,27.219489285875262,1.4999918527902996,0.38980828637480025
63.459006277006615,10.400676790686918,27.19441030952973,1.4999897855188102,0.3962556709653181
63.459006277006615,10.401320113343132,27.1662770530955,1.4999872440315178,0.40353125788406763
63.459006277006615,10.401963435999349,27.13394503671215,1.499984133603731,0.4119216752322667
63.459006277006615,10.402606758655564,27.097209687435992,1.4999800075141176,0.4214909025258148
63.459006277006615,10.40325008131178,27.05808948671818,1.4999750627760708,0.4317111079654451
63.459006277006615,10.403893403967995,27.01778396420071,1.499968988518818,0.44229722755202827
63.459006277006615,10.40453672662421,26.97199862628633,1.4999616546764778,0.4543761235322742
63.459006277006615,10.405180049280427,26.927895613986912,1.4999523030026494,0.4660382529924165
63.459006277006615,10.405823371936641,26.883092044271976,1.4999411259245106,0.4779113066178522
63.459006277006615,10.406466694592858,26.842301824415436,1.4999275503552485,0.48873644148451434
63.459006277006615,10.407110017249073,26.799660059369618,1.4999106755512055,0.5000685191141736
63.459006277006615,10.407753339905288,26.744485371856833,1.4998897741850072,0.5147392308896839
63.459006277006615,10.408396662561504,26.68628234648557,1.4998644448330753,0.530218324955211
63.459006277006615,10.409039985217719,26.62772924964771,1.499834146588278,0.5458083914826873
63.459006277006615,10.409683307873934,26.574342967201165,1.499795319677201,0.5599097222904209
63.459006277006615,10.41032663053015,26.525790388331682,1.4997482245507174,0.5726109288899797
63.459006277006615,10.410969953186365,26.469686648387494,1.4996901506984026,0.5871695382847665
63.459006277006615,10.411613275842582,26.40111202053141,1.499620950441001,0.6047891161810498
63.459006277006615,10.412256598498796,26.324744862649364,1.4995310961627712,0.624168990999351
63.459006277006615,10.412899921155011,26.238572850088495,1.4994232878082863,0.6458488467350012
63.459006277006615,10.413543243811228,26.14759029458081,1.4992901708147082,0.6680805468593987
63.459006277006615,10.414186566467443,26.04986857858356,1.4991273902658138,0.6910715859135282
63.459006277006615,10.41482988912366,25.95788572693123,1.4989206895664569,0.7123234577973462
63.459006277006615,10.415473211779874,25.874224173431035,1.498673579503383,0.7313877168118867
63.459006277006615,10.416116534436089,25.810643420586633,1.498372999229776,0.7459358765510236
63.459006277006615,10.416759857092305,25.75391602637981,1.4979951630535733,0.7583042037087756
63.459006277006615,10.41740317974852,25.69983759935418,1.4975335864557384,0.7693029146159361
63.459006277006615,10.418046502404735,25.63683969239334,1.496981688978053,0.7813974423868129
63.459006277006615,10.418689825060952,25.547494392844698,1.4963238880916243,0.7980876465850348
63.459006277006615,10.419333147717166,25.443520261811642,1.495496066385462,0.8167305189337887
63.459006277006615,10.419976470373383,25.330236474874717,1.4945176474265953,0.8365286309028184
63.459006277006615,10.420619793029598,25.218324060529714,1.4933466800331898,0.8548061251673704
63.459006277006615,10.421263115685813,25.100671510508924,1.4919814559670979,0.8716236825685169
63.459006277006615,10.42190643834203,24.98813159543414,1.4902945304204498,0.8871155070768604
63.459006277006615,10.422549760998244,24.879094929096407,1.4883220312218524,0.9014258086772742
63.459006277006615,10.42319308365446,24.775194838521408,1.4859519512140158,0.9142369443368255
63.459006277006615,10.423836406310675,24.676036460011296,1.4831831902459165,0.9250740851866587
63.459006277006615,10.42447972896689,24.539862757386885,1.479797012151336,0.937238179823429
63.459006277006615,10.425123051623107,24.389164217895694,1.475862813176297,0.9493830776728361
63.459006277006615,10.425766374279322,24.231953147280343,1.4712043398436165,0.9607739018391576
63.459006277006615,10.426409696935536,24.08067943593682,1.4656335337667274,0.9696127044424918
63.459006277006615,10.427053019591753,23.948981296935017,1.4591188989833723,0.975664459443602
63.459006277006615,10.427696342247968,23.81075424611041,1.4512187261189307,0.9803693562028201
63.459006277006615,10.428339664904184,23.64686395849968,1.4421376574563447,0.9845535780132268
63.459006277006615,10.4289829875604,23.472427645967155,1.4287259114600404,0.9877541865257707
63.459006277006615,10.429626310216614,23.26189169704566,1.4143581315683162,0.9897775376628538
63.459006277006615,10.43026963287283,,,
63.459255225544396,10.36561543345168,,,
63.459255225544396,10.36625876170426,29.308182993277605,1.4999999999654605,0.047278983504465445
63.459255225544396,10.366902089956842,29.289399483496915,1.50000000000688,0.04846234886123637
63.459255225544396,10.367545418209422,29.26045055814459,1.4999999999977192,0.050470007127718104
63.459255225544396,10.368188746462003,29.236137814496498,1.500000000000635,0.05219041400664559
63.459255225544396,10.368832074714584,29.212512044369216,1.50000000000381,0.053882136734355934
63.459255225544396,10.369475402967165,29.18816619121171,1.5000000000033378,0.0556692790117796
63.459255225544396,10.370118731219746,29.161920725097477,1.499999999995594,0.0576638891940292
63.459255225544396,10.370762059472327,29.132339148574932,1.4999999999776201,0.060003924814778106
63.459255225544396,10.371405387724907,29.098701989987777,1.4999999999549376,0.06275440687397497
63.459255225544396,10.372048715977488,29.064734936608073,1.4999999999492397,0.06559169686772583
63.459255225544396,10.37269204423007,29.0336478448764,1.49999999998425,0.06823469500583308
63.459255225544396,10.37333537248265,29.00885148763515,1.5000000000558533,0.07038138160838146
63.459255225544396,10.37397870073523,28.98868173462831,1.5000000001102598,0.07219243636774587
63.459255225544396,10.374622028987812,28.967807291399197,1.50000000005584,0.07415627385380871
63.459255225544396,10.375265357240393,28.941131963414172,1.499999999805169,0.0767413736584609
63.459255225544396,10.375908685492973,28.907627426794924,1.4999999994528603,0.08004538490444121
63.459255225544396,10.376552013745554,28.8704995900693,1.4999999992364441,0.08378076330804735
63.459255225544396,10.377195341998135,28.83242438640095,1.4999999995195876,0.08772845992807675
63.459255225544396,10.377838670250716,28.795496677475345,1.5000000005795833,0.09172818730889654
63.459255225544396,10.378481998503297,28.75843703611044,1.500000001365472,0.0958894200835475
63.459255225544396,10.379125326755878,28.720403312125452,1.5000000013148482,0.10028074394589805
63.459255225544396,10.379768655008458,28.681264652800344,1.4999999996803923,0.10489057542509189
63.459255225544396,10.38041198326104,28.642544236787426,1.4999999994050197,0.10959599015492148
63.459255225544396,10.38105531151362,28.604067694510658,1.500000008105673,0.11453950482663455
63.459255225544396,10.398425174333305,27.301830341028026,1.4999968380806321,0.3691372818271129
63.459255225544396,10.399068502585886,27.2698104298647,1.4999955900950566,0.37707911952872314
63.459255225544396,10.399711830838466,27.243076069965795,1.4999942476340304,0.383797741222179
63.459255225544396,10.400355159091047,27.21909295097162,1.4999927348125413,0.38990594404638945
63.459255225544396,10.400998487343628,27.19435866310678,1.4999909491683359,0.3962752059650743
63.459255225544396,10.401641815596209,27.16576212431576,1.4999887543784054,0.4036756490972617
63.459255225544396,10.40228514384879,27.13225290731956,1.4999859188223608,0.41236631635346016
63.459255225544396,10.40292847210137,27.095883221546792,1.499982392123044,0.4218265894450602
63.459255225544396,10.403571800353951,27.057602193232764,1.4999780807856884,0.4318264745831785
63.459255225544396,10.404215128606532,27.018051269383033,1.4999728237639998,0.4422162740357487
63.459255225544396,10.404858456859113,26.976996578215903,1.4999662232608704,0.45304602535993
63.459255225544396,10.405501785111694,26.93353971853064,1.4999581823578938,0.4645419631853419
63.459255225544396,10.406145113364275,26.88776333742944,1.4999484271966723,0.4766747916455981
63.459255225544396,10.406788441616856,26.84013826732652,1.499936422007381,0.4893134420427752
63.459255225544396,10.407431769869437,26.785338768876493,1.4999214793923878,0.503870853800361
63.459255225544396,10.408075098122017,26.727442545952186,1.4999032631038518,0.5192595892170129
63.459255225544396,10.408718426374598,26.670820410688798,1.4998811353441692,0.5343137105610315
63.459255225544396,10.409361754627179,26.61950730816284,1.499853588687744,0.5479345931894921
63.459255225544396,10.41000508287976,26.57545384049922,1.4998195156137883,0.5595591635627601
63.459255225544396,10.410648411132343,26.531529731744946,1.499777855166298,0.5710639781865627
63.459255225544396,10.411291739384923,26.47982252061973,1.499726971063282,0.5845174027780246
63.459255225544396,10.411935067637504,26.415198846195366,1.4996630496332595,0.601232118342462
63.459255225544396,10.412578395890085,26.339132873912572,1.4995843380458027,0.6207405208250601
63.459255225544396,10.413221724142666,26.254343964041365,1.4994880325625854,0.6420815388351895
63.459255225544396,10.413865052395247,26.163921819498963,1.4993697997357367,0.6641746767277569
63.459255225544396,10.414508380647828,26.072920571112494,1.4992211800657815,0.6857707214983462
63.459255225544396,10.415151708900408,25.98562490862404,1.4990397260370054,0.706082955545229
63.459255225544396,10.41579503715299,25.907403241723873,1.498819110566964,0.724075697319678
63.459255225544396,10.41643836540557,25.843998791420102,1.4985473748202889,0.7385770543947994
63.459255225544396,10.417081693658151,25.790559489299337,1.4982117698726078,0.7503680547112199
63.459255225544396,10.417725021910732,25.73665448288761,1.49780630397171,0.7616063258106003
63.459255225544396,10.418368350163313,25.670764531072525,1.4973187147202656,0.7746486580047292
63.459255225544396,10.419011678415893,25.58288089751587,1.496720517236969,0.7914841357309904
63.459255225544396,10.419655006668474,25.481915474588344,1.495997309486914,0.8103340354511118
63.459255225544396,10.420298334921055,25.374517843131898,1.495135854636049,0.8295372650891264
63.459255225544396,10.420941663173636,25.26758762396433,1.4941127632393427,0.8473153771482568
63.459255225544396,10.421584991426217,25.163452443996583,1.4928739951170564,0.8632864057787352
63.459255225544396,10.422228319678798,25.059462687779707,1.4913971199498086,0.8783054698489744
63.459255225544396,10.422871647931379,24.95285991433647,1.4896415605741968,0.8925722490625926
63.459255225544396,10.42351497618396,24.843120342046877,1.4875466143788834,0.9060469944005317
63.459255225544396,10.42415830443654,24.714206461480973,1.4849993955235419,0.9196771356987171
63.459255225544396,10.424801632689121,24.57225457627638,1.4819970791167834,0.9331172423453137
63.459255225544396,10.425444960941702,24.428406081039828,1.47849711346775,0.945573250537076
63.459255225544396,10.426088289194283,24.29230762687291,1.4743873063796658,0.9562550832910927
63.459255225544396,10.426731617446864,24.175431434670934,1.469600005917135,0.9643222396352511
63.459255225544396,10.427374945699444,24.063768998898585,1.463814453289442,0.9704359341470069
63.459255225544396,10.428018273952025,23.940025640342345,1.456584363584632,0.9753216797103684
63.459255225544396,10.428661602204606,23.78410250312629,1.4472684943080771,0.9795020056355906
63.459255225544396,10.429304930457187,23.554138590988174,1.4218383678127058,0.9870015952463957
63.45950417408218,10.366580161748436,29.301981222040396,1.4999999999846054,0.047740585923917764
63.45950417408218,10.367223495597493,29.291118400584438,1.5000000000131106,0.04830998023452831
63.45950417408218,10.367866829446548,29.258740054060283,1.5000000000000182,0.050566113067430786
63.45950417408218,10.368510163295603,29.232129802044906,1.5000000000019762,0.05246322790113914
63.45950417408218,10.36915349714466,29.207321442932113,1.5000000000067106,0.054262099135583546
63.45950417408218,10.369796830993716,29.181127312709112,1.5000000000058422,0.05621792380262177
63.45950417408218,10.37044016484277,29.151593658548858,1.499999999995668,0.058490225980058104
63.45950417408218,10.371083498691828,29.119627307890536,1.4999999999700124,0.06104288902484291
63.45950417408218,10.371726832540883,29.08508369445105,1.4999999999443805,0.06388159136743767
63.45950417408218,10.372370166389938,29.052073677554464,1.4999999999473506,0.06664546163971156
63.45950417408218,10.373013500238995,29.023864213120387,1.499999999988349,0.06905926940135312
63.45950417408218,10.37365683408805,29.001822131398157,1.5000000000979359,0.07099795278200206
63.45950417408218,10.374300167937106,28.981991175308437,1.5000000001544347,0.07282235171845798
63.45950417408218,10.374943501786163,28.958084419260683,1.5000000000552391,0.07510737839393569
63.45950417408218,10.375586835635218,28.926840742934605,1.4999999997318043,0.07814841699958124
63.45950417408218,10.376230169484273,28.892905684028666,1.4999999991138437,0.0814837029820562
63.45950417408218,10.37687350333333,28.85681791900566,1.4999999987971804,0.08512625579459257
63.45950417408218,10.377516837182386,28.823879225275913,1.4999999990910349,0.08859208750807665
63.45950417408218,10.37816017103144,28.79058352600114,1.500000000259318,0.09225191076213733
63.45950417408218,10.378803504880496,28.754133697228884,1.5000000012836268,0.09639974175943256
63.45950417408218,10.379446838729553,28.716474330801944,1.5000000011037575,0.10079055019305642
63.45950417408218,10.380090172578608,28.675432134980777,1.4999999996532776,0.10563329680369787
63.45950417408218,10.380733506427664,28.634852110632906,1.4999999936641224,0.11059928336569841
63.45950417408218,10.38137684027672,28.59398965700317,1.5000000010722017,0.11586693143370279
63.45950417408218,10.382020174125776,28.55396228128108,1.5000000226075523,0.12127136003349408
63.45950417408218,10.398746854201226,27.294864317709823,1.499997155671341,0.37085952708582465
63.45950417408218,10.399390188050283,27.26733920489785,1.4999960189401995,0.3776807655310012
63.45950417408218,10.400033521899338,27.243872750488173,1.4999949302129714,0.38360089685032694
63.45950417408218,10.400676855748394,27.22017774776385,1.4999936602534303,0.3896549743628928
63.45950417408218,10.40132018959745,27.19399396048217,1.4999920561306381,0.39640007329182336
63.45950417408218,10.401963523446506,27.161656255317652,1.499990089574676,0.4047460019926955
63.45950417408218,10.402606857295561,27.128148728322504,1.4999877278266969,0.4134178638127852
63.45950417408218,10.403250191144618,27.09276833875588,1.499984682090941,0.4226109335247537
63.45950417408218,10.403893524993673,27.057243539997152,1.4999808260738592,0.4318961946545706
63.45950417408218,10.404536858842729,27.022253296463326,1.4999762084593704,0.4411045569996369
63.45950417408218,10.405180192691786,26.981361753570184,1.4999707135805362,0.4518990820241425
63.45950417408218,10.405823526540841,26.937937119219548,1.4999636742273548,0.46339048491314866
63.45950417408218,10.406466860389896,26.890944748973908,1.499954928649432,0.4758391189981219
63.45950417408218,10.407110194238953,26.840305623848288,1.4999445180247366,0.4892737027912383
63.45950417408218,10.407753528088008,26.782516372931717,1.499931855378004,0.5046207132203512
63.45950417408218,10.408396861937064,26.72376608937212,1.499915633277975,0.5202291842507896
63.45950417408218,10.40904019578612,26.667574346229433,1.4998957166256364,0.5351643504503121
63.45950417408218,10.409683529635176,26.62338701693305,1.4998720766479716,0.5469144069889834
63.45950417408218,10.410326863484231,26.58514742099738,1.499842553598805,0.5570265839240219
63.45950417408218,10.410970197333288,26.5430515652894,1.4998048452704598,0.5680642465949896
63.45950417408218,10.411613531182343,26.49322682796795,1.4997588859136746,0.5810552727220003
63.45950417408218,10.412256865031399,26.429339202774127,1.4997044656546366,0.5977651310633565
63.45950417408218,10.412900198880456,26.35488369042217,1.499635005899584,0.6169505751187835
63.45950417408218,10.413543532729511,26.272828206016005,1.4995469380222322,0.637555707518587
63.45950417408218,10.414186866578566,26.186726881085114,1.4994412818910978,0.658624289989882
63.45950417408218,10.414830200427623,26.09811803584696,1.4993147518334562,0.6797049335393757
63.45950417408218,10.415473534276678,26.015559658855846,1.4991528868782404,0.699061960016784
63.45950417408218,10.416116868125734,25.94287401094316,1.4989518081782407,0.7160785622453614
63.45950417408218,10.41676020197479,25.880964588312043,1.4987140380540558,0.7304993871661036
63.45950417408218,10.417403535823846,25.829313811553128,1.4984264982699562,0.7421663588584041
63.45950417408218,10.418046869672901,25.771493140904372,1.4980635841141454,0.7544461099228508
63.45950417408218,10.418690203521956,25.696742390178162,1.497623785462032,0.7695375294415192
63.45950417408218,10.419333537371013,25.608509167506575,1.4971081766785455,0.7870920360004582
63.45950417408218,10.419976871220069,25.512116457544206,1.4964815975791745,0.8056767853731077
63.45950417408218,10.420620205069124,25.41400455451266,1.495709123238207,0.823491978366555
63.45950417408218,10.421263538918181,25.323497128807638,1.4947924125575593,0.8384770216275115
63.45950417408218,10.421906872767236,25.22668181583736,1.4937331378090741,0.8537595715115268
63.45950417408218,10.422550206616291,25.127572760886643,1.4924337273159485,0.8683949901003524
63.45950417408218,10.423193540465348,25.023285996479654,1.4908425681367394,0.882695255382492
63.45950417408218,10.423836874314404,24.9129770422976,1.4889652591588536,0.8967314890230919
63.45950417408218,10.424480208163459,24.781460486153243,1.4867568122007242,0.9112801672787594
63.45950417408218,10.425123542012516,24.641925924827852,1.4840805298415907,0.9253072056775513
63.45950417408218,10.425766875861571,24.504606870515843,1.4809047457685485,0.9382326089349302
63.45950417408218,10.426410209710626,24.390575851144714,1.477422944819108,0.9485398410787618
63.45950417408218,10.427053543559683,24.298058546018673,1.4735899647629105,0.9567118716279706
63.45950417408218,10.427696877408739,24.200678946998657,1.4684802547236775,0.9632940631630907
63.45950417408218,10.428340211257794,24.048664239495338,1.4578050915430263,0.9696667967613453
63.45950417408218,10.42898354510685,23.859953181783876,1.4826806232686143,0.9686463141539958
63.45975312261996,10.366901567383975,29.301161099154946,1.5000000005399405,0.047737384499365015
63.45975312261996,10.367544906829615,29.28238979862011,1.4999999999788192,0.0489477893850756
63.45975312261996,10.368188246275256,29.257763199610405,1.5000000000035782,0.05062216785170198
63.45975312261996,10.368831585720896,29.22882018930024,1.5000000000047726,0.05270492749963431
63.45975312261996,10.369474925166536,29.20249242475875,1.5000000000100586,0.0546410626074419
63.45975312261996,10.370118264612175,29.172052550243574,1.5000000000055838,0.0569378281503924
63.45975312261996,10.370761604057817,29.140914729844482,1.4999999999970008,0.05933781096422503
63.45975312261996,10.371404943503457,29.108550325141348,1.4999999999700535,0.061932689198063245
63.45975312261996,10.372048282949097,29.07499307663954,1.4999999999492093,0.06469731712010936
63.45975312261996,10.372691622394736,29.045864280603197,1.4999999999471214,0.06714598797044061
63.45975312261996,10.373334961840378,29.01874243412914,1.4999999999866636,0.06950051065811125
63.45975312261996,10.373978301286018,28.996759755789036,1.5000000001047238,0.07147383516286651
63.45975312261996,10.374621640731657,28.973131405293824,1.5000000001285796,0.07368374224598859
63.45975312261996,10.375264980177299,28.941363109903172,1.5000000000722924,0.0767474960217613
63.45975312261996,10.375908319622939,28.908150868311544,1.4999999996964275,0.07998668808883469
63.45975312261996,10.376551659068578,28.874460927473205,1.499999998996017,0.08330313360260233
63.45975312261996,10.377194998514218,28.844702927885358,1.4999999987198875,0.08634584093557306
63.45975312261996,10.37783833795986,28.820470031756752,1.4999999987808994,0.08893360485070659
63.45975312261996,10.3784816774055,28.788919224472437,1.5000000002360319,0.09244595950354666
63.45975312261996,10.37912501685114,28.75279282695102,1.5000000013593928,0.0965984915505797
63.45975312261996,10.379768356296779,28.71187778739091,1.5000000018807715,0.10136144455128236
63.45975312261996,10.38041169574242,28.668503443582114,1.5000000008429188,0.10648388336880461
63.45975312261996,10.38105503518806,28.628138479922022,1.4999999879307346,0.11145745927505636
63.45975312261996,10.3816983746337,28.586118381586516,1.4999999851383479,0.11689101868046578
63.45975312261996,10.382341714079342,28.54375501970473,1.500000008459504,0.12261416592427209
63.45975312261996,10.382985053524981,28.501305788942755,1.5000000576429406,0.12855489905371387
63.45975312261996,10.399068539665988,27.29444779726896,1.4999974299343635,0.3709245551193258
63.45975312261996,10.399711879111628,27.27048601769198,1.4999964742306602,0.3768725466190826
63.45975312261996,10.400355218557268,27.24751190751748,1.4999955405570669,0.3827012484844954
63.45975312261996,10.400998558002907,27.221493415716893,1.4999943995483616,0.38936373099788274
63.45975312261996,10.401641897448549,27.189456415845164,1.4999929852427658,0.3975936427306408
63.45975312261996,10.402285236894189,27.154499099933243,1.4999912947708742,0.40659589885364616
63.45975312261996,10.402928576339828,27.12090145121497,1.499989249928422,0.41527646880814273
63.45975312261996,10.403571915785468,27.088907806237433,1.4999865631164453,0.42358999688879917
63.45975312261996,10.40421525523111,27.06209011881889,1.499983249993131,0.430621078446736
63.45975312261996,10.40485859467675,27.029530468531153,1.4999791945057668,0.43919719209748936
63.45975312261996,10.40550193412239,26.98944059974237,1.4999744349701114,0.4497842213761173
63.45975312261996,10.40614527356803,26.944540273994495,1.4999681901027988,0.4616555793119253
63.45975312261996,10.40678861301367,26.89601362699891,1.4999606507276662,0.47449628405219657
63.45975312261996,10.40743195245931,26.84492990781508,1.499951451238254,0.4880472040966256
63.45975312261996,10.40807529190495,26.786326143875904,1.4999403583202833,0.5036061891697211
63.45975312261996,10.408718631350592,26.727995188400435,1.4999259362567912,0.5191008467342569
63.45975312261996,10.409361970796231,26.673044492588254,1.4999085315266971,0.5337163862502909
63.45975312261996,10.410005310241871,26.63222358358903,1.4998875950085258,0.5445780429838744
63.45975312261996,10.410648649687511,26.59520749842963,1.4998612971382521,0.5543714020227045
63.45975312261996,10.411291989133153,26.55443884949799,1.4998278765035784,0.5650708700738837
63.45975312261996,10.411935328578792,26.508042222121837,1.499787185504627,0.5771988185504964
63.45975312261996,10.412578668024432,26.44536143225009,1.4997390489883735,0.5936507598468022
63.45975312261996,10.413222007470072,26.37255120758505,1.4996762262989596,0.6123771914492214
63.45975312261996,10.413865346915713,26.293783773319653,1.499599071466537,0.6322586113382951
63.45975312261996,10.414508686361353,26.21366706379675,1.4995048967964932,0.651961280610281
63.45975312261996,10.415152025806993,26.130399850151903,1.4993930538258127,0.6718792737112833
63.45975312261996,10.415795365252634,26.053705641000118,1.4992467133943894,0.6901767170605644
63.45975312261996,10.416438704698274,25.978900943855244,1.4990717696809845,0.7079734209774201
63.45975312261996,10.417082044143914,25.915442295521135,1.4988607470627775,0.7228795548416926
63.45975312261996,10.417725383589554,25.860989950622336,1.4986070528555981,0.7352939941485567
63.45975312261996,10.418368723035195,25.7931571579294,1.498283368908441,0.7497561345779511
63.45975312261996,10.419012062480835,25.713828977236048,1.4979000321481366,0.7660878130969806
63.45975312261996,10.419655401926475,25.626731569280338,1.4974447413039376,0.7838377371033914
63.45975312261996,10.420298741372115,25.539060969716076,1.4968906696289004,0.8010732986051499
63.45975312261996,10.420942080817756,25.463213048074422,1.496209554872764,0.8147650343704295
63.45975312261996,10.421585420263396,25.38556869133242,1.4954017313269625,0.8278246707383963
63.45975312261996,10.422228759709036,25.296789944637887,1.4944704052992397,0.8421768022136161
63.45975312261996,10.422872099154677,25.200892279566528,1.4933086180078483,0.8568091550863622
63.45975312261996,10.423515438600317,25.099515321550594,1.4919256999496648,0.8717886293808388
63.45975312261996,10.424158778045957,24.99340519568207,1.4902410005430544,0.8859550305058448
63.45975312261996,10.424802117491597,24.864500551749163,1.4882759751443284,0.9009227011878773
63.45975312261996,10.425445456937238,24.730931564955007,1.4858626806710566,0.9154833733083637
63.45975312261996,10.426088796382878,24.60420883475965,1.4829725213796179,0.9284508613385689
63.45975312261996,10.426732135828518,24.506372610808572,1.4800632424029514,0.9386978523529147
63.45975312261996,10.427375475274157,24.427082120935427,1.47693649732779,0.947419855219203
63.45975312261996,10.428018814719799,24.280367050781745,1.4649453006711777,0.9564006607473492
63.460002071157746,10.36722297861104,29.279344291471933,1.5000000015755492,0.04880484505697678
63.460002071157746,10.367866323653374,29.263245211505325,1.4999999998833298,0.05034867784689379
63.460002071157746,10.368509668695708,29.255436894542033,1.5000000000043994,0.05078383576701906
63.460002071157746,10.369153013738043,29.225132414904824,1.500000000006709,0.05298510318249758
63.460002071157746,10.369796358780377,29.194278527552186,1.5000000000080265,0.05527763470945211
63.460002071157746,10.37043970382271,29.16247614499268,1.5000000000076557,0.05767995377447983
63.460002071157746,10.371083048865044,29.131562658079964,1.4999999999978375,0.06007139546473964
63.460002071157746,10.371726393907378,29.100095170289293,1.4999999999717744,0.06260113421459887
63.460002071157746,10.372369738949713,29.071097952628058,1.4999999999477902,0.06498830547097556
63.460002071157746,10.373013083992047,29.043299925602696,1.4999999999335296,0.06735212657841594
63.460002071157746,10.373656429034382,29.015336195648445,1.4999999999856808,0.06981809477267985
63.460002071157746,10.374299774076716,28.989538204985564,1.5000000000849947,0.07217425210988387
63.460002071157746,10.37494311911905,28.95688531814497,1.5000000001600655,0.07526805066034215
63.460002071157746,10.375586464161383,28.92288388686692,1.5000000001098779,0.07855680063830511
63.460002071157746,10.376229809203718,28.890547760265132,1.499999999672942,0.08171201321345604
63.460002071157746,10.376873154246052,28.862076532838305,1.4999999990676578,0.08453813956230255
63.460002071157746,10.377516499288387,28.840615303086075,1.499999998517631,0.08674561092435534
63.460002071157746,10.378159844330721,28.81785717153444,1.4999999987590638,0.0892132508109652
63.460002071157746,10.378803189373055,28.786238525565018,1.5000000005107093,0.09277192230794301
63.460002071157746,10.37944653441539,28.747740474964914,1.5000000024992135,0.0971928517620011
63.460002071157746,10.380089879457723,28.704241023645885,1.5000000049528188,0.10225147011028751
63.460002071157746,10.380733224500057,28.660759734335784,1.500000001656932,0.10742247426072035
63.460002071157746,10.381376569542391,28.62045863480239,1.4999999869204959,0.1124232531630956
63.460002071157746,10.382019914584726,28.57909888258338,1.49999997194403,0.11778801697911992
63.460002071157746,10.38266325962706,28.535828005337894,1.499999985235141,0.12363394609096881
63.460002071157746,10.383306604669395,28.491831937851057,1.5000000362084704,0.1297997043549167
63.460002071157746,10.39939023072775,27.294889533393658,1.4999976761277638,0.3707748644288924
63.460002071157746,10.400033575770083,27.2764532658479,1.4999969143642746,0.3753623289941652
63.460002071157746,10.400676920812417,27.25041802905182,1.4999960549039677,0.38199840194468215
63.460002071157746,10.401320265854752,27.21841987338332,1.499995003595053,0.3901895008263079
63.460002071157746,10.401963610897086,27.183078495655202,1.499993831147171,0.3992511913600465
63.460002071157746,10.40260695593942,27.148791230542173,1.4999923766955994,0.4080653397567904
63.460002071157746,10.403250300981755,27.11787798636731,1.499990563939618,0.41604432879946873
63.460002071157746,10.40389364602409,27.09314579180407,1.4999881995989646,0.4224772983248492
63.460002071157746,10.404536991066424,27.069017471831877,1.4999853558168321,0.4288083969964423
63.460002071157746,10.405180336108756,27.037015550553193,1.499981852287644,0.4372379976738999
63.460002071157746,10.405823681151091,26.99661146415257,1.4999775485409892,0.4478986688285847
63.460002071157746,10.406467026193425,26.951593498874523,1.4999721150311645,0.45978559792567986
63.460002071157746,10.40711037123576,26.902854752750752,1.4999655873500728,0.47267878587712525
63.460002071157746,10.407753716278094,26.850918860156867,1.4999576074007668,0.48645402342220045
63.460002071157746,10.408397061320429,26.794426744969375,1.4999474360758867,0.5014526945389284
63.460002071157746,10.409040406362763,26.737324296803834,1.4999349200567078,0.5166353578721736
63.460002071157746,10.409683751405097,26.684593967439795,1.4999196886057482,0.530660399987507
63.460002071157746,10.41032709644743,26.644530255246615,1.499901164989498,0.5413143707143762
63.460002071157746,10.410970441489765,26.605870136457753,1.4998771255018126,0.5515280263465603
63.460002071157746,10.411613786532099,26.568512104186965,1.4998480803915557,0.5613496762848273
63.460002071157746,10.412257131574433,26.52209285161938,1.4998122330376193,0.5735231209720394
63.460002071157746,10.412900476616768,26.46027460725374,1.499768544115093,0.5897064175441775
63.460002071157746,10.413543821659102,26.390882150214274,1.4997123652030977,0.6075685383135712
63.460002071157746,10.414187166701437,26.317111677292033,1.4996451014695429,0.626329883370546
63.460002071157746,10.414830511743771,26.242304353457804,1.4995622508697162,0.6448506765820645
63.460002071157746,10.415473856786104,26.166433309435327,1.4994594894740716,0.6632892468036093
63.460002071157746,10.416117201828438,26.090526030509942,1.4993313186738768,0.6816734341765394
63.460002071157746,10.416760546870773,26.015133862418264,1.499178808240523,0.6996955391184351
63.460002071157746,10.417403891913107,25.950115753888877,1.4989943201714573,0.7150220843101301
63.460002071157746,10.418047236955442,25.88352931739103,1.498762151801305,0.7299829800221045
63.460002071157746,10.418690581997776,25.808571321396705,1.4984822905552417,0.7461181828233185
63.460002071157746,10.41933392704011,25.731637935629035,1.4981474125354484,0.7623025354884563
63.460002071157746,10.419977272082443,25.65154583987066,1.4977465309375253,0.7789654288230502
63.460002071157746,10.420620617124777,25.582787565194874,1.4972445255957743,0.792482526433838
63.460002071157746,10.421263962167112,25.519739254716853,1.4966528784781743,0.8041375378183442
63.460002071157746,10.421907307209446,25.449831595173887,1.495947979705327,0.8163918134895155
63.460002071157746,10.42255065225178,25.36682969087285,1.4951173124038537,0.8303400660902358
63.460002071157746,10.423193997294115,25.277275974167182,1.4940976936089194,0.8450206053651321
63.460002071157746,10.42383734233645,25.180590200232853,1.4928890598354805,0.8601922844654538
63.460002071157746,10.424480687378784,25.076449757319132,1.4913913225226134,0.8748119118794113
63.460002071157746,10.425124032421117,24.955331308179293,1.4895904349140705,0.889966760257968
63.460002071157746,10.425767377463451,24.83542648792075,1.4873527088315022,0.9041209900676331
63.460002071157746,10.426410722505786,24.71704634747595,1.484887963085036,0.9174640400784426
63.460002071157746,10.42705406754812,24.628270939692626,1.482609083725273,0.9283908502518522
63.460002071157746,10.427697412590454,24.536711415871444,1.5026167197243858,0.9379719373606104
63.46025101969553,10.367544395429794,,,
63.46025101969553,10.368187746068932,29.255042293475622,1.4999999999134939,0.05094790410451954
63.46025101969553,10.36883109670807,29.246561744934123,1.499999999985243,0.051428975018911284
63.46025101969553,10.369474447347207,29.217508218787934,1.5000000000019076,0.05355085412621081
63.46025101969553,10.370117797986344,29.185961000183266,1.5000000000080982,0.055895686412368244
63.46025101969553,10.370761148625482,29.154904810651782,1.5000000000085094,0.05824783044864551
63.46025101969553,10.37140449926462,29.125020243384153,1.499999999996253,0.06057235554287151
63.46025101969553,10.372047849903758,29.096600221703458,1.499999999961951,0.06285597969806175
63.46025101969553,10.372691200542896,29.06871831125902,1.4999999999226985,0.0651737516317779
63.46025101969553,10.373334551182033,29.04036212909949,1.4999999999191185,0.06761973125673484
63.46025101969553,10.37397790182117,29.010499859203087,1.4999999999922613,0.0702902762303363
63.46025101969553,10.374621252460308,28.97723252691266,1.5000000001565326,0.07337578815453367
63.46025101969553,10.375264603099446,28.942147565106715,1.500000000276104,0.07671141584995463
63.46025101969553,10.375907953738583,28.908500923169758,1.5000000001754659,0.07995943181816684
63.46025101969553,10.376551304377722,28.879695778628207,1.499999999673025,0.08276792745262836
63.46025101969553,10.37719465501686,28.857607684464657,1.4999999988321258,0.0849624087963555
63.46025101969553,10.377838005655997,28.83724368600069,1.4999999983574708,0.08708950592176765
63.46025101969553,10.378481356295135,28.812598945680424,1.4999999990331252,0.08979956883049944
63.46025101969553,10.379124706934272,28.77872730581524,1.500000001828182,0.09362492362570465
63.46025101969553,10.37976805757341,28.73798549167535,1.5000000059153904,0.09830087898975096
63.46025101969553,10.380411408212547,28.694470781267395,1.50000000702632,0.10338957562338227
63.46025101969553,10.381054758851684,28.652132631625257,1.5000000007030745,0.10847054553405719
63.46025101969553,10.381698109490824,28.612123377879957,1.4999999822266796,0.11345984569579766
63.46025101969553,10.382341460129961,28.57126788944276,1.4999999622587747,0.11877120250925582
63.46025101969553,10.382984810769099,28.52891015680646,1.499999962780374,0.1244991318769856
63.46025101969553,10.383628161408236,28.48443827450839,1.5000000064448182,0.13073536793634177
63.46025101969553,10.399711927386678,27.29882893633089,1.4999978182240223,0.36969789801421954
63.46025101969553,10.400355278025815,27.2827494947283,1.4999972955614922,0.3737808397959511
63.46025101969553,10.400998628664953,27.250970098548024,1.4999964904512504,0.38189267616806505
63.46025101969553,10.401641979304092,27.21595778400815,1.499995624389182,0.39084172659787486
63.46025101969553,10.40228532994323,27.18094544074594,1.499994604753328,0.39980519945709125
63.46025101969553,10.402928680582367,27.149054431019376,1.4999933353883643,0.4079890822584488
63.46025101969553,10.403572031221504,27.123390087375988,1.4999917238916893,0.4146063234499863
63.46025101969553,10.404215381860642,27.100660946550022,1.4999896975483793,0.420516848864806
63.46025101969553,10.404858732499779,27.075322965478012,1.499987188712585,0.4271591279341042
63.46025101969553,10.405502083138916,27.04226945356598,1.4999841238056422,0.4358563777348253
63.46025101969553,10.406145433778054,27.002617753561616,1.4999803369867093,0.4463025077142247
63.46025101969553,10.406788784417193,26.95824993107219,1.4999756366375763,0.4580112804778585
63.46025101969553,10.40743213505633,26.910265721387468,1.4999698401345467,0.470704865800906
63.46025101969553,10.408075485695468,26.858919231977122,1.4999627299370333,0.4843264939376714
63.46025101969553,10.408718836334605,26.80373229664267,1.49995389050276,0.49899198657779537
63.46025101969553,10.409362186973743,26.74905420198587,1.4999429011252314,0.5135322325018266
63.46025101969553,10.41000553761288,26.69962395607956,1.4999293482557277,0.5266752380114185
63.46025101969553,10.410648888252018,26.658682850317778,1.4999126536291105,0.5375403206676992
63.46025101969553,10.411292238891155,26.621826556071817,1.4998918481514472,0.5472808994346701
63.46025101969553,10.411935589530295,26.582257827621486,1.499866015576518,0.5577012374758548
63.46025101969553,10.412578940169432,26.533233806947997,1.4998342370010846,0.5705910135458124
63.46025101969553,10.41322229080857,26.47415760067982,1.499795011217443,0.5860625203134979
63.46025101969553,10.413865641447707,26.409137228137034,1.4997462861851543,0.6029193688987852
63.46025101969553,10.414508992086844,26.340850397498198,1.4996861082505801,0.6203468460978534
63.46025101969553,10.415152342725982,26.271497432755297,1.4996124217525622,0.6376716124116758
63.46025101969553,10.41579569336512,26.198859680217865,1.4995216895159353,0.6555671805331176
63.46025101969553,10.416439044004257,26.124554769456534,1.4994101373315007,0.6736461249417414
63.46025101969553,10.417082394643396,26.05154492010818,1.499274167296838,0.6911307236648463
63.46025101969553,10.417725745282533,25.980808252849773,1.4991095963380496,0.70764532414163
63.46025101969553,10.41836909592167,25.907526249672557,1.4989087627129056,0.7241259221209772
63.46025101969553,10.419012446560808,25.833235629241134,1.498663722661136,0.7403876250848567
63.46025101969553,10.419655797199946,25.76017031643732,1.4983666438394962,0.7561115495541463
63.46025101969553,10.420299147839083,25.69387484501916,1.4980069808393364,0.770131658966941
63.46025101969553,10.42094249847822,25.635801460208324,1.4975716298708006,0.7819193209770465
63.46025101969553,10.42158584911736,25.577950433847874,1.4970510815328357,0.7930768207913356
63.46025101969553,10.422229199756497,25.512285010112095,1.4964359305687098,0.8052219883592995
63.46025101969553,10.422872550395635,25.436840132091604,1.495711567600636,0.818982243370861
63.46025101969553,10.423515901034772,25.353157542861563,1.494832727291298,0.8337198256955187
63.46025101969553,10.42415925167391,25.260962632958154,1.4937459294403646,0.8488482944588076
63.46025101969553,10.424802602313047,25.15966244697677,1.4923909872391268,0.8638517879698604
63.46025101969553,10.425445952952185,25.048608922913587,1.4907079409826993,0.8788627520423995
63.46025101969553,10.426089303591322,24.93540006883612,1.4888132814871307,0.8934365821566485
63.46025101969553,10.426732654230461,24.829127999892194,1.4868552627746412,0.9069288449526203
63.46049996823331,10.368509174076454,29.257494425407998,1.5000000002487797,0.05077343144629397
63.46049996823331,10.369152530312505,29.23229103742857,1.4999999999474074,0.0524705204538273
63.46049996823331,10.369795886548555,29.2093520139023,1.499999999999005,0.0541431717907982
63.46049996823331,10.370439242784606,29.177815539337402,1.500000000002795,0.05648782904150294
63.46049996823331,10.371082599020657,29.147731711569005,1.5000000000014058,0.05877617102217613
63.46049996823331,10.371725955256707,29.12219985227772,1.4999999999964377,0.06077806288392817
63.46049996823331,10.372369311492758,29.095056631657748,1.499999999946923,0.06298223861441628
63.46049996823331,10.373012667728808,29.06704719891383,1.499999999902395,0.06533968659744216
63.46049996823331,10.373656023964859,29.036899087308907,1.4999999999166176,0.06796751847681083
63.46049996823331,10.37429938020091,29.00409158308748,1.4999999999897728,0.07089863907672242
63.46049996823331,10.37494273643696,28.969273399035554,1.500000000220798,0.07413860967344732
63.46049996823331,10.37558609267301,28.933666453302358,1.5000000003532779,0.0775235710458709
63.46049996823331,10.376229448909061,28.901797339570482,1.5000000002221856,0.08059136864995918
63.46049996823331,10.376872805145112,28.874949966987153,1.4999999997082027,0.08322518446246732
63.46049996823331,10.377516161381163,28.854451909345755,1.4999999987024464,0.08528352799936939
63.46049996823331,10.378159517617213,28.832757108349167,1.4999999984150794,0.08758937980500268
63.46049996823331,10.378802873853264,28.80151869072298,1.4999999990368948,0.09104312178595027
63.46049996823331,10.379446230089314,28.76333533796034,1.500000002360234,0.09535768778679178
63.46049996823331,10.380089586325365,28.72143944883954,1.5000000070190183,0.10017820645198615
63.46049996823331,10.380732942561416,28.679967535827014,1.500000006466502,0.10506665426032906
63.46049996823331,10.381376298797468,28.64485135492163,1.5000000004037637,0.10936570262745873
63.46049996823331,10.382019655033519,28.606740796901807,1.4999999749463169,0.11414005429759794
63.46049996823331,10.38266301126957,28.56680817520052,1.4999999445275982,0.11933957222305963
63.46049996823331,10.38330636750562,28.524321878692795,1.4999999416246432,0.1250816534752133
63.46049996823331,10.38394972374167,28.477795192365566,1.4999999874078536,0.13160790154169916
63.46049996823331,10.400033629642937,27.3100317803005,1.4999981247132372,0.36686476235778787
63.46049996823331,10.400676985878988,27.288990486122273,1.4999976135816984,0.3722188723952951
63.46049996823331,10.401320342115039,27.257005806137624,1.4999969561381568,0.38036011135441716
63.46049996823331,10.40196369835109,27.22153086161015,1.4999962352244838,0.38941412056674657
63.46049996823331,10.40260705458714,27.18750117499112,1.4999953102686276,0.39811857341459184
63.46049996823331,10.40325041082319,27.15625884170912,1.4999941731555633,0.40611630148537764
63.46049996823331,10.403893767059241,27.132007384180042,1.4999928098779605,0.4123595976199574
63.46049996823331,10.404537123295292,27.108816263035852,1.4999910460880408,0.41838604287750963
63.46049996823331,10.405180479531342,27.078613753061905,1.4999888121554243,0.426295459283269
63.46049996823331,10.405823835767393,27.0405729692612,1.4999861253608853,0.4362903224709469
63.46049996823331,10.406467192003444,27.000876972937498,1.4999829291986564,0.44673477822170105
63.46049996823331,10.407110548239494,26.95798763294508,1.4999787809444385,0.458048566104233
63.46049996823331,10.407753904475545,26.917134246726555,1.499973610910448,0.4688703007385838
63.46049996823331,10.408397260711595,26.869806415021376,1.4999673972901846,0.48143457405716794
63.46049996823331,10.409040616947646,26.816194999056293,1.4999598328386017,0.49568743990594344
63.46049996823331,10.409683973183697,26.765209647817272,1.4999499846027577,0.5092458251613866
63.46049996823331,10.410327329419747,26.716496703882633,1.4999378902392684,0.5221950572424793
63.46049996823331,10.410970685655798,26.675088422956577,1.499923441347741,0.5331813453000104
63.46049996823331,10.41161404189185,26.637128274855705,1.4999053435860885,0.5432157462638422
63.46049996823331,10.4122573981279,26.592573491954532,1.4998819635587022,0.554961461969183
63.46049996823331,10.412900754363951,26.537418620290357,1.4998536524051593,0.5694967833095969
63.46049996823331,10.413544110600002,26.479694774337275,1.4998201484786262,0.5847215341906533
63.46049996823331,10.414187466836053,26.418995124365125,1.4997772567260905,0.6005335507102553
63.46049996823331,10.414830823072103,26.361510666420287,1.4997229127690015,0.6151697177880528
63.46049996823331,10.415474179308154,26.302476893230228,1.4996579377154478,0.6299040605049798
63.46049996823331,10.416117535544204,26.232627513221253,1.4995806412976673,0.647197015174338
63.46049996823331,10.416760891780255,26.16165810257087,1.4994818362802855,0.6645330024494391
63.46049996823331,10.417404248016306,26.091581863640105,1.4993604426600329,0.6814695008717805
63.46049996823331,10.418047604252356,26.02402718216352,1.4992167230360762,0.6973844689453198
63.46049996823331,10.418690960488407,25.951069818860212,1.4990449540725215,0.7139619723672239
63.46049996823331,10.419334316724457,25.877059307585853,1.4988266298777315,0.730446662973511
63.46049996823331,10.419977672960508,25.802631930590668,1.4985633075650908,0.7469881036968793
63.46049996823331,10.420621029196559,25.742697659074302,1.498252330628875,0.7601481974773474
63.46049996823331,10.42126438543261,25.69059343017938,1.4978756482866078,0.7711764688570442
63.46049996823331,10.42190774166866,25.633753870057213,1.4974131449504497,0.7825353781333078
63.46049996823331,10.42255109790471,25.565897105393585,1.496863662352878,0.7955302128264407
63.46049996823331,10.423194454140761,25.49380987359607,1.4962627508946313,0.809751904339679
63.46049996823331,10.423837810376812,25.415859116853944,1.4955074868679565,0.8244324077894088
63.46049996823331,10.424481166612862,25.323452721128334,1.4944465808000382,0.8395000774405578
63.46049996823331,10.425124522848913,25.215407091479094,1.4931216601556232,0.855452026802425
63.46049996823331,10.425767879084963,25.10712677345651,1.4916736460336892,0.8710059179517827
63.46049996823331,10.426411235321014,25.050900070887263,1.5004593560152881,0.8899366740219126
63.46074891677109,10.368830607676104,29.253058942387753,1.5000000009078587,0.05098687213797171
63.46074891677109,10.369473969509176,29.21656051720546,1.499999999917572,0.053618484086307594
63.46074891677109,10.37011733134225,29.197265509981573,1.4999999999866762,0.05502710430601649
63.46074891677109,10.370760693175322,29.167627387734377,1.4999999999942315,0.05724026272021755
63.46074891677109,10.371404055008396,29.144688007573095,1.500000000014733,0.05899875219087064
63.46074891677109,10.37204741684147,29.12169094014546,1.5000000000003628,0.060812962557025715
63.46074891677109,10.372690778674542,29.095019478610222,1.4999999999383418,0.0630011474042646
63.46074891677109,10.373334140507616,29.065280027594582,1.499999999902673,0.06552849006228878
63.46074891677109,10.37397750234069,29.031252318283258,1.4999999998811777,0.06848686088467727
63.46074891677109,10.374620864173762,28.99778784924518,1.4999999999753924,0.07147470789618474
63.46074891677109,10.375264226006836,28.962842471236574,1.500000000236253,0.07472712248316496
63.46074891677109,10.375907587839908,28.929765784696286,1.5000000003486478,0.07786007945626232
63.46074891677109,10.376550949672982,28.900545637878924,1.5000000004419582,0.08068639157630338
63.46074891677109,10.377194311506056,28.873522590421643,1.4999999997698967,0.08337074013633493
63.46074891677109,10.377837673339128,28.85137721742265,1.4999999987411778,0.08563646194509304
63.46074891677109,10.378481035172202,28.821288629950864,1.499999998242349,0.08887305692376322
63.46074891677109,10.379124397005274,28.784060530422487,1.499999998033895,0.09299747818020647
63.46074891677109,10.379767758838348,28.74443892904468,1.5000000021924893,0.09748075044115659
63.46074891677109,10.380411120671422,28.704491173413267,1.5000000063476178,0.10210267323430464
63.46074891677109,10.381054482504494,28.672033147094382,1.500000008261209,0.10600483186502055
63.46074891677109,10.381697844337568,28.640858330686275,1.5000000025715259,0.10986802941645969
63.46074891677109,10.382341206170642,28.604162377682812,1.4999999693606494,0.11448956046503767
63.46074891677109,10.382984568003714,28.564078091997246,1.4999999393515344,0.11972059167720002
63.46074891677109,10.383627929836788,28.518409654385053,1.4999999272700744,0.12581890498102927
63.46074891677109,10.400355337496691,27.321086118379917,1.4999984101574233,0.3641020828434182
63.46074891677109,10.400998699329763,27.298084885759444,1.4999979108978247,0.36992540840985105
63.46074891677109,10.401642061162837,27.266549001306757,1.4999973654735368,0.37793577601366
63.46074891677109,10.402285422995911,27.232433745606148,1.4999967164480583,0.3866348103045197
63.46074891677109,10.402928784828983,27.1994558178142,1.4999959045905804,0.39503996958890464
63.46074891677109,10.403572146662057,27.16764613769108,1.4999949100539103,0.40316767948577775
63.46074891677109,10.404215508495131,27.14226768381304,1.4999937234157876,0.40969521597033304
63.46074891677109,10.404858870328203,27.112826395963776,1.4999921549846174,0.4173463324990442
63.46074891677109,10.405502232161277,27.075067838659944,1.4999902438553476,0.42723352692168476
63.46074891677109,10.40614559399435,27.035691069991042,1.4999878805991733,0.4375616814736345
63.46074891677109,10.406788955827423,26.996995197809387,1.4999850842808788,0.4477315445482611
63.46074891677109,10.407432317660497,26.961941536365764,1.4999813817996288,0.4569855692305093
63.46074891677109,10.40807567949357,26.92916688683813,1.4999769154153382,0.4656755756789107
63.46074891677109,10.408719041326643,26.8853998201979,1.499971436410144,0.4772994098858244
63.46074891677109,10.409362403159715,26.83596514713247,1.4999647123974416,0.49044425169289874
63.46074891677109,10.410005764992789,26.78645361963028,1.4999559880395879,0.5036091830848651
63.46074891677109,10.410649126825863,26.734313881921945,1.4999454280158746,0.5174651211809692
63.46074891677109,10.411292488658935,26.69074907988852,1.4999326999749059,0.52901731655204
63.46074891677109,10.411935850492009,26.64735577597139,1.4999163645504159,0.5404896109222549
63.46074891677109,10.412579212325083,26.594223576571814,1.4998959660184783,0.5545182735710308
63.46074891677109,10.413222574158155,26.538048378403058,1.4998710127719477,0.5693488249463599
63.46074891677109,10.413865935991229,26.482724199317033,1.4998415750702043,0.583982523183245
63.46074891677109,10.414509297824301,26.432635655579812,1.4998028225273987,0.5969967217214843
63.46074891677109,10.415152659657375,26.389692470910283,1.4997560133412957,0.6079132185543119
63.46074891677109,10.415796021490449,26.336305539098127,1.4996986675111725,0.6213113996746769
63.46074891677109,10.416439383323521,26.27102301071857,1.4996307037706007,0.6375619840623143
63.46074891677109,10.417082745156595,26.204284735715913,1.4995424698603694,0.6540421360406637
63.46074891677109,10.417726106989667,26.13795952486245,1.4994376718448181,0.6703335863255117
63.46074891677109,10.41836946882274,26.07279534552628,1.4993113822797415,0.6858165385389219
63.46074891677109,10.419012830655815,26.00043008620255,1.4991596341170663,0.7024749982047697
63.46074891677109,10.419656192488887,25.924610085685273,1.4989673971585993,0.7198491575150966
63.46074891677109,10.42029955432196,25.85187235819676,1.4987394734073076,0.7364298739131199
63.46074891677109,10.420942916155035,25.79519317710967,1.4984683756213477,0.7492314542389293
63.46074891677109,10.421586277988107,25.74207506884207,1.498136020792939,0.7607218557815959
63.46074891677109,10.42222963982118,25.681822452568177,1.4977335206680678,0.7730233152466172
63.46074891677109,10.422873001654253,25.61195245835668,1.497243877486213,0.7868098933612887
63.46074891677109,10.423516363487327,25.542018738892388,1.4967348389073256,0.8013339830968795
63.46074891677109,10.4241597253204,25.457748280625797,1.4959371060041773,0.8164050112453122
63.46074891677109,10.424803087153473,25.355066754519953,1.494909763626132,0.8328143737503206
63.46074891677109,10.425446448986547,25.26983815947462,1.493660984094354,0.8449381080504178
63.46099786530887,10.369152046868045,,,
63.46099786530887,10.36979541429825,29.206736412437103,1.499999999961491,0.054327382881646694
63.46099786530887,10.370438781728456,29.18477756694504,1.4999999999881715,0.05594044255894332
63.46099786530887,10.371082149158662,29.163997228529194,1.5000000000252118,0.05750213088815439
63.46099786530887,10.371725516588867,29.143766420543546,1.500000000035448,0.05905983304434809
63.46099786530887,10.372368884019071,29.120625097868633,1.5000000000037048,0.06090556367480413
63.46099786530887,10.373012251449277,29.092699539361515,1.4999999999354043,0.06321697161301926
63.46099786530887,10.373655618879482,29.060155213743805,1.4999999998577391,0.06598132392723967
63.46099786530887,10.374298986309688,29.025760435360244,1.4999999998383255,0.06896701336389074
63.46099786530887,10.374942353739893,28.992621570978862,1.4999999999806835,0.07192826343477524
63.46099786530887,10.375585721170099,28.96022428260098,1.5000000002532883,0.0749292970519824
63.46099786530887,10.376229088600304,28.93074415140549,1.5000000006061898,0.07772196152032337
63.46099786530887,10.376872456030508,28.901267063967026,1.5000000005822811,0.08060619280085923
63.46099786530887,10.377515823460714,28.872494208602465,1.4999999996620557,0.08350240493940235
63.46099786530887,10.37815919089092,28.841507435381136,1.4999999982533034,0.08674385043108969
63.46099786530887,10.378802558321125,28.804220787495947,1.4999999965600592,0.09077943417212084
63.46099786530887,10.37944592575133,28.76624264817241,1.4999999973452178,0.09499068518349854
63.46099786530887,10.380089293181536,28.72829137219953,1.500000002637922,0.0992964311877372
63.46099786530887,10.380732660611741,28.69647878099077,1.5000000099004451,0.10302394708421421
63.46099786530887,10.381376028041945,28.668263898464573,1.500000014852679,0.1064556784046993
63.46099786530887,10.38201939547215,28.6380139804504,1.500000004168559,0.1102293356164502
63.46099786530887,10.382662762902356,28.601479687090514,1.499999969138647,0.11485391834527742
63.46099786530887,10.383306130332562,28.55880375444846,1.4999999324032052,0.12036710713593046
63.46099786530887,10.383949497762767,28.510688245170854,1.4999999241344224,0.12685283801068364
63.46099786530887,10.400677050948104,27.331426697362208,1.4999986241064716,0.36153469213519085
63.46099786530887,10.40132041837831,27.309597775062834,1.4999981754599696,0.36702378279440806
63.46099786530887,10.401963785808515,27.279140167446883,1.4999976975523632,0.3747520378853863
63.46099786530887,10.40260715323872,27.24755967540202,1.4999971080079844,0.38276637943935077
63.46099786530887,10.403250520668925,27.21426326458863,1.4999964138285513,0.3912315055722716
63.46099786530887,10.40389388809913,27.180811789899277,1.4999955566501972,0.3997767175973984
63.46099786530887,10.404537255529336,27.149209038927136,1.4999944862736783,0.4079174750570433
63.46099786530887,10.405180622959541,27.110699135936557,1.4999931162274607,0.4179339256882605
63.46099786530887,10.405823990389747,27.071701303676086,1.499991466162522,0.4281284840674614
63.46099786530887,10.406467357819952,27.034107725929598,1.499989430476009,0.43797286579835903
63.46099786530887,10.407110725250156,27.001514817917705,1.4999868553523836,0.4465314149362746
63.46099786530887,10.407754092680362,26.97396012907829,1.4999836407530596,0.4538005093420383
63.46099786530887,10.408397460110567,26.944662672721424,1.4999797614443946,0.4615697220001473
63.46099786530887,10.409040827540773,26.90453399675755,1.4999749786172538,0.472232244424603
63.46099786530887,10.409684194970978,26.858758789337262,1.4999687893745075,0.48440266494931805
63.46099786530887,10.410327562401184,26.806611153229838,1.4999612343023192,0.4982651222145541
63.46099786530887,10.41097092983139,26.752650101621597,1.499952020517203,0.5125954575860237
63.46099786530887,10.411614297261593,26.70453399194579,1.4999405956590692,0.5253461485958278
63.46099786530887,10.412257664691799,26.650494396142072,1.4999259029125604,0.5396399925098497
63.46099786530887,10.412901032122004,26.59569496800026,1.4999082000036854,0.5541249037003029
63.46099786530887,10.41354439955221,26.542754715213253,1.4998864665935285,0.5681207784653384
63.46099786530887,10.414187766982415,26.495370901993823,1.4998595884569428,0.5806198989875953
63.46099786530887,10.414831134412621,26.457019752806886,1.4998256233340075,0.590569013899298
63.46099786530887,10.415474501842825,26.419128403336064,1.4997850129239199,0.6002809680091313
63.46099786530887,10.41611786927303,26.3699260183788,1.4997352813955593,0.6127547227862241
63.46099786530887,10.416761236703236,26.31131094077714,1.4996729515654956,0.6275270990893427
63.46099786530887,10.417404604133441,26.250366009900638,1.4995965612979139,0.6428492577408578
63.46099786530887,10.418047971563647,26.1861564429458,1.499505852460134,0.6587522103388934
63.46099786530887,10.418691338993852,26.121041986247658,1.499396117045606,0.674359248759549
63.46099786530887,10.419334706424058,26.049416716005332,1.499257584829115,0.6912443061555147
63.46099786530887,10.419978073854262,25.975593392335263,1.499092018034586,0.7084994895819545
63.46099786530887,10.420621441284467,25.905233871304283,1.498895606160044,0.724752279469364
63.46099786530887,10.421264808714673,25.84744178643256,1.4986581783349948,0.7379225020240202
63.46099786530887,10.421908176144878,25.78772952380986,1.4983651551708173,0.7508620007754488
63.46099786530887,10.422551543575084,25.725397699395923,1.4980171034569096,0.7638669346002834
63.46099786530887,10.42319491100529,25.655435645121493,1.4975903910874844,0.7780496767683004
63.46099786530887,10.423838278435495,25.577740945410824,1.497036119356027,0.7932208432261947
63.46099786530887,10.424481645865699,25.499050707533396,1.496326651878743,0.8069864362411051
63.46099786530887,10.425125013295904,25.46366364557874,1.498577106230971,0.8280247954046176
63.46124681384665,10.370116864679892,29.203396606937375,1.5000000001558265,0.054553371623098854
63.46124681384665,10.370760237707337,29.179439868233796,1.5000000000366427,0.05632115516321823
63.46124681384665,10.371403610734784,29.16086385608197,1.5000000000653564,0.05772321429926571
63.46124681384665,10.372046983762232,29.14069644380079,1.5000000000595974,0.05929852649410779
63.46124681384665,10.372690356789679,29.116200258013432,1.5000000000024456,0.06127925663528887
63.46124681384665,10.373333729817125,29.086489332683573,1.4999999998958438,0.06373809738806692
63.46124681384665,10.373977102844572,29.053909801320028,1.499999999805573,0.06649709736818325
63.46124681384665,10.37462047587202,29.020782563182884,1.4999999998236961,0.06937415184722454
63.46124681384665,10.375263848899467,28.98981984877644,1.5000000000317681,0.07215220219533222
63.46124681384665,10.375907221926912,28.959969785825855,1.5000000004981244,0.07492018193678132
63.46124681384665,10.37655059495436,28.930516905137775,1.5000000008091992,0.07774062515346873
63.46124681384665,10.377193967981807,28.9003875007255,1.500000000508482,0.08072091934573274
63.46124681384665,10.377837341009254,28.867847491637978,1.4999999991209112,0.08403562672234105
63.46124681384665,10.3784807140367,28.830943273341855,1.4999999966946274,0.08792899588011163
63.46124681384665,10.379124087064147,28.7920335453152,1.499999995560723,0.09214326482749756
63.46124681384665,10.379767460091594,28.754031295332798,1.499999998048489,0.09635674794060516
63.46124681384665,10.380410833119042,28.72076533259382,1.500000006867224,0.10014699398736719
63.46124681384665,10.381054206146487,28.692904272682007,1.5000000184007363,0.10343938568672616
63.46124681384665,10.381697579173935,28.66566297845568,1.5000000205781183,0.10677480939408525
63.46124681384665,10.382340952201382,28.63433841029155,1.5000000021902893,0.11068466310785939
63.46124681384665,10.382984325228827,28.595407485723605,1.4999999550680183,0.11557523252514418
63.46124681384665,10.383627698256275,28.54977582437077,1.4999999122594734,0.12148849323403416
63.46124681384665,10.384271071283722,28.499714216599145,1.4999999210706028,0.12836385729524483
63.46124681384665,10.40099876999734,27.34498938627103,1.4999987578138083,0.35813127804848427
63.46124681384665,10.401642143024787,27.32300274043102,1.499998394789687,0.36366174024448855
63.46124681384665,10.402285516052235,27.29376571986574,1.4999979817082738,0.37105152584658047
63.46124681384665,10.402928889079682,27.261854118213453,1.499997489178987,0.37912487109348797
63.46124681384665,10.403572262107128,27.228267912147235,1.499996878372816,0.38765447453016966
63.46124681384665,10.404215635134575,27.193463421963227,1.4999961188355122,0.39654663882448893
63.46124681384665,10.404859008162022,27.155065353757543,1.499995194952549,0.4064545904952655
63.46124681384665,10.40550238118947,27.114809667724785,1.499994020184216,0.4169104975612587
63.46124681384665,10.406145754216915,27.075915623616186,1.4999925447672775,0.427049346446971
63.46124681384665,10.406789127244362,27.042087286430377,1.4999907468241855,0.4358817693660611
63.46124681384665,10.40743250027181,27.016373093352506,1.4999885390892944,0.4426159841865936
63.46124681384665,10.408075873299257,26.99229182497902,1.4999857428151662,0.448960263232545
63.46124681384665,10.408719246326703,26.963539871918293,1.4999822438701464,0.45657757929380394
63.46124681384665,10.40936261935415,26.92487657315985,1.4999780190320822,0.4668514426585266
63.46124681384665,10.410005992381597,26.87692928002965,1.4999727465370805,0.4795959958565082
63.46124681384665,10.410649365409045,26.82433490457809,1.499966076717056,0.49356775093634747
63.46124681384665,10.41129273843649,26.77109582901774,1.4999577626005134,0.5076919930537437
63.46124681384665,10.411936111463937,26.71718389741646,1.499947759287667,0.5219727841319975
63.46124681384665,10.412579484491385,26.661644764135247,1.499935194346065,0.5366689051887323
63.46124681384665,10.413222857518832,26.607870664791218,1.4999194378044645,0.5508938090677433
63.46124681384665,10.413866230546278,26.558742146758085,1.4999000660923105,0.563898799236693
63.46124681384665,10.414509603573725,26.52038159327048,1.4998767794968797,0.5740371056315491
63.46124681384665,10.415152976601172,26.486494984881627,1.4998475245084186,0.5828982460078989
63.46124681384665,10.41579634962862,26.449025425304928,1.4998111238371508,0.5925785161882725
63.46124681384665,10.416439722656065,26.40112240306401,1.499767101275123,0.6048879521923874
63.46124681384665,10.417083095683513,26.34769485334278,1.4997138680830262,0.618620690584633
63.46124681384665,10.41772646871096,26.290078630871974,1.4996478041745178,0.6332569530414484
63.46124681384665,10.418369841738407,26.229535237836796,1.4995667386259564,0.6483048727336574
63.46124681384665,10.419013214765853,26.165737798003445,1.499470123476727,0.6637475996747324
63.46124681384665,10.4196565877933,26.095654116751387,1.4993519543767113,0.6804800393576452
63.46124681384665,10.420299960820747,26.02535231510901,1.4992072323420818,0.6970633877704108
63.46124681384665,10.420943333848195,25.95997104447828,1.4990327460878867,0.7122974573548969
63.46124681384665,10.42158670687564,25.899113453962087,1.498834231964132,0.7261560221633394
63.46124681384665,10.422230079903088,25.837766930891014,1.4985932825257153,0.7396261675126948
63.46124681384665,10.422873452930535,25.7726899774907,1.498291323307297,0.7534404222309571
63.46124681384665,10.423516825957982,25.70335360650456,1.4978907923862363,0.7676093877497033
63.46124681384665,10.424160198985428,25.63755723248721,1.496361973106598,0.7745115426321275
63.46124681384665,10.424803572012875,,,
63.46149576238443,10.37043832065426,29.20360818130413,1.5000000003704428,0.0545274212185262
63.46149576238443,10.371081699279058,29.174111054390426,1.5000000000483404,0.0567190097937268
63.46149576238443,10.371725077903857,29.156969753372422,1.5000000001183897,0.058033584678874484
63.46149576238443,10.372368456528655,29.135360270447766,1.5000000000752354,0.05974914495996344
63.46149576238443,10.373011835153452,29.10633701083755,1.4999999999965425,0.06210027951473793
63.46149576238443,10.373655213778251,29.075884577232095,1.4999999998889457,0.06461997178270622
63.46149576238443,10.374298592403049,29.044189476924362,1.4999999998094309,0.06730131117377167
63.46149576238443,10.374941971027846,29.015826536226246,1.4999999998775295,0.06977905581485166
63.46149576238443,10.375585349652646,28.99035560788428,1.500000000045644,0.07208913628399548
63.46149576238443,10.376228728277443,28.961685673865603,1.50000000052311,0.07477271879609743
63.46149576238443,10.37687210690224,28.931822305672117,1.5000000007051777,0.07765863270040473
63.46149576238443,10.37751548552704,28.898285487670403,1.5000000002342246,0.08097121807617112
63.46149576238443,10.378158864151837,28.86370080061014,1.4999999990356483,0.08448747213227464
63.46149576238443,10.378802242776635,28.824912373036135,1.499999996597291,0.08858913933647154
63.46149576238443,10.379445621401432,28.78517552277039,1.4999999965135171,0.09289580584918611
63.46149576238443,10.380089000026231,28.748085162551437,1.4999999993992639,0.09701991304877657
63.46149576238443,10.380732378651029,28.71688569395186,1.5000000078747,0.10059731158665855
63.46149576238443,10.381375757275826,28.6907580622139,1.5000000197287529,0.10370985164563673
63.46149576238443,10.382019135900626,28.66169704631454,1.5000000160275697,0.10726511421234476
63.46149576238443,10.382662514525423,28.628343781529356,1.4999999984668353,0.11143281563616422
63.46149576238443,10.38330589315022,28.58733467663837,1.4999999550742698,0.11662075683039015
63.46149576238443,10.38394927177502,28.53962636978735,1.4999999219003979,0.12287845333166507
63.46149576238443,10.384592650399817,28.484595744980396,1.4999999388097853,0.13053558957680303
63.46149576238443,10.400677116019768,27.37562970732636,1.4999991649989135,0.35053205674807275
63.46149576238443,10.401320494644565,27.360027820076553,1.49999889345678,0.35438332499304986
63.46149576238443,10.401963873269363,27.33897927524865,1.4999985908164908,0.3596838365951724
63.46149576238443,10.402607251894162,27.310877042875404,1.4999982420633724,0.3667654963649086
63.46149576238443,10.40325063051896,27.278710869982817,1.499997824938069,0.3748816317793996
63.46149576238443,10.403894009143757,27.24357485600801,1.4999972781876278,0.3837824686843826
63.46149576238443,10.404537387768556,27.207924630805593,1.4999966099721072,0.3928567628589844
63.46149576238443,10.405180766393354,27.16883048700341,1.4999958161690286,0.4029352501846997
63.46149576238443,10.405824145018151,27.127899945182097,1.4999947884346614,0.4135450697302458
63.46149576238443,10.40646752364295,27.088871747504616,1.4999934810333997,0.42367935474184976
63.46149576238443,10.407110902267748,27.056921837352988,1.499991894251442,0.4319900544057567
63.46149576238443,10.407754280892545,27.034912315194966,1.4999900048218964,0.4377320194976011
63.46149576238443,10.408397659517343,27.011387830583516,1.4999875242805514,0.44391867073376323
63.46149576238443,10.409041038142142,26.983277263577587,1.4999844443144181,0.4513693357367002
63.46149576238443,10.40968441676694,26.945619629892363,1.4999807123944175,0.4613717132038184
63.46149576238443,10.410327795391737,26.896849741986017,1.4999761668172151,0.47432649583104647
63.46149576238443,10.410971174016536,26.84486545564294,1.4999701767294746,0.4881177609382727
63.46149576238443,10.411614552641334,26.793508769328874,1.4999628703197854,0.5017284693663702
63.46149576238443,10.412257931266131,26.741729581749546,1.499954134799221,0.5154456102497705
63.46149576238443,10.41290130989093,26.686644736821123,1.499943223230125,0.5300273997727822
63.46149576238443,10.413544688515728,26.633025329809488,1.4999291377112527,0.5442328171528672
63.46149576238443,10.414188067140525,26.584202436157728,1.4999121308827237,0.557193795562188
63.46149576238443,10.414831445765325,26.549114884146807,1.4998920230620714,0.5665151187192132
63.46149576238443,10.415474824390122,26.516233972603064,1.4998663387528044,0.575164309013491
63.46149576238443,10.41611820301492,26.473039688709836,1.499833920871955,0.5863915804677908
63.46149576238443,10.416761581639719,26.42142470277317,1.4997953075816592,0.5997515625854406
63.46149576238443,10.417404960264516,26.369762383425137,1.4997500902889676,0.6131889015642285
63.46149576238443,10.418048338889314,26.317576411204396,1.4996922163528386,0.6265288805550567
63.46149576238443,10.418691717514111,26.269659677265548,1.4996225335690672,0.6384041153166644
63.46149576238443,10.41933509613891,26.211220863585034,1.4995368861987048,0.6525924031505811
63.46149576238443,10.419978474763708,26.144458797884706,1.4994347907711727,0.6686485926082456
63.46149576238443,10.420621853388505,26.080200481269763,1.4993060049549478,0.6839763440001295
63.46149576238443,10.421265232013305,26.01841311003499,1.4991503685757068,0.6985533895789932
63.46149576238443,10.421908610638102,25.959506961580995,1.498995809058973,0.7121225544021098
63.46149576238443,10.4225519892629,25.895832318784244,1.4988110091343516,0.7263341159770945
63.46149576238443,10.423195367887699,25.83624777129928,1.4984044590168222,0.7385326858638639
63.46149576238443,10.423838746512496,25.817610469392626,1.5008947077527661,0.757711104764837
63.46174471092221,10.370759782221525,29.20264178640916,1.5000000004934488,0.054579700091462735
63.46174471092221,10.371403166443784,29.1731852780404,1.500000000125959,0.056803825811650804
63.46174471092221,10.372046550666042,29.152867257853153,1.5000000001105096,0.05839026056455308
63.46174471092221,10.372689934888301,29.12346029101841,1.5000000000427045,0.060732308710981106
63.46174471092221,10.373333319110559,29.093672571925826,1.4999999999932567,0.0631476673440169
63.46174471092221,10.373976703332819,29.064128926587298,1.4999999998942044,0.06559302898628876
63.46174471092221,10.374620087555076,29.03740891788835,1.4999999998691687,0.06786415955064465
63.46174471092221,10.375263471777336,29.01587653123601,1.4999999998641584,0.06976068989328886
63.46174471092221,10.375906855999595,28.99183535969458,1.5000000000289484,0.07195908178225753
63.46174471092221,10.376550240221853,28.963277240308965,1.5000000004482446,0.07465140764665051
63.46174471092221,10.377193624444113,28.93046917572107,1.5000000004500003,0.07781818016834574
63.46174471092221,10.37783700866637,28.894496056582,1.5000000003170815,0.08134964619845828
63.46174471092221,10.37848039288863,28.858731399357755,1.499999999145909,0.08499943931071795
63.46174471092221,10.379123777110888,28.81927747796599,1.4999999974133071,0.08917891354756936
63.46174471092221,10.379767161333147,28.78122136280227,1.499999997799973,0.09331627481351348
63.46174471092221,10.380410545555405,28.74547368194233,1.4999999994597397,0.09731589214072738
63.46174471092221,10.381053929777664,28.714967451887226,1.5000000074767155,0.10083532652059797
63.46174471092221,10.381697313999922,28.68636700240579,1.5000000135706681,0.10424537317938654
63.46174471092221,10.382340698222182,28.654604302757797,1.500000009613599,0.10813557033903573
63.46174471092221,10.38298408244444,28.619443902629293,1.4999999968788953,0.11256416732257704
63.46174471092221,10.383627466666699,28.57647777518687,1.4999999622476752,0.11805338983401338
63.46174471092221,10.384270850888958,28.524239102110187,1.4999999362495515,0.12501459382975644
63.46174471092221,10.384914235111216,28.46584321742176,1.499999958819279,0.13321736596517345
63.46174471092221,10.400355456445425,27.406483325012886,1.4999993913097138,0.3429638194216239
63.46174471092221,10.400998840667684,27.392224089481434,1.4999992310752488,0.3464198738415436
63.46174471092221,10.401642224889942,27.376166060431235,1.499999027603464,0.3504022334513798
63.46174471092221,10.402285609112202,27.356094748271193,1.4999987704319435,0.355433759549327
63.46174471092221,10.40292899333446,27.32814836385134,1.4999984772269652,0.36244582026382044
63.46174471092221,10.403572377556719,27.294951910261886,1.4999980995784834,0.3707945470660247
63.46174471092221,10.404215761778977,27.259241760244706,1.4999976279735496,0.37979260158815026
63.46174471092221,10.404859146001236,27.22373688655237,1.4999970427151934,0.3888146086758704
63.46174471092221,10.405502530223494,27.184468744275673,1.4999963500855933,0.39892111405053227
63.46174471092221,10.406145914445753,27.144554624678378,1.4999954257973964,0.4092276530912312
63.46174471092221,10.406789298668011,27.106301734837608,1.499994304153923,0.4191354323476234
63.46174471092221,10.40743268289027,27.076064136210448,1.4999929125849398,0.42697419467506703
63.46174471092221,10.40807606711253,27.053704649877183,1.499991242113461,0.4327914344742082
63.46174471092221,10.408719451334788,27.02883404494903,1.499989038683947,0.4393284388681632
63.46174471092221,10.409362835557047,27.003243593519315,1.4999863771793809,0.4461079145703777
63.46174471092221,10.410006219779305,26.96558365339216,1.4999831028025137,0.45609804385951475
63.46174471092221,10.410649604001565,26.91795397048905,1.4999790006595002,0.4687283452897066
63.46174471092221,10.411292988223822,26.86897128013685,1.4999737532946735,0.48170276656282207
63.46174471092221,10.411936372446082,26.820017903309147,1.4999673978758061,0.4946762349261823
63.46174471092221,10.41257975666834,26.769670412237982,1.4999597961793034,0.5080189863011917
63.46174471092221,10.413223140890599,26.71604109432315,1.4999499479402103,0.5222363163767834
63.46174471092221,10.413866525112857,26.662999261802717,1.4999378738421836,0.5363314249645748
63.46174471092221,10.414509909335116,26.615168898072366,1.4999229304529829,0.549039915825806
63.46174471092221,10.415153293557374,26.579865116203347,1.4999053025069693,0.55843170837524
63.46174471092221,10.415796677779634,26.538389633957454,1.4998820468618508,0.5693320274281917
63.46174471092221,10.416440062001893,26.489776680732373,1.499854153860357,0.5820164273239786
63.46174471092221,10.41708344622415,26.439148720505308,1.4998208256122336,0.5952060495783968
63.46174471092221,10.41772683044641,26.391959907216773,1.499781619475396,0.6075514324956999
63.46174471092221,10.418370214668668,26.351373569340332,1.4997322205595975,0.617899591051604
63.46174471092221,10.419013598890928,26.311411918561614,1.4996725350987037,0.6278587341714945
63.46174471092221,10.419656983113185,26.25831507625644,1.4995961119450725,0.6408480661625289
63.46174471092221,10.420300367335445,26.199194844194757,1.4995036691034485,0.6552278010503926
63.46174471092221,10.420943751557703,26.140285012251297,1.4993845869141418,0.6694468209866882
63.46174471092221,10.421587135779962,26.081935953030527,1.4992543506533733,0.6834482026443945
63.46174471092221,10.42223052000222,26.025004278398683,1.499143887432778,0.6968206012173095
63.46174471092221,10.42287390422448,25.97160988559794,1.4987503220214844,0.7079006986660419
63.46174471092221,10.423517288446737,,,
63.46199365945999,10.371081249381847,,,
63.46199365945999,10.371724639201677,29.17148033974525,1.5000000000565161,0.056961858800911716
63.46199365945999,10.372368029021505,29.14112643041312,1.500000000010132,0.05935099698107079
63.46199365945999,10.373011418841335,29.110086268901238,1.5000000000233435,0.06182827851248468
63.46199365945999,10.373654808661163,29.08178304631775,1.499999999996357,0.06412406669369167
63.46199365945999,10.374298198480991,29.05640629169426,1.4999999999277842,0.06622834306874231
63.46199365945999,10.374941588300821,29.035939855418302,1.4999999998420879,0.06797625116779366
63.46199365945999,10.37558497812065,29.015671791205925,1.4999999998300064,0.0697805611282427
63.46199365945999,10.37622836794048,28.991298050772315,1.5000000000176374,0.07202348100144945
63.46199365945999,10.376871757760307,28.960927556473248,1.5000000003467844,0.07488408790834072
63.46199365945999,10.377515147580137,28.92645504415024,1.5000000006487564,0.07818978044207117
63.46199365945999,10.378158537399965,28.889702425227128,1.5000000004901113,0.08181120610937244
63.46199365945999,10.378801927219795,28.852690161120663,1.4999999992944253,0.08560552534274814
63.46199365945999,10.379445317039623,28.81546998882015,1.4999999980225656,0.08955854077725044
63.46199365945999,10.380088706859452,28.778975601667675,1.4999999972421914,0.09355382628286167
63.46199365945999,10.380732096679282,28.743585872538098,1.4999999987346762,0.0975384934686649
63.46199365945999,10.38137548649911,28.711450924228213,1.5000000044957764,0.10126256882742904
63.46199365945999,10.38201887631894,28.67912970455069,1.5000000079170899,0.10512871293099262
63.46199365945999,10.382662266138768,28.64511310930473,1.5000000076804216,0.10933329602797032
63.46199365945999,10.383305655958598,28.607304550135346,1.4999999987381731,0.11412813431810834
63.46199365945999,10.383949045778426,28.5606741438983,1.4999999715307855,0.12016909898040998
63.46199365945999,10.384592435598254,28.494859545931458,1.4999999406463211,0.12899869826686808
63.46199365945999,10.385235825418084,28.451499627532723,1.4999999774903183,0.1353132808553726
63.46199365945999,10.399390401454319,27.485890513114736,1.4999998709082898,0.32398467085789806
63.46199365945999,10.400033791274149,27.44476036768766,1.499999622286628,0.33372370752700425
63.46199365945999,10.400677181093977,27.42401223968839,1.499999456397245,0.33866849486926637
63.46199365945999,10.401320570913807,27.408540094460292,1.4999993109451282,0.3424268653062942
63.46199365945999,10.401963960733635,27.392158248688947,1.4999991386175782,0.34646658785664586
63.46199365945999,10.402607350553465,27.371482603819505,1.4999989302239385,0.3516120950734807
63.46199365945999,10.403250740373293,27.3428513720035,1.4999986691862086,0.3587581043454157
63.46199365945999,10.403894130193123,27.31040370268383,1.4999983341138752,0.3668692189983771
63.46199365945999,10.404537520012951,27.275384676139787,1.4999979248311786,0.37567106524436056
63.46199365945999,10.40518090983278,27.23958900737574,1.499997420710808,0.38475595383136746
63.46199365945999,10.40582429965261,27.201833633457184,1.4999967833024466,0.3944379186042151
63.46199365945999,10.406467689472437,27.16344206235964,1.4999959810402432,0.4043281435088354
63.46199365945999,10.407111079292267,27.12678509600621,1.4999950071420924,0.41380051554053987
63.46199365945999,10.407754469112096,27.09685616615372,1.4999938120818548,0.4215396904945187
63.46199365945999,10.408397858931925,27.071668821423035,1.4999922704506303,0.42808855683956276
63.46199365945999,10.409041248751754,27.048223046610286,1.499990367579375,0.43423656138015176
63.46199365945999,10.409684638571582,27.021370069695994,1.4999880476244516,0.44132886750769823
63.46199365945999,10.410328028391412,26.983781960849303,1.4999851535461461,0.4512786876540364
63.46199365945999,10.41097141821124,26.94087987344481,1.4999814222426997,0.4626300385584423
63.46199365945999,10.41161480803107,26.89497819048349,1.4999768901938129,0.4747832387206994
63.46199365945999,10.412258197850898,26.84759534321067,1.4999714055687323,0.4873439859654943
63.46199365945999,10.412901587670728,26.798914511450374,1.499964576190876,0.5002618594235988
63.46199365945999,10.413544977490556,26.747999511109143,1.4999559543717034,0.5137983149877063
63.46199365945999,10.414188367310386,26.696514208156643,1.4999454615266776,0.5274865837838985
63.46199365945999,10.414831757130214,26.64853454360769,1.49993251404679,0.5402271960767506
63.46199365945999,10.415475146950042,26.604392972509146,1.4999161547938658,0.5518971817676608
63.46199365945999,10.416118536769872,26.555771642458204,1.4998958093222412,0.5646619506692837
63.46199365945999,10.4167619265897,26.507957547687198,1.4998719914144754,0.5771914122127555
63.46199365945999,10.41740531640953,26.462242795372344,1.499844078799879,0.589188327589956
63.46199365945999,10.418048706229358,26.423818702042304,1.4998100563993564,0.5992013212955575
63.46199365945999,10.418692096049188,26.390221521896883,1.4997683604610441,0.6078313996728467
63.46199365945999,10.419335485869016,26.354946004165708,1.499714992757938,0.616740427931932
63.46199365945999,10.419978875688845,26.30887738614629,1.4996453904385174,0.6281754460461322
63.46199365945999,10.420622265508674,26.258011658714437,1.4995545922404232,0.6407105304254112
63.46199365945999,10.421265655328503,26.203341490747633,1.4994522442195997,0.6541723624035897
63.46199365945999,10.421909045148332,26.14956218876089,1.4993532902600881,0.6674273771446297
63.46199365945999,10.42255243496816,26.114972883613035,1.50076711545984,0.684703911318072
63.46224260799778,10.372046117552902,29.166283383111825,1.4999999998110525,0.05736736469729538
63.46224260799778,10.37268951297041,29.135017623845922,1.499999999865139,0.05983264183291146
63.46224260799778,10.373332908387919,29.103228283941334,1.499999999960631,0.062375909467363946
63.46224260799778,10.373976303805428,29.074452759440444,1.500000000005508,0.06471621231005677
63.46224260799778,10.374619699222936,29.05257623247395,1.4999999998914704,0.0665385436339691
63.46224260799778,10.375263094640445,29.033731951931294,1.4999999997788573,0.0681666667269663
63.46224260799778,10.375906490057954,29.013019529115358,1.4999999997967326,0.07003370841097524
63.46224260799778,10.376549885475463,28.985494464404404,1.5000000000374505,0.07257031676496542
63.46224260799778,10.377193280892971,28.9533219638654,1.5000000005938317,0.07558261556434069
63.46224260799778,10.37783667631048,28.918059910593204,1.5000000009386136,0.07896579539058513
63.46224260799778,10.378480071727989,28.881697943872293,1.5000000005942247,0.08257442129705773
63.46224260799778,10.379123467145497,28.846416834656623,1.4999999991783493,0.08623517642814482
63.46224260799778,10.379766862563006,28.809953200952055,1.4999999967352164,0.09014139423140101
63.46224260799778,10.380410257980515,28.77419108418253,1.4999999956720567,0.09408703028732421
63.46224260799778,10.381053653398023,28.739862351316805,1.499999997736295,0.09797734647132904
63.46224260799778,10.381697048815532,28.70532867815203,1.5000000042840909,0.1020028927210106
63.46224260799778,10.38234044423304,28.670711720941075,1.5000000115856464,0.1061895644944867
63.46224260799778,10.38298383965055,28.633418006532633,1.5000000129709967,0.11083300717765034
63.46224260799778,10.383627235068058,28.59147677612213,1.5000000041262018,0.11619188802092399
63.46224260799778,10.384270630485567,28.534141730818106,1.499999974379958,0.12372475338309716
63.46224260799778,10.384914025903075,28.47599724525656,1.4999999603874279,0.131650049305331
63.46224260799778,10.399068725088267,27.532336916103418,1.5000000019539432,0.31295192604124383
63.46224260799778,10.399712120505775,27.492818785942415,1.49999976509123,0.32223267093837415
63.46224260799778,10.400355515923284,27.46000042777554,1.4999996194540823,0.3299881261154299
63.46224260799778,10.400998911340793,27.441693839742985,1.4999995173409375,0.3343549413460722
63.46224260799778,10.401642306758301,27.425447478921132,1.499999400423054,0.33828287727354117
63.46224260799778,10.40228570217581,27.406743779366053,1.4999992543086094,0.34286800107587123
63.46224260799778,10.402929097593319,27.382107326994355,1.4999990698930177,0.34896373024606464
63.46224260799778,10.403572493010827,27.352872104976534,1.4999988473032837,0.3562115316785621
63.46224260799778,10.404215888428336,27.321124339585467,1.4999985621980452,0.3641134678254471
63.46224260799778,10.404859283845845,27.287485008981186,1.4999981966001437,0.37255525080421076
63.46224260799778,10.405502679263353,27.255070859976396,1.4999977473904045,0.3807922542352355
63.46224260799778,10.406146074680862,27.218000707640478,1.499997211145774,0.3902864375319732
63.46224260799778,10.40678947009837,27.18084586259418,1.4999965220788294,0.3998424809328025
63.46224260799778,10.40743286551588,27.14697667321001,1.499995647446379,0.408569591427629
63.46224260799778,10.408076260933388,27.11688320652932,1.4999945927682827,0.4163191872792244
63.46224260799778,10.408719656350897,27.092549054267735,1.4999933046790528,0.4226242926914681
63.46224260799778,10.409363051768405,27.0674190715144,1.4999916386649985,0.4291914591770308
63.46224260799778,10.410006447185914,27.036413758463002,1.499989526884254,0.4373520842637189
63.46224260799778,10.410649842603423,26.9984143650142,1.4999870098732555,0.44738977430456195
63.46224260799778,10.411293238020932,26.958068654947525,1.4999838796969287,0.4580558661081232
63.46224260799778,10.41193663343844,26.91525035724525,1.4999798965331521,0.46938861900669626
63.46224260799778,10.412580028855949,26.873412372855288,1.4999749934351454,0.48048691574102786
63.46224260799778,10.413223424273458,26.82666443659659,1.4999692064271029,0.492908786148286
63.46224260799778,10.413866819690966,26.777042707730725,1.4999618876874334,0.5061058350299487
63.46224260799778,10.414510215108475,26.728253872914525,1.4999525038269033,0.5190722962858187
63.46224260799778,10.415153610525984,26.682573900145574,1.4999409393975105,0.531188194508554
63.46224260799778,10.415797005943492,26.63450735023291,1.4999269966044226,0.5438682420320831
63.46224260799778,10.416440401361001,26.58549930160696,1.4999096944964025,0.5567520774840303
63.46224260799778,10.41708379677851,26.538456666974653,1.4998889036394123,0.5691176443384864
63.46224260799778,10.417727192196018,26.496694271531947,1.4998650321467206,0.5801416762173663
63.46224260799778,10.418370587613527,26.465864875578646,1.4998377676751589,0.5883006439599116
63.46224260799778,10.419013983031036,26.436739050530083,1.499800950954508,0.5958874758675481
63.46224260799778,10.419657378448544,26.401110602698648,1.4997493102857153,0.6049641180970574
63.46224260799778,10.420300773866053,26.35605911490609,1.499677534895309,0.6163741387198628
63.46224260799778,10.420944169283562,26.307166615240085,1.4995946427742637,0.6287363046386547
63.46224260799778,10.42158756470107,26.260048093140476,1.4995164879138767,0.64070241884695
63.46224260799778,10.42223096011858,26.538517989042006,1.6373617947710433,0.7376709905700705
63.46249155653556,10.372367601497622,29.1643152832411,1.4999999996264433,0.057514118809644556
63.46249155653556,10.373011002512921,29.134137098935707,1.4999999997846596,0.05986641235870671
63.46249155653556,10.373654403528219,29.102174310628026,1.499999999963213,0.06242972165797977
63.46249155653556,10.374297804543517,29.072198705504306,1.5000000000060147,0.06489597487701321
63.46249155653556,10.374941205558814,29.050412943738856,1.499999999875702,0.06673900006969923
63.46249155653556,10.375584606574114,29.031600486038407,1.499999999766426,0.06839046645467814
63.46249155653556,10.376228007589411,29.00560764573246,1.4999999998324938,0.07073316084976575
63.46249155653556,10.376871408604709,28.97344502338901,1.500000000049182,0.07369088644413962
63.46249155653556,10.377514809620006,28.939380095331195,1.5000000006303442,0.07687970502516946
63.46249155653556,10.378158210635304,28.905032351007485,1.500000000861131,0.08019495486747755
63.46249155653556,10.378801611650603,28.873953098258884,1.5000000004404435,0.08334931992291711
63.46249155653556,10.3794450126659,28.84080308601829,1.499999999094146,0.08682591195491007
63.46249155653556,10.380088413681198,28.80561486176701,1.4999999964285675,0.09062704344791925
63.46249155653556,10.380731814696496,28.771494919824196,1.4999999959149513,0.09441228572236514
63.46249155653556,10.381375215711795,28.73486092905564,1.4999999980612173,0.09854178252319011
63.46249155653556,10.382018616727093,28.69695638929312,1.500000004619309,0.10299071531868907
63.46249155653556,10.38266201774239,28.65940202379115,1.500000012983803,0.10756937123294921
63.46249155653556,10.383305418757688,28.618436121079412,1.500000012971376,0.11272959387747894
63.46249155653556,10.383948819772987,28.56979550959278,1.5000000045233453,0.11907675100584972
63.46249155653556,10.384592220788285,28.506053016821394,1.4999999745614416,0.12751484619781717
63.46249155653556,10.385235621803583,28.461797872594435,1.4999999778864248,0.1336742895119462
63.46249155653556,10.39874704312484,27.578159141361,1.5000000380262748,0.3021800810661269
63.46249155653556,10.399390444140138,27.54458204981769,1.4999998707647497,0.3099763650343907
63.46249155653556,10.400033845155438,27.50502605298523,1.4999997414867459,0.31925733875536433
63.46249155653556,10.400677246170735,27.478836222102135,1.499999665336079,0.3254338257889239
63.46249155653556,10.401320647186033,27.457636605432636,1.4999995814078622,0.3304777758453807
63.46249155653556,10.40196404820133,27.438933383859492,1.4999994851499154,0.3349827715553323
63.46249155653556,10.40260744921663,27.415659825519175,1.4999993536197624,0.3406718063454223
63.46249155653556,10.403250850231927,27.38588154974245,1.4999991947187474,0.3480226871107895
63.46249155653556,10.403894251247225,27.35537797541599,1.4999990002356451,0.35555315680110994
63.46249155653556,10.404537652262523,27.32526000198387,1.499998750774616,0.3630256154807748
63.46249155653556,10.405181053277822,27.299330422152927,1.4999984265982274,0.36954663511125097
63.46249155653556,10.40582445429312,27.272768071530354,1.499998039884227,0.37629988262682573
63.46249155653556,10.406467855308417,27.238024896029646,1.499997578113471,0.38518848778993237
63.46249155653556,10.407111256323715,27.203571226086602,1.4999969710182834,0.39402897984535296
63.46249155653556,10.407754657339014,27.169049267709006,1.499996215504738,0.40286483870981943
63.46249155653556,10.408398058354312,27.135582406931558,1.4999952953847604,0.41144352409442697
63.46249155653556,10.40904145936961,27.109393944677542,1.4999941810331259,0.418203497900682
63.46249155653556,10.409684860384907,27.080420275095783,1.4999926786514486,0.42576091307437003
63.46249155653556,10.410328261400204,27.043982256960415,1.4999908522015823,0.4353574290422362
63.46249155653556,10.410971662415504,27.004897283428676,1.499988649259874,0.4456569703705966
63.46249155653556,10.411615063430801,26.9669323040296,1.4999859574097487,0.4556801621362895
63.46249155653556,10.412258464446099,26.932556739533158,1.4999824349014184,0.46478395610862516
63.46249155653556,10.412901865461397,26.899934391492298,1.4999782463653548,0.47344955329604316
63.46249155653556,10.413545266476696,26.856460982789983,1.4999731986430183,0.4850014955986027
63.46249155653556,10.414188667491993,26.809504845739582,1.4999668017211663,0.49748788568028196
63.46249155653556,10.414832068507291,26.76435251791052,1.4999584690490047,0.5094784710085117
63.46249155653556,10.415475469522589,26.721586808641167,1.4999486156302877,0.5208225441085307
63.46249155653556,10.416118870537888,26.67469516289599,1.4999367009598328,0.5331936997973219
63.46249155653556,10.416762271553186,26.625429309847352,1.4999218353798625,0.5461706743083209
63.46249155653556,10.417405672568483,26.57683793772376,1.4999043190292676,0.5590048751419207
63.46249155653556,10.41804907358378,26.537333794359576,1.4998830288925282,0.5694962019092252
63.46249155653556,10.41869247459908,26.51124620622788,1.499860614227046,0.5765287125478561
63.46249155653556,10.419335875614378,26.478072586980506,1.4998229010813429,0.5851811174492245
63.46249155653556,10.419979276629675,26.43202472862653,1.4997619602035188,0.597012424971626
63.46249155653556,10.420622677644973,26.391098129179007,1.4996994345010333,0.6077434718516839
63.46249155653556,10.421266078660272,26.37275981864035,1.4997880130200174,0.6139736305610677
63.46274050507334,10.372689091036005,,,
63.46274050507334,10.373332497649201,29.135133176541736,1.4999999995949564,0.05975375902010657
63.46274050507334,10.373975904262398,29.10242458852417,1.49999999993981,0.0623889734411829
63.46274050507334,10.374619310875595,29.07239531297997,1.5000000000018758,0.06488151680871282
63.46274050507334,10.375262717488791,29.050148794001068,1.4999999998644935,0.06679317128226706
63.46274050507334,10.37590612410199,29.02448012908566,1.4999999998147222,0.06906276175126126
63.46274050507334,10.376549530715186,28.99273305383887,1.499999999831158,0.07192809236809491
63.46274050507334,10.377192937328383,28.95927398483335,1.5000000000489353,0.07500912480179756
63.46274050507334,10.37783634394158,28.925803912435093,1.5000000005342795,0.07815615459513982
63.46274050507334,10.378479750554776,28.89613278551165,1.5000000005973275,0.08107683258920967
63.46274050507334,10.379123157167973,28.868044638304227,1.5000000003579723,0.08396175070074391
63.46274050507334,10.37976656378117,28.836911488243324,1.4999999990733413,0.08724978345810312
63.46274050507334,10.380409970394368,28.804120219632164,1.4999999972140396,0.09080927685371881
63.46274050507334,10.381053377007564,28.768565243983097,1.499999997325621,0.0947254223683115
63.46274050507334,10.381696783620761,28.72886674984271,1.4999999989184714,0.09922044449252584
63.46274050507334,10.382340190233958,28.688213842065704,1.5000000049219706,0.10403363992167669
63.46274050507334,10.382983596847154,28.646700467651566,1.5000000094472015,0.10915208832002243
63.46274050507334,10.38362700346035,28.599525243523892,1.5000000081356841,0.11522909266200956
63.46274050507334,10.38427041007355,28.546545233694548,1.5000000016065311,0.12220030155594334
63.46274050507334,10.384913816686746,28.489503855683385,1.4999999865840479,0.12980053964584057
63.46274050507334,10.39842535556388,27.62509039340358,1.4999999835940916,0.2912641639276755
63.46274050507334,10.399068762177077,27.592087432740595,1.4999999240554038,0.2988440821305117
63.46274050507334,10.399712168790273,27.555635614811738,1.4999998249362363,0.3073126997150098
63.46274050507334,10.40035557540347,27.524480053311958,1.4999997704049752,0.3145970564593482
63.46274050507334,10.400998982016667,27.49708500924835,1.4999997104447773,0.32105352685948646
63.46274050507334,10.401642388629865,27.472796180472354,1.4999996411726992,0.32682622045439436
63.46274050507334,10.402285795243062,27.44846347747762,1.499999551792025,0.3326880050495476
63.46274050507334,10.402929201856258,27.418196848196622,1.4999994396194412,0.3400845391114951
63.46274050507334,10.403572608469455,27.387714160548615,1.4999993013779154,0.3475788768480414
63.46274050507334,10.404216015082651,27.35876077720772,1.4999991308206653,0.35469793455479404
63.46274050507334,10.404859421695848,27.335389262304673,1.499998903256616,0.36049416989324085
63.46274050507334,10.405502828309046,27.31645023968631,1.4999986313978368,0.36524938360280634
63.46274050507334,10.406146234922243,27.29286370361893,1.499998295339051,0.3712341782119236
63.46274050507334,10.40678964153544,27.26147018519348,1.4999978881045737,0.3792484860237204
63.46274050507334,10.407433048148636,27.228098159293154,1.499997352979618,0.38775348838937146
63.46274050507334,10.408076454761833,27.189594430941074,1.4999967141642463,0.3975616594496641
63.46274050507334,10.40871986137503,27.153799005100634,1.4999959045683737,0.4067164282080771
63.46274050507334,10.409363267988226,27.123175631344477,1.4999948839702082,0.41461322462264627
63.46274050507334,10.410006674601425,27.08671766025764,1.4999935709515164,0.4241353919823162
63.46274050507334,10.410650081214621,27.049533302312483,1.4999920108922158,0.4339107215914184
63.46274050507334,10.411293487827818,27.012841822155373,1.499990110166515,0.4435572116981628
63.46274050507334,10.411936894441014,26.981935038130356,1.4999876874431242,0.4517063908411344
63.46274050507334,10.412580301054211,26.95620549851016,1.49998471443044,0.458517973456461
63.46274050507334,10.413223707667408,26.927226596154817,1.4999810695330742,0.46621173510394226
63.46274050507334,10.413867114280604,26.88703545924262,1.499976648474053,0.4768894705818112
63.46274050507334,10.414510520893803,26.84539769395244,1.4999707868299847,0.48794920940606584
63.46274050507334,10.415153927507,26.80386683573839,1.4999638555693255,0.4989802605838059
63.46274050507334,10.415797334120196,26.762213996482764,1.4999554001312896,0.5100285050776109
63.46274050507334,10.416440740733393,26.715557825683845,1.499945146292937,0.5223509742560605
63.46274050507334,10.41708414734659,26.66675877751902,1.4999326150183336,0.5352567198713079
63.46274050507334,10.417727553959786,26.61913290608068,1.4999176665310792,0.5478779049689582
63.46274050507334,10.418370960572984,26.580707553800398,1.499898546279417,0.5581332652163882
63.46274050507334,10.41901436718618,26.548745024952236,1.4998737880286852,0.5666671154271691
63.46274050507334,10.419657773799377,26.507101395824755,1.499829198308537,0.5776489346954121
63.46274050507334,10.420301180412574,26.48907719829515,1.4997513082178975,0.5820361393568717
63.46274050507334,10.42094458702577,26.613131455518666,1.5399426462385786,0.6581458832806751
63.46298945361112,10.373653998379416,29.136551832396847,1.4999999994960203,0.05961261713329283
63.46298945361112,10.374297410590621,29.10293036344592,1.4999999998485662,0.06233246430079913
63.46298945361112,10.374940822801827,29.072524675647912,1.5000000000046092,0.06487699317516753
63.46298945361112,10.375584235013033,29.04509046101162,1.4999999998888074,0.06726816896774386
63.46298945361112,10.376227647224237,29.01350762191436,1.4999999997941864,0.07007856888812919
63.46298945361112,10.376871059435443,28.98019932915286,1.4999999998092954,0.0730944625856564
63.46298945361112,10.377514471646649,28.947331785887968,1.500000000036854,0.07612806656419017
63.46298945361112,10.378157883857854,28.91748616181998,1.5000000003813136,0.07897024282060865
63.46298945361112,10.378801296069058,28.89074180363848,1.500000000613814,0.08162398416974621
63.46298945361112,10.379444708280264,28.864428913550444,1.5000000004069323,0.08433890966762879
63.46298945361112,10.38008812049147,28.83567977538223,1.499999999394194,0.08738776726876188
63.46298945361112,10.380731532702676,28.802455995240518,1.4999999984713803,0.09096668758434016
63.46298945361112,10.38137494491388,28.764586618194276,1.4999999981570895,0.09514851091332284
63.46298945361112,10.382018357125085,28.723100147602704,1.4999999992009976,0.09989641338864387
63.46298945361112,10.382661769336291,28.679239720135485,1.5000000020379194,0.10515449441032472
63.46298945361112,10.383305181547497,28.631641999227494,1.5000000029716205,0.11114861604964685
63.46298945361112,10.383948593758701,28.581023206510885,1.5000000022872193,0.11771814157749795
63.46298945361112,10.384592005969907,28.527949546257357,1.4999999997282272,0.12471095167556556
63.46298945361112,10.385235418181113,28.477781904980333,1.4999999953592968,0.13142932475799735
63.46298945361112,10.398103662405218,27.67100410465396,1.4999999540801698,0.2807977242135608
63.46298945361112,10.398747074616423,27.638308274707345,1.4999999148757253,0.2881510830842143
63.46298945361112,10.39939048682763,27.60619184026617,1.4999998741588263,0.29549995608917257
63.46298945361112,10.400033899038835,27.575183293765544,1.4999998356472222,0.3026721178010356
63.46298945361112,10.400677311250039,27.544580102046766,1.4999997958027282,0.30982254439481755
63.46298945361112,10.401320723461245,27.51454534688982,1.4999997478806097,0.316904895553819
63.46298945361112,10.40196413567245,27.485449472571016,1.4999996856149431,0.3238314476250206
63.46298945361112,10.402607547883656,27.45378686527713,1.499999606979125,0.3314730877605681
63.46298945361112,10.40325096009486,27.42217780249843,1.4999995089424685,0.3391646847156539
63.46298945361112,10.403894372306066,27.393391455342165,1.4999993862853613,0.3462017052878194
63.46298945361112,10.404537784517272,27.369937359278588,1.4999992297741893,0.351944607299451
63.46298945361112,10.405181196728478,27.352767643899202,1.4999990365018727,0.35617638494729437
63.46298945361112,10.405824608939682,27.336498504750136,1.4999987991034898,0.36024361892866585
63.46298945361112,10.406468021150888,27.315241062948395,1.4999985067481756,0.36562152582587243
63.46298945361112,10.407111433362093,27.28572268887776,1.499998138884258,0.37310474326192317
63.46298945361112,10.407754845573297,27.249293567105187,1.499997682903031,0.3823402188942664
63.46298945361112,10.408398257784503,27.209700633621637,1.4999971102156766,0.3924044118720132
63.46298945361112,10.409041669995709,27.171438386990044,1.4999963838429673,0.40218229119835747
63.46298945361112,10.409685082206915,27.132884858547165,1.4999954627084966,0.41214795479402544
63.46298945361112,10.410328494418119,27.095109071071345,1.4999943443548087,0.42199537551147626
63.46298945361112,10.410971906629324,27.06008052708969,1.4999929860310008,0.4311688779028112
63.46298945361112,10.41161531884053,27.029445148490716,1.499991307195269,0.4391979867736539
63.46298945361112,10.412258731051736,27.00501168686324,1.49998920719005,0.44561733804369275
63.46298945361112,10.41290214326294,26.981918208146688,1.4999866023517328,0.4517138301964113
63.46298945361112,10.413545555474146,26.954620654160376,1.4999833701114977,0.45894968439329586
63.46298945361112,10.414188967685352,26.919625948899885,1.4999792938746013,0.4682374345947374
63.46298945361112,10.414832379896557,26.882294195529617,1.4999743242572159,0.47815212456471423
63.46298945361112,10.415475792107761,26.842487402533905,1.4999683252911948,0.48872213516890967
63.46298945361112,10.416119204318967,26.80054046931712,1.4999610659706977,0.49984727306504
63.46298945361112,10.416762616530173,26.755259326211863,1.4999524184162576,0.5118409382743986
63.46298945361112,10.417406028741379,26.70790312687896,1.4999420592912234,0.5243928665973671
63.46298945361112,10.418049440952583,26.661894949574076,1.4999285455532694,0.5366163947073226
63.46298945361112,10.418692853163789,26.621341092456127,1.4999100273680823,0.5474396233727377
63.46298945361112,10.419336265374994,26.59649293030624,1.4998667543987274,0.5540337473797171
63.46298945361112,10.419979677586198,26.602833342487976,1.4999573805352142,0.5552419774499092
63.4632384021489,10.37397550470373,29.134790713219033,1.50000000039737,0.05984292913607936
63.4632384021489,10.374618922513053,29.107779385771725,1.4999999997438747,0.061894922998939034
63.4632384021489,10.375262340322376,29.072447890161325,1.4999999999915097,0.06488642621976047
63.4632384021489,10.3759057581317,29.04139046737472,1.499999999855206,0.06761236103301003
63.4632384021489,10.376549175941022,29.007716732671568,1.499999999727784,0.07062177756099623
63.4632384021489,10.377192593750346,28.973378460791995,1.49999999976526,0.07374370239648281
63.4632384021489,10.377836011559669,28.940668586882254,1.500000000024369,0.07676327048379832
63.4632384021489,10.378479429368992,28.91404370176909,1.5000000005601486,0.07929955386955123
63.4632384021489,10.379122847178316,28.889551289796888,1.5000000008802583,0.0817368950483963
63.4632384021489,10.379766264987639,28.864106747257264,1.5000000005922012,0.08436489834125666
63.4632384021489,10.380409682796962,28.836854251421475,1.4999999995253153,0.08725522708542235
63.4632384021489,10.381053100606286,28.80184175353515,1.4999999979317082,0.09102226743583317
63.4632384021489,10.381696518415609,28.762534732774665,1.499999997273551,0.09538995488974172
63.4632384021489,10.382339936224932,28.718935990837164,1.4999999983110512,0.10042577478079544
63.4632384021489,10.382983354034256,28.673970520434455,1.5000000009731949,0.10586417063562306
63.4632384021489,10.383626771843579,28.625032885639342,1.5000000029443206,0.11207709606529587
63.4632384021489,10.384270189652902,28.573311388137327,1.500000003213985,0.11879469850840514
63.4632384021489,10.384913607462225,28.52015561014595,1.5000000014080763,0.1257576691095792
63.4632384021489,10.397781963648692,27.714526484678075,1.4999999623979565,0.2709222967176564
63.4632384021489,10.398425381458015,27.682594780280642,1.4999999319239563,0.2780107107139758
63.4632384021489,10.399068799267338,27.650396053739968,1.4999999012470069,0.28531603649502274
63.4632384021489,10.399712217076662,27.622159786754967,1.4999998695809624,0.2917812416660428
63.4632384021489,10.400355634885985,27.59162213921803,1.499999844998224,0.2988462476907391
63.4632384021489,10.400999052695308,27.56144492720194,1.4999998160930024,0.3058955242395479
63.4632384021489,10.401642470504632,27.53153685149645,1.499999773331319,0.3129238465113756
63.4632384021489,10.402285888313955,27.500765878572462,1.4999997113203956,0.3202137958029089
63.4632384021489,10.402929306123278,27.467460691104705,1.499999644627193,0.3282243357530056
63.4632384021489,10.403572723932601,27.435555730371572,1.4999995569971154,0.3359426578978973
63.4632384021489,10.404216141741925,27.407350703273124,1.499999445332819,0.34279338085564226
63.4632384021489,10.404859559551248,27.38893375451883,1.4999993053542182,0.347253980159015
63.4632384021489,10.405502977360571,27.375571996532145,1.4999991398027634,0.3505138668690306
63.4632384021489,10.406146395169895,27.36008948882598,1.4999989297643557,0.3543669374640491
63.4632384021489,10.406789812979218,27.339568719703852,1.4999986591605785,0.35955377702115227
63.4632384021489,10.407433230788541,27.307609690816548,1.499998342523839,0.3676146463396718
63.4632384021489,10.408076648597865,27.26976918181436,1.499997936208931,0.3771751764534397
63.4632384021489,10.408720066407188,27.23014703872486,1.4999974115786607,0.38721849026549343
63.4632384021489,10.409363484216511,27.192115378221686,1.4999967233338007,0.3969059242165499
63.4632384021489,10.410006902025835,27.153631875700395,1.499995963150046,0.4068406631102842
63.4632384021489,10.410650319835158,27.116732520679005,1.4999949932607783,0.4164264802238179
63.4632384021489,10.411293737644481,27.08283985132849,1.4999938169881164,0.425243473434398
63.4632384021489,10.411937155453804,27.05588575603614,1.4999923184637445,0.4322562191630257
63.4632384021489,10.412580573263128,27.034547023024768,1.49999050692831,0.4378338803020333
63.4632384021489,10.413223991072451,27.011678416533524,1.499988137478784,0.4438469001025561
63.4632384021489,10.413867408881774,26.98011642138324,1.499985098678816,0.45219615986871003
63.4632384021489,10.414510826691098,26.94547337615246,1.4999816131226273,0.4613767714339233
63.4632384021489,10.415154244500421,26.909793108781983,1.4999773862218369,0.4708480228875901
63.4632384021489,10.415797662309744,26.872307151949755,1.4999720923427025,0.48079472202670037
63.4632384021489,10.416441080119068,26.834868191869685,1.4999649270699515,0.49073070240208544
63.4632384021489,10.417084497928391,26.78939755723052,1.4999584266314852,0.5027826269314694
63.4632384021489,10.417727915737714,26.742774391845693,1.4999503450754537,0.5151585331957823
63.4632384021489,10.418371333547038,26.703505610723347,1.49993490924051,0.5256185608366115
63.4632384021489,10.419014751356361,26.688666983831347,1.4998660997619166,0.5289907414423212
63.4632384021489,10.419658169165684,26.853335793075583,1.5171252937402377,0.5965562858105705
63.463487350686684,10.374297016622306,29.12635694331853,1.4999999809635503,0.06055572084407051
63.463487350686684,10.374940440029857,29.110562717622177,1.4999999997276823,0.06164592602507972
63.463487350686684,10.375583863437408,29.074997766125712,1.4999999999485272,0.06466875650233452
63.463487350686684,10.376227286844959,29.041061054809646,1.4999999998215485,0.06766514666088486
63.463487350686684,10.37687071025251,29.005648630464172,1.499999999715288,0.07084412692162784
63.463487350686684,10.37751413366006,28.969811302059203,1.4999999998107318,0.07409634992329606
63.463487350686684,10.378157557067611,28.938057891830642,1.5000000000333755,0.07701372432872639
63.463487350686684,10.378800980475162,28.913213317650886,1.5000000005740208,0.07937665393864926
63.463487350686684,10.379444403882713,28.88930246391187,1.500000000775836,0.08175246331623023
63.463487350686684,10.380087827290264,28.867740060693052,1.5000000004744327,0.08398382993609453
63.463487350686684,10.380731250697815,28.840643711917647,1.4999999994713713,0.08685618211990677
63.463487350686684,10.381374674105366,28.804413607726495,1.499999997812298,0.09076187383242143
63.463487350686684,10.382018097512917,28.76226970059295,1.4999999974664633,0.09547972765730119
63.463487350686684,10.382661520920468,28.717009270201576,1.4999999984714132,0.10066718668151343
63.463487350686684,10.38330494432802,28.672556612656834,1.5000000009251104,0.10606653225827854
63.463487350686684,10.38394836773557,28.623179826795447,1.5000000030546767,0.11234853904559233
63.463487350686684,10.38459179114312,28.57182049187202,1.5000000030899097,0.11896879947038604
63.463487350686684,10.38523521455067,28.52094984295787,1.5000000015246888,0.12562362867120339
63.463487350686684,10.385878637958221,28.462899588099653,1.5000000011890917,0.13348785906922858
63.463487350686684,10.397460259294137,27.75505863567114,1.499999970784356,0.26184273171151695
63.463487350686684,10.398103682701688,27.719901323344935,1.4999999494625158,0.26969607786366867
63.463487350686684,10.398747106109239,27.688707780794513,1.499999926995072,0.2766590634054366
63.463487350686684,10.39939052951679,27.665100261070464,1.4999999000119684,0.28197797775965744
63.463487350686684,10.40003395292434,27.639535155275237,1.4999998766123372,0.2878263232069922
63.463487350686684,10.400677376331892,27.610683513171914,1.4999998615904837,0.2944943038398953
63.463487350686684,10.401320799739443,27.581640072870318,1.499999836588717,0.301243530182232
63.463487350686684,10.401964223146994,27.551569307574077,1.4999997818739077,0.30821773470576824
63.463487350686684,10.402607646554545,27.520150400917228,1.4999997234143427,0.31560953534392866
63.463487350686684,10.403251069962096,27.486058308453263,1.4999996691602844,0.32376266861869507
63.463487350686684,10.403894493369647,27.45409752952149,1.4999995997614686,0.3314483358444168
63.463487350686684,10.404537916777198,27.427073932474627,1.4999994844103706,0.33797862831696285
63.463487350686684,10.405181340184749,27.411045222638897,1.499999356189958,0.34181530183694503
63.463487350686684,10.405824763592298,27.398203892989645,1.4999992202564405,0.344925784513774
63.463487350686684,10.406468186999849,27.38340603586729,1.499999038533768,0.3486143657311922
63.463487350686684,10.4071116104074,27.364673226398896,1.4999987769898055,0.3533355100814507
63.463487350686684,10.40775503381495,27.33200557785313,1.49999849003703,0.3615390785741984
63.463487350686684,10.408398457222502,27.29360173859807,1.499998137589162,0.3711975902831458
63.463487350686684,10.409041880630053,27.253528812565513,1.4999976174587486,0.38127530762274314
63.463487350686684,10.409685304037604,27.21793354035285,1.4999969919152518,0.3903092011164291
63.463487350686684,10.410328727445155,27.181117299004818,1.4999963542192432,0.3997888165569785
63.463487350686684,10.410972150852706,27.145496726750153,1.4999955890544259,0.4089874264093929
63.463487350686684,10.411615574260257,27.113905851259858,1.4999945458865516,0.417140582569889
63.463487350686684,10.412258997667807,27.087916610621523,1.4999931524558927,0.42385664640372106
63.463487350686684,10.412902421075358,27.06612715592548,1.4999915255546568,0.42952436306776176
63.463487350686684,10.41354584448291,27.036050597815,1.4999892898507252,0.4374308861441709
63.463487350686684,10.41418926789046,26.999859457560312,1.4999864780950602,0.44697773570938976
63.463487350686684,10.414832691298011,26.9646061791682,1.4999835731955127,0.45629272330041803
63.463487350686684,10.415476114705562,26.931069423347935,1.4999801349056576,0.46518042257294884
63.463487350686684,10.416119538113112,26.900632396869007,1.4999755633502758,0.47326564010925054
63.463487350686684,10.416762961520663,26.86888509907327,1.4999676271555562,0.4816978926657721
63.463487350686684,10.417406384928213,26.825298731266876,1.49996271372929,0.4932571224918123
63.463487350686684,10.418049808335764,26.789990764584292,1.4999492636040583,0.5026327766640043
63.463487350686684,10.418693231743315,26.790960909325285,1.5000367537580543,0.5046083980669045
63.463487350686684,10.419336655150866,,,
63.463736299224465,10.375261963141197,29.110938029261643,1.5000000004361507,0.061672990478202044
63.463736299224465,10.375905392147086,29.07877702236557,1.4999999999317046,0.06434423594615263
63.463736299224465,10.376548821152973,29.042481178702594,1.4999999998192999,0.0675663734478857
63.463736299224465,10.377192250158862,29.005075793893255,1.4999999998083924,0.07092166483253866
63.463736299224465,10.37783567916475,28.969384753931102,1.4999999998524935,0.07414321224358358
63.463736299224465,10.378479108170637,28.93895001672336,1.5000000000404639,0.07692901118107175
63.463736299224465,10.379122537176526,28.914472193875046,1.500000000419169,0.07924936692314234
63.463736299224465,10.379765966182413,28.893572886474047,1.5000000004590808,0.08130960599019824
63.463736299224465,10.380409395188302,28.872516221145418,1.5000000002676608,0.08348915025383255
63.463736299224465,10.381052824194189,28.843574360918527,1.4999999994254491,0.08655073818505211
63.463736299224465,10.381696253200078,28.80511810073199,1.4999999984673469,0.09072126900492923
63.463736299224465,10.382339682205966,28.76211612457621,1.4999999985539276,0.09548526745700106
63.463736299224465,10.382983111211853,28.717147966679292,1.4999999991787347,0.10063637295700095
63.463736299224465,10.383626540217742,28.672668983386565,1.5000000010454608,0.10605624928913288
63.463736299224465,10.384269969223629,28.624629477961157,1.5000000019369601,0.1121146729184741
63.463736299224465,10.384913398229518,28.5766090543497,1.5000000013879982,0.11829828853292793
63.463736299224465,10.385556827235405,28.526028510883513,1.5000000006353158,0.12492403274511525
63.463736299224465,10.386200256241294,28.467794437910968,1.5000000012295227,0.13280635614990682
63.463736299224465,10.38684368524718,28.419604190202353,1.5000000008259728,0.13965350425001008
63.463736299224465,10.396495120335501,27.8251631987366,1.4999999939670932,0.2467431183820817
63.463736299224465,10.397138549341388,27.7878120523853,1.4999999795596262,0.2548940004016177
63.463736299224465,10.397781978347277,27.754574554851654,1.499999965254307,0.2621715630653028
63.463736299224465,10.398425407353166,27.72545990502431,1.4999999505378574,0.2685459665844286
63.463736299224465,10.399068836359053,27.702693078309892,1.4999999316957795,0.27356527557680044
63.463736299224465,10.399712265364942,27.682152203002044,1.4999999117637763,0.278174253024518
63.463736299224465,10.400355694370829,27.65865019358325,1.4999998971444644,0.28352677793891023
63.463736299224465,10.400999123376717,27.63230129682025,1.4999998839279003,0.2895749211853291
63.463736299224465,10.401642552382604,27.604337957374273,1.4999998438880786,0.29597308748593004
63.463736299224465,10.402285981388493,27.573629937187327,1.4999997978718176,0.30304256684576714
63.463736299224465,10.40292941039438,27.54088437042563,1.4999997564954757,0.3107068065450202
63.463736299224465,10.403572839400269,27.507219572083212,1.4999997145707618,0.31869139343460146
63.463736299224465,10.404216268406158,27.476033685529366,1.4999996350057159,0.3261510226082578
63.463736299224465,10.404859697412045,27.450414932996612,1.499999537913273,0.33230185778093574
63.463736299224465,10.405503126417933,27.434776603799563,1.4999994381506414,0.3360184749859215
63.463736299224465,10.40614655542382,27.420851114239767,1.4999993142467452,0.33939890484335017
63.463736299224465,10.40678998442971,27.408231531574053,1.499999140514786,0.3425255577922079
63.463736299224465,10.407433413435596,27.388147513018797,1.4999989165404481,0.3475364463502884
63.463736299224465,10.408076842441485,27.355001654509973,1.4999986735187831,0.3558079281283826
63.463736299224465,10.408720271447374,27.317889414370562,1.4999982939630905,0.36506337332582345
63.463736299224465,10.40936370045326,27.2797399918305,1.4999978437157748,0.37460900174872763
63.463736299224465,10.41000712945915,27.24599579637377,1.499997358232371,0.3831479804918808
63.463736299224465,10.410650558465036,27.211770713176843,1.4999968787210793,0.3919093659541813
63.463736299224465,10.411293987470925,27.180294295184503,1.4999961786724663,0.3999698582824911
63.463736299224465,10.411937416476812,27.14907892707064,1.4999952364513034,0.40799348669188135
63.463736299224465,10.412580845482701,27.12173849042166,1.4999939966556024,0.41503645660177513
63.463736299224465,10.413224274488588,27.09110038654276,1.4999923595272215,0.42301553834651934
63.463736299224465,10.413867703494477,27.054399158703845,1.4999901866429863,0.4326352870941381
63.463736299224465,10.414511132500365,27.017680811800872,1.4999880443067797,0.4422883961350599
63.463736299224465,10.415154561506252,26.98388034714326,1.499985972087625,0.4511933379190866
63.463736299224465,10.415797990512141,26.954913067840852,1.4999831965956831,0.4588512128845057
63.463736299224465,10.416441419518028,26.93156594441031,1.4999792016625513,0.46505683225151
63.463736299224465,10.417084848523917,26.90613103111118,1.4999711855387319,0.4718113023974227
63.463736299224465,10.417728277529804,26.874470009007734,1.4999606114126365,0.48019030659855555
63.463736299224465,10.418371706535693,26.970635790956173,1.5087320201977392,0.5136791655303109
63.463985247762245,10.37558349184724,29.110663997137454,1.5000000010822077,0.06176982407190011
63.463985247762245,10.376226926451574,29.082117364703386,1.5000000000109461,0.0640580412404745
63.463985247762245,10.376870361055909,29.043989655019125,1.4999999999197777,0.06744393308956045
63.463985247762245,10.377513795660244,29.00630019111017,1.4999999998516353,0.07080802791535806
63.463985247762245,10.378157230264577,28.971713525585095,1.499999999863238,0.07391930033947644
63.463985247762245,10.378800664868912,28.94278934933157,1.5000000000157403,0.07655870339950457
63.463985247762245,10.379444099473247,28.920142598622835,1.5000000002441929,0.07868397008151094
63.463985247762245,10.380087534077582,28.899361234675876,1.5000000003710494,0.08073153074182962
63.463985247762245,10.380730968681917,28.875235395123365,1.5000000002424347,0.08321802188590723
63.463985247762245,10.381374403286252,28.842972148429652,1.4999999997554523,0.08661699906037046
63.463985247762245,10.382017837890587,28.80410279967044,1.4999999993670765,0.09077867324086675
63.463985247762245,10.38266127249492,28.76165640285015,1.4999999992976563,0.09545776105141564
63.463985247762245,10.383304707099255,28.717996960967206,1.499999999642133,0.10048392347733369
63.463985247762245,10.38394814170359,28.674457784908288,1.5000000002584388,0.1057832858370289
63.463985247762245,10.384591576307924,28.628701870910973,1.5000000003961638,0.11156955355327546
63.463985247762245,10.38523501091226,28.580890210341593,1.5000000001665494,0.11775446361383388
63.463985247762245,10.385878445516594,28.53151087662736,1.4999999997686004,0.12421616221877237
63.463985247762245,10.38652188012093,28.478183929706844,1.5000000000883833,0.13139139774117348
63.463985247762245,10.387165314725262,28.419598954222085,1.500000001620329,0.13967593283267732
63.463985247762245,10.387808749329597,28.383911589414364,1.50000000270821,0.14510090212420282
63.463985247762245,10.39617339918595,27.85550387067839,1.4999999938935074,0.2407011030369522
63.463985247762245,10.396816833790282,27.820966198667872,1.4999999853072212,0.24804728459185282
63.463985247762245,10.397460268394617,27.790699791233216,1.4999999775721071,0.25450891477836485
63.463985247762245,10.398103702998952,27.764632726292025,1.4999999702056384,0.2600751883426022
63.463985247762245,10.398747137603287,27.742140144630326,1.4999999600561063,0.26491488186271256
63.463985247762245,10.399390572207622,27.721622427112163,1.4999999478035142,0.2694045679296207
63.463985247762245,10.400034006811957,27.70141374473992,1.4999999368253096,0.27390387783844367
63.463985247762245,10.400677441416292,27.679790334556273,1.4999999284359409,0.27877971815096825
63.463985247762245,10.401320876020625,27.655059261285754,1.499999906855556,0.2843582167864224
63.463985247762245,10.40196431062496,27.627108606667026,1.4999998768207436,0.29069436511809876
63.463985247762245,10.402607745229295,27.596106797820568,1.4999998492923527,0.2978003236488345
63.463985247762245,10.40325117983363,27.56257823564784,1.4999998252121307,0.3056039973537231
63.463985247762245,10.403894614437965,27.529258454054325,1.499999777606253,0.3134635625074756
63.463985247762245,10.4045380490423,27.499170314823264,1.49999971324545,0.320612659507974
63.463985247762245,10.405181483646635,27.475273959995157,1.499999642493329,0.32629730422832903
63.463985247762245,10.40582491825097,27.459156918695548,1.4999995608902326,0.3301206243579486
63.463985247762245,10.406468352855303,27.446421516738752,1.4999994489294621,0.33317739020175463
63.463985247762245,10.407111787459637,27.43119455949401,1.4999993059922219,0.33690024495080895
63.463985247762245,10.407755222063972,27.407659979591664,1.4999991311405039,0.3427071835811549
63.463985247762245,10.408398656668307,27.375996119570708,1.4999988868036183,0.3505318926571386
63.463985247762245,10.409042091272642,27.341086414357584,1.4999985811468717,0.3591831299908457
63.463985247762245,10.409685525876977,27.306460323255507,1.4999982569347166,0.36781909886105973
63.463985247762245,10.410328960481312,27.275220978843322,1.4999979425487198,0.3756980538943754
63.463985247762245,10.410972395085645,27.24516169801338,1.4999975050495449,0.38333250749694325
63.463985247762245,10.41161582968998,27.214819935633237,1.4999968716439003,0.39107634277713793
63.463985247762245,10.412259264294315,27.183652222879907,1.4999960042259557,0.39906943325579874
63.463985247762245,10.41290269889865,27.150273442752336,1.4999948207203733,0.4076792147990504
63.463985247762245,10.413546133502985,27.112736540417252,1.4999932780051743,0.41743405634562225
63.463985247762245,10.41418956810732,27.074102622803736,1.4999916778611917,0.4275192028243025
63.463985247762245,10.414833002711655,27.037829571843286,1.4999903464354571,0.43701309949470396
63.463985247762245,10.415476437315988,27.00898337626408,1.4999898038805988,0.4445818198494088
63.463985247762245,10.416119871920323,26.98836926346689,1.4999890644492901,0.45001674753747223
63.463985247762245,10.416763306524658,26.970605103955346,1.499985699422958,0.4547188788638925
63.463985247762245,10.417406741128993,26.954112275592212,1.5000509040013164,0.4598158252208397
63.463985247762245,10.418050175733327,,,
63.464234196300026,10.375905026148146,29.105388695167868,1.4999999842707257,0.062208407599470036
63.464234196300026,10.376548466351036,29.08419832863629,1.5000000002263931,0.06389839786500918
63.464234196300026,10.377191906553927,29.0467579392011,1.4999999999683342,0.06719228429941451
63.464234196300026,10.377835346756818,29.009118383204623,1.4999999999066167,0.07054212838692028
63.464234196300026,10.37847878695971,28.97637403646567,1.4999999998781677,0.0734769372871076
63.464234196300026,10.3791222271626,28.948728236500397,1.500000000015992,0.07599132620102633
63.464234196300026,10.379765667365492,28.926003706584794,1.5000000003399414,0.07813347554856057
63.464234196300026,10.380409107568383,28.903195521133412,1.5000000005264187,0.08038658595699713
63.464234196300026,10.381052547771272,28.87272454405488,1.500000000371046,0.08350573963094025
63.464234196300026,10.381695987974163,28.834705815820996,1.4999999998804339,0.08748242731209906
63.464234196300026,10.382339428177055,28.795311981557084,1.499999999397554,0.09165557675018918
63.464234196300026,10.382982868379946,28.754389700360512,1.4999999992623039,0.09616330493417133
63.464234196300026,10.383626308582837,28.718379379170734,1.499999999560481,0.1003824752079832
63.464234196300026,10.384269748785728,28.678343449845755,1.500000000015979,0.10530755034269912
63.464234196300026,10.384913188988618,28.633553910188937,1.5000000000036091,0.11100563460477017
63.464234196300026,10.385556629191509,28.586374764931865,1.4999999997234188,0.11710560287166086
63.464234196300026,10.3862000693944,28.534675074049144,1.4999999994801787,0.12382045152666081
63.464234196300026,10.386843509597291,28.486139370160764,1.4999999992401782,0.13035011865422683
63.464234196300026,10.387486949800183,28.430471475228916,1.5000000006889778,0.13819862506101827
63.464234196300026,10.388130390003074,28.38417123337173,1.5000000015457386,0.14508834408810994
63.464234196300026,10.388773830205965,28.345744096283237,1.5000000132360372,0.15116178513587633
63.464234196300026,10.395851672437765,27.892376363983107,1.4999999969843936,0.23347662258583196
63.464234196300026,10.396495112640656,27.86275334561588,1.4999999929905552,0.23954261285349768
63.464234196300026,10.397138552843547,27.83606295988692,1.4999999866682738,0.2450010153161583
63.464234196300026,10.397781993046436,27.80894232144663,1.4999999822383647,0.25062818307571666
63.464234196300026,10.398425433249328,27.780661897258152,1.4999999830427697,0.25661877151865226
63.464234196300026,10.399068873452219,27.759176981390418,1.499999977630274,0.26119531238835475
63.464234196300026,10.39971231365511,27.73965951982457,1.4999999710318628,0.26542637137398817
63.464234196300026,10.400355753858001,27.721096775871573,1.4999999699709765,0.2695384897712184
63.464234196300026,10.400999194060892,27.702372649175885,1.4999999881379507,0.27375690510602785
63.464234196300026,10.401642634263784,27.677769731796836,1.4999999740732206,0.2792434860804266
63.464234196300026,10.402286074466673,27.649671976292684,1.4999999514418676,0.28556477252820833
63.464234196300026,10.402929514669564,27.6168493183645,1.4999999541973028,0.2930241947725918
63.464234196300026,10.403572954872455,27.583542961024534,1.4999999820747236,0.30073780347554985
63.464234196300026,10.404216395075347,27.55069662157429,1.499999941026259,0.3084525205809001
63.464234196300026,10.404859835278238,27.522693151239544,1.499999865089389,0.31504553690285786
63.464234196300026,10.405503275481129,27.50046710230444,1.499999820997904,0.32025615062011514
63.464234196300026,10.406146715684018,27.48362981762629,1.499999806285374,0.32420393982557955
63.464234196300026,10.40679015588691,27.46942924229106,1.4999997189761953,0.3275765005302656
63.464234196300026,10.4074335960898,27.449233293426893,1.4999995536220951,0.33247749209266303
63.464234196300026,10.408077036292692,27.419176697821918,1.4999994834699983,0.33984209083282246
63.464234196300026,10.408720476495583,27.387526155984272,1.4999993478664062,0.34760313624670003
63.464234196300026,10.409363916698474,27.355467888248235,1.4999991323208155,0.3555030839586524
63.464234196300026,10.410007356901366,27.329974989705324,1.4999988971357872,0.36186734740643367
63.464234196300026,10.410650797104255,27.306435392620212,1.499998864935766,0.3678311377121327
63.464234196300026,10.411294237307146,27.27811440336246,1.4999984665844206,0.3750050212459285
63.464234196300026,10.411937677510037,27.2486932327387,1.499997789409071,0.38249019759831954
63.464234196300026,10.412581117712929,27.2156054276506,1.4999967702154624,0.39091793570472594
63.464234196300026,10.41322455791582,27.180461761039574,1.4999963723626142,0.3999545070324182
63.464234196300026,10.413867998118711,27.13947067994183,1.4999952244355712,0.41057158317130493
63.464234196300026,10.414511438321602,27.100323803150076,1.499994313343709,0.4207371553923831
63.464234196300026,10.415154878524492,27.07350662675332,1.499995682074022,0.4277011966837506
63.464234196300026,10.415798318727383,27.05688436974613,1.4999979983949236,0.4320277607473043
63.464234196300026,10.416441758930274,27.040057086055572,1.4999985192538206,0.4364155363333514
63.464234196300026,10.417085199133165,27.082659710521902,1.5016302753641155,0.43923723802719444
63.464483144837814,10.376226566044082,,,
63.464483144837814,10.376870011845638,29.086195245834702,1.5000000003969765,0.06375138167775972
63.464483144837814,10.377513457647195,29.0495895218426,1.5000000000785816,0.06694934386907349
63.464483144837814,10.378156903448751,29.014204303604718,1.4999999999305422,0.07007689758119624
63.464483144837814,10.378800349250309,28.983905991040217,1.499999999879957,0.07274573715459327
63.464483144837814,10.379443795051865,28.955062901429194,1.5000000000420006,0.0753914346385797
63.464483144837814,10.380087240853422,28.930273453951827,1.5000000003762954,0.07775107592396208
63.464483144837814,10.380730686654978,28.90035700386394,1.5000000004740826,0.08071861635702826
63.464483144837814,10.381374132456536,28.861395337484698,1.5000000002925216,0.08471660692935959
63.464483144837814,10.382017578258091,28.821928933986054,1.4999999998776825,0.08882588180389633
63.464483144837814,10.382661024059649,28.783545461046014,1.499999999454897,0.09287997941782149
63.464483144837814,10.383304469861205,28.751117643516505,1.4999999994311577,0.09650204223980859
63.464483144837814,10.383947915662763,28.722052888669328,1.499999999632642,0.09994173910164839
63.464483144837814,10.384591361464318,28.68329385775909,1.4999999999133902,0.10473115920599388
63.464483144837814,10.385234807265876,28.63886819688741,1.4999999997832338,0.11037721135217272
63.464483144837814,10.385878253067434,28.588170496380215,1.4999999996496667,0.11685690362833004
63.464483144837814,10.38652169886899,28.535461246545374,1.4999999995455946,0.12370291610664406
63.464483144837814,10.387165144670547,28.488541236133067,1.4999999992622746,0.13004842876899003
63.464483144837814,10.387808590472103,28.441164567986362,1.4999999993986606,0.13676622503521788
63.464483144837814,10.38845203627366,28.387844718269406,1.5000000008758194,0.14460591644338225
63.464483144837814,10.389095482075216,28.347396169769592,1.5000000067974975,0.15095644403832276
63.464483144837814,10.389738927876774,28.301686482740475,1.5000000155992808,0.15825547491995942
63.464483144837814,10.395529940090784,27.946997293337084,1.499999995608263,0.2224683665351806
63.464483144837814,10.396173385892341,27.917891816785882,1.4999999911001733,0.2282085864276369
63.464483144837814,10.396816831693897,27.88854174477082,1.4999999882209079,0.23410581106069742
63.464483144837814,10.397460277495455,27.858546221555564,1.4999999873759189,0.2402148574133647
63.464483144837814,10.39810372329701,27.82527901117348,1.499999992795189,0.2471638715391213
63.464483144837814,10.398747169098568,27.796167569212837,1.4999999947539107,0.25329189428231896
63.464483144837814,10.399390614900124,27.77506850371982,1.4999999901833019,0.25774310921016713
63.464483144837814,10.400034060701682,27.756781583424647,1.4999999873248575,0.26168027163740215
63.464483144837814,10.400677506503238,27.743522812638027,1.5000000191859724,0.26463608849695336
63.464483144837814,10.401320952304795,27.72500565864567,1.5000000368660455,0.26876809572496285
63.464483144837814,10.401964398106353,27.69996309429985,1.500000016651754,0.27430681742181867
63.464483144837814,10.402607843907909,27.669366328683232,1.5000000056054066,0.2811383685230776
63.464483144837814,10.403251289709466,27.635615705053,1.5000000815246752,0.2887359721159939
63.464483144837814,10.403894735511022,27.60412793230964,1.5000001058640324,0.2959914358094839
63.464483144837814,10.40453818131258,27.573975596011756,1.5000000254128678,0.30301843697559355
63.464483144837814,10.405181627114136,27.54911091470757,1.4999999509607185,0.3087906054064957
63.464483144837814,10.405825072915693,27.525353670568887,1.4999999897245497,0.3143241124470267
63.464483144837814,10.406468518717249,27.506199297547962,1.4999999958394983,0.3187891570980298
63.464483144837814,10.407111964518807,27.486623250265374,1.499999856898903,0.32343729496885393
63.464483144837814,10.407755410320362,27.457229012854548,1.4999997710471358,0.3305559125823247
63.464483144837814,10.40839885612192,27.425773062256564,1.4999997923234487,0.3382142576011803
63.464483144837814,10.409042301923476,27.395910783883533,1.4999997088321833,0.34548849414019134
63.464483144837814,10.409685747725034,27.373567263391386,1.4999995081335162,0.35098147342526353
63.464483144837814,10.41032919352659,27.359821342364324,1.4999996983391375,0.3544468517788797
63.464483144837814,10.410972639328147,27.339309492277597,1.4999995957816037,0.35962853161845776
63.464483144837814,10.411616085129703,27.312688465428504,1.4999990065568287,0.366344179150392
63.464483144837814,10.41225953093126,27.281526367795873,1.4999978910246292,0.37420770581779533
63.464483144837814,10.412902976732816,27.246222598201534,1.4999974084142003,0.3831355561433836
63.464483144837814,10.413546422534374,27.21046371227191,1.4999978174132123,0.39229284764016
63.464483144837814,10.41418986833593,27.170133255106492,1.4999974955832702,0.40268134182268556
63.464483144837814,10.414833314137487,27.144737292771033,1.4999999106190502,0.40919366536796464
63.464483144837814,10.415476759939043,27.126244964970862,1.5000050377941587,0.41392972497127756
63.464483144837814,10.4161202057406,27.10596151202254,1.5000482915599556,0.41927293847775654
63.464483144837814,10.416763651542158,,,
63.464732093375595,10.377191562935543,29.08896707521068,1.5000000003495324,0.06352301380319378
63.464732093375595,10.377835014335876,29.053970196464505,1.4999999999985152,0.0665572732622395
63.464732093375595,10.378478465736206,29.02217274717734,1.49999999985681,0.06929677946267707
63.464732093375595,10.379121917136539,28.990950918097454,1.4999999998900717,0.072058105127078
63.464732093375595,10.379765368536871,28.95973494503471,1.5000000000504745,0.07495517536529098
63.464732093375595,10.380408819937204,28.928403006278273,1.5000000002647915,0.07798192954221306
63.464732093375595,10.381052271337536,28.889037196781217,1.5000000002520957,0.08193833200926082
63.464732093375595,10.381695722737868,28.84878936513922,1.5000000001340856,0.08605932356277404
63.464732093375595,10.3823391741382,28.810977677807536,1.4999999998550448,0.08997293197156088
63.464732093375595,10.382982625538533,28.77943469540871,1.499999999692651,0.09332353291645425
63.464732093375595,10.383626076938864,28.75342832356219,1.4999999997159101,0.09623134777117578
63.464732093375595,10.384269528339196,28.724867127409315,1.4999999997930256,0.0996243912499788
63.464732093375595,10.384912979739529,28.68592366310874,1.4999999998761206,0.10443673433303652
63.464732093375595,10.385556431139861,28.63880813937017,1.4999999998420273,0.11035125126670356
63.464732093375595,10.386199882540193,28.58672480125391,1.4999999998278168,0.1169902511331661
63.464732093375595,10.386843333940526,28.53567204170721,1.4999999997373599,0.12364620493240473
63.464732093375595,10.387486785340858,28.48980336092628,1.499999999561971,0.12988279867273222
63.464732093375595,10.38813023674119,28.44418362069259,1.4999999994279023,0.13638048295604463
63.464732093375595,10.388773688141523,28.397918897385853,1.499999999627973,0.1432451251341096
63.464732093375595,10.389417139541854,28.351397188204505,1.5000000018726687,0.15042330646645866
63.464732093375595,10.390060590942186,28.30619709623264,1.5000000033325958,0.15763328509783325
63.464732093375595,10.390704042342518,28.26219560646953,1.5000000031632403,0.16480717513659932
63.464732093375595,10.395208202144843,28.007999019608672,1.4999999872437055,0.21024013707889733
63.464732093375595,10.395851653545176,27.975984332415496,1.4999999866125913,0.2164866757147711
63.464732093375595,10.396495104945508,27.943719169438072,1.4999999875047216,0.22288443086298582
63.464732093375595,10.39713855634584,27.910848761447873,1.4999999902446544,0.22947535580876222
63.464732093375595,10.397782007746173,27.875175891253964,1.4999999962775075,0.23678107290904415
63.464732093375595,10.398425459146505,27.84082294482833,1.4999999986560801,0.2439123096667672
63.464732093375595,10.399068910546838,27.812561094622396,1.4999999948663107,0.24980693554346847
63.464732093375595,10.399712361947168,27.792137299733355,1.4999999894835192,0.25408358701488737
63.464732093375595,10.4003558133475,27.777984111296878,1.500000012501695,0.2571167441555221
63.464732093375595,10.400999264747833,27.764634872074044,1.5000000304592316,0.2600532349869571
63.464732093375595,10.401642716148165,27.744877115467318,1.5000000215352591,0.2644051226315566
63.464732093375595,10.402286167548498,27.717548660521885,1.5000000059986,0.2704214429655984
63.464732093375595,10.40292961894883,27.68593310804339,1.5000000618590859,0.27742632039476056
63.464732093375595,10.403573070349163,27.65421638376606,1.5000000932722268,0.28451906687223816
63.464732093375595,10.404216521749495,27.625445933048706,1.5000000444919506,0.29109921861326743
63.464732093375595,10.404859973149827,27.599877514677228,1.499999971065804,0.2969684834883827
63.464732093375595,10.405503424550158,27.574826206919766,1.4999999788129248,0.3027483925294745
63.464732093375595,10.40614687595049,27.54914353029351,1.4999999921729723,0.30871349087041566
63.464732093375595,10.406790327350823,27.525390499530054,1.499999933696764,0.31426161497244787
63.464732093375595,10.407433778751155,27.49489218174036,1.4999998741595544,0.321538600113115
63.464732093375595,10.408077230151488,27.463352890631125,1.4999998306727487,0.3291335372851953
63.464732093375595,10.40872068155182,27.434757173893313,1.4999998098402596,0.3360455140881154
63.464732093375595,10.409364132952152,27.412733241112488,1.4999997181049634,0.34137340793058457
63.464732093375595,10.410007584352485,27.400688354255433,1.499999946091473,0.3443292539086595
63.464732093375595,10.410651035752815,27.389941083576492,1.4999999682179668,0.3470192191922767
63.464732093375595,10.411294487153148,27.371007920118096,1.4999994587454126,0.35176309476443574
63.464732093375595,10.41193793855348,27.344055084491863,1.4999983369169911,0.3585040156699251
63.464732093375595,10.412581389953813,27.31114896250134,1.4999974528486635,0.3667356663544284
63.464732093375595,10.413224841354145,27.275688163035873,1.4999975039459337,0.375644604815337
63.464732093375595,10.413868292754477,27.240066752827403,1.4999985783865684,0.3847049894616622
63.464732093375595,10.41451174415481,27.212616031420357,1.500002189580233,0.3916672187313413
63.464732093375595,10.415155195555142,27.18276358796708,1.4999836208608794,0.3989975331006004
63.464732093375595,10.415798646955473,27.238460266920228,1.5013181574430048,0.3967206164139836
63.464981041913376,10.377513119620914,29.088604501851858,1.49999998764546,0.06354678954696852
63.464981041913376,10.378156576620132,29.059593476015532,1.4999999996869624,0.06601598961514658
63.464981041913376,10.378800033619349,29.026823230280463,1.4999999996652487,0.06884732707608993
63.464981041913376,10.379443490618566,28.99423476522303,1.4999999997972098,0.07174639827499654
63.464981041913376,10.380086947617784,28.96080697163126,1.5000000000001268,0.07486896981053962
63.464981041913376,10.380730404617001,28.922478212169512,1.5000000001241411,0.07863229879968259
63.464981041913376,10.381373861616218,28.88139335494853,1.5000000001391063,0.08276625978932284
63.464981041913376,10.382017318615436,28.84176602176909,1.5000000000657123,0.08680893856030114
63.464981041913376,10.382660775614653,28.80797798171156,1.4999999999371483,0.09028070260855645
63.464981041913376,10.38330423261387,28.781466194648164,1.4999999998862354,0.0930765606267998
63.464981041913376,10.383947689613088,28.755887045978024,1.4999999999028315,0.09594917639288
63.464981041913376,10.384591146612305,28.724588773182177,1.499999999940446,0.09967626479023431
63.464981041913376,10.38523460361152,28.682704011378263,1.4999999999678635,0.10481446304107477
63.464981041913376,10.385878060610738,28.634342602125493,1.499999999981843,0.11085844875428515
63.464981041913376,10.386521517609955,28.583994539628936,1.4999999999497118,0.11727877408808654
63.464981041913376,10.387164974609172,28.536897748085906,1.4999999998425064,0.12345683628133639
63.464981041913376,10.38780843160839,28.492693441638764,1.4999999995563786,0.12948911423991952
63.464981041913376,10.388451888607607,28.44820612615448,1.4999999992162356,0.13584080095698686
63.464981041913376,10.389095345606824,28.403493247795392,1.499999999054365,0.14249958241574076
63.464981041913376,10.389738802606042,28.357702104187887,1.4999999993326973,0.14956694317293484
63.464981041913376,10.390382259605259,28.3139205112843,1.499999998960605,0.1564829653196521
63.464981041913376,10.391025716604476,28.273690203033066,1.499999997115828,0.16295527368177715
63.464981041913376,10.391669173603693,28.2356952204417,1.4999999946107738,0.16920163860069648
63.464981041913376,10.394243001600561,28.097780546572178,1.499999985392559,0.1932810856671373
63.464981041913376,10.394886458599778,28.06474619220315,1.4999999851397041,0.19941279973714396
63.464981041913376,10.395529915598996,28.03146076346319,1.4999999864480047,0.20572459691079134
63.464981041913376,10.396173372598213,27.99752058962066,1.4999999896840395,0.2122823544771523
63.464981041913376,10.39681682959743,27.96358722320563,1.4999999950482708,0.21897271369797677
63.464981041913376,10.397460286596647,27.926996280103587,1.4999999983512065,0.22629717406907765
63.464981041913376,10.398103743595865,27.89037802488981,1.499999996226333,0.2337404949265799
63.464981041913376,10.398747200595082,27.857334081312015,1.4999999886585025,0.24051236941583568
63.464981041913376,10.3993906575943,27.83116786449626,1.4999999713619885,0.24589263404575554
63.464981041913376,10.400034114593517,27.813313913157913,1.4999999676163693,0.24959752498441964
63.464981041913376,10.400677571592734,27.79898767671341,1.4999999681849017,0.25263304807143816
63.464981041913376,10.401321028591951,27.78261615165243,1.4999999514860085,0.2561710888284406
63.464981041913376,10.401964485591169,27.759363988673584,1.4999998974864497,0.26122921287413337
63.464981041913376,10.402607942590384,27.73137930603575,1.4999998976327793,0.26734011021009035
63.464981041913376,10.403251399589601,27.70150931467602,1.4999999012690137,0.273912060110399
63.464981041913376,10.403894856588819,27.673214981939925,1.4999998506525798,0.2802170066802334
63.464981041913376,10.404538313588036,27.648579879750425,1.4999997286830455,0.2858082902125041
63.464981041913376,10.405181770587253,27.62362912991717,1.4999996995063671,0.2915033393321631
63.464981041913376,10.40582522758647,27.5982082338775,1.4999996912350275,0.2973479020589491
63.464981041913376,10.406468684585688,27.571175883747713,1.4999996758957614,0.3036052194408488
63.464981041913376,10.407112141584905,27.540866730641355,1.499999576906735,0.31071328171322943
63.464981041913376,10.407755598584123,27.508250988688847,1.4999994943331767,0.3184613313547361
63.464981041913376,10.40839905558334,27.477623532086803,1.4999994022226177,0.32577822796002015
63.464981041913376,10.409042512582557,27.453149413943155,1.4999992726127616,0.3316270721884994
63.464981041913376,10.409685969581775,27.43931919374222,1.4999993375975798,0.3349261578553303
63.464981041913376,10.410329426580992,27.430397930708256,1.4999993700076655,0.3370782909883829
63.464981041913376,10.410972883580207,27.419042441556375,1.499998983626674,0.33987349600469835
63.464981041913376,10.411616340579425,27.398376143413834,1.499997741990917,0.3449831458156742
63.464981041913376,10.412259797578642,27.369848739448656,1.4999965244728837,0.3520279271878622
63.464981041913376,10.41290325457786,27.336849218591514,1.4999958811190843,0.360206334499566
63.464981041913376,10.413546711577077,27.302861090152707,1.49999644297014,0.368690211097491
63.464981041913376,10.414190168576294,27.268721271608214,1.4999894293754283,0.37717000011471347
63.464981041913376,10.414833625575511,27.24197285010816,1.5000399635747421,0.3840203086097578
63.464981041913376,10.415477082574728,27.44426538279251,1.5531434472367331,0.4490341532427496
63.46522999045116,10.37783468190192,29.07058063591754,1.4999999314916468,0.06514294261459819
63.46522999045116,10.37847814450013,29.065153542784493,1.4999999993022637,0.06549947362285959
63.46522999045116,10.379121607098343,29.030318114171713,1.4999999996504498,0.06851715904747135
63.46522999045116,10.379765069696555,28.996584809320254,1.4999999998100841,0.071530885195492
63.46522999045116,10.380408532294766,28.961943440845022,1.4999999999877638,0.07478227655091768
63.46522999045116,10.381051994892978,28.921864606894445,1.5000000001064584,0.07873420439987545
63.46522999045116,10.38169545749119,28.88023272544941,1.5000000001374523,0.0829215916823328
63.46522999045116,10.382338920089401,28.843067195241282,1.5000000000738105,0.08666798423859233
63.46522999045116,10.382982382687613,28.810784588584593,1.499999999985134,0.08996305339790399
63.46522999045116,10.383625845285826,28.785395617642063,1.4999999999685047,0.0926398261586392
63.46522999045116,10.384269307884036,28.757182960513674,1.499999999989209,0.09583090347879272
63.46522999045116,10.384912770482249,28.717650591991493,1.4999999999915217,0.10053020628978217
63.46522999045116,10.385556233080461,28.672580800053357,1.5000000000145115,0.10601511282086572
63.46522999045116,10.386199695678672,28.6243236193992,1.5000000000274845,0.11202114931347464
63.46522999045116,10.386843158276884,28.5797930792847,1.4999999999809541,0.11772653526464269
63.46522999045116,10.387486620875096,28.54400822802781,1.4999999998455875,0.1224858145731145
63.46522999045116,10.388130083473307,28.502898983446443,1.4999999994211715,0.12812422270290247
63.46522999045116,10.38877354607152,28.459607349684816,1.4999999988182737,0.1343258679905462
63.46522999045116,10.389417008669732,28.412814135050276,1.4999999985528345,0.1412499376402535
63.46522999045116,10.390060471267942,28.364422813470235,1.499999998881765,0.14856664295010977
63.46522999045116,10.390703933866154,28.316031218161836,1.4999999999632065,0.15624777350890726
63.46522999045116,10.391347396464367,28.27389285951877,1.4999999996926547,0.16299071326576658
63.46522999045116,10.391990859062577,28.236080658636276,1.4999999978334715,0.16916099064754128
63.46522999045116,10.39263432166079,28.201201176985755,1.4999999952690706,0.17498912394718105
63.46522999045116,10.393277784259002,28.167916013286103,1.4999999928870982,0.18069490720445044
63.46522999045116,10.393921246857213,28.135231360643758,1.499999991419171,0.1864409703885876
63.46522999045116,10.394564709455425,28.10310544328039,1.4999999911658497,0.1922320129401923
63.46522999045116,10.395208172053637,28.071659514210715,1.4999999923538763,0.19804568978098094
63.46522999045116,10.395851634651848,28.042740045274098,1.499999994173224,0.20356401663459353
63.46522999045116,10.39649509725006,28.017842546979143,1.49999999671136,0.20852758987220302
63.46522999045116,10.39713855984827,27.979823701687717,1.500000014071636,0.2158315586318878
63.46522999045116,10.397782022446483,27.943791839734182,1.500000011999084,0.22298709935513197
63.46522999045116,10.398425485044696,27.907817483949838,1.4999999982342107,0.2302325209943336
63.46522999045116,10.399068947642906,27.877542578135742,1.4999999645396422,0.23634684855811308
63.46522999045116,10.399712410241118,27.851715260598333,1.499999909249034,0.2415901125750651
63.46522999045116,10.40035587283933,27.83356767943989,1.499999891808339,0.24531166274631863
63.46522999045116,10.400999335437541,27.81715512433399,1.4999998811763708,0.24875302808258745
63.46522999045116,10.401642798035754,27.793965080172757,1.4999997905575855,0.25372155290468745
63.46522999045116,10.402286260633966,27.76667826239416,1.4999996016854331,0.2596055158707511
63.46522999045116,10.402929723232177,27.73887227013835,1.4999995767123062,0.26562323776948416
63.46522999045116,10.403573185830389,27.71302680582849,1.499999601471472,0.2712838146995374
63.46522999045116,10.404216648428601,27.696262079983576,1.4999993436827084,0.2750699216920461
63.46522999045116,10.404860111026812,27.675445191836776,1.4999989851616395,0.2797946875633401
63.46522999045116,10.405503573625024,27.651138897875462,1.499998975439789,0.28531736511354466
63.46522999045116,10.406147036223237,27.623803429492764,1.4999992190999873,0.29155205356507785
63.46522999045116,10.406790498821447,27.593161735339226,1.499999083365814,0.29853934584347525
63.46522999045116,10.40743396141966,27.562978999433213,1.4999987745129246,0.3055817855296672
63.46522999045116,10.408077424017872,27.530293523003163,1.4999986821381546,0.31330235058415096
63.46522999045116,10.408720886616083,27.501875902712065,1.4999987581521415,0.32002042678845116
63.46522999045116,10.409364349214295,27.48043986453975,1.4999980777349888,0.3250694331563203
63.46522999045116,10.410007811812507,27.469525357879828,1.4999979104387755,0.32760944609677756
63.46522999045116,10.410651274410718,27.460788725739206,1.4999978761327752,0.3296777437168711
63.46522999045116,10.41129473700893,27.443302861769943,1.499997623843387,0.3339526016252917
63.46522999045116,10.411938199607143,27.417680278595245,1.4999938999445794,0.34021026609996585
63.46522999045116,10.412581662205353,27.388315577690864,1.499993252365325,0.34736854746898793
63.46522999045116,10.413225124803565,27.35511010028328,1.4999917408841386,0.3555194516964578
63.46522999045116,10.413868587401778,27.31570222456862,1.4999725492552165,0.3651264998295415
63.46522999045116,10.414512049999988,27.32696353347029,1.5010594369241173,0.3671615456085041
63.46547893898894,10.378799717976035,29.06806014910501,1.500000000336936,0.06523944058752067
63.46547893898894,10.37944318617335,29.036469685675524,1.4999999994074051,0.0679325404444371
63.46547893898894,10.380086654370666,29.000701891766397,1.499999999877296,0.07114204669801188
63.46547893898894,10.380730122567982,28.964837208204564,1.5000000000123979,0.07452511178523122
63.46547893898894,10.381373590765298,28.92395665418196,1.500000000112555,0.07856271403400372
63.46547893898894,10.382017058962616,28.885345694787024,1.5000000001111433,0.08239522142737982
63.46547893898894,10.382660527159931,28.849801021559912,1.500000000064527,0.08593103914375858
63.46547893898894,10.383303995357247,28.817077510333366,1.5000000000123108,0.08928344872689709
63.46547893898894,10.383947463554563,28.788652453881696,1.5000000000131766,0.09232042850629822
63.46547893898894,10.384590931751879,28.750324211130753,1.5000000000020193,0.09670150999256777
63.46547893898894,10.385234399949194,28.70680722850364,1.4999999999947986,0.10184804545446718
63.46547893898894,10.38587786814651,28.661840192138204,1.5000000000206157,0.10727991982676859
63.46547893898894,10.386521336343826,28.619045656207692,1.5000000000253277,0.11259795344657114
63.46547893898894,10.387164804541142,28.586893955764065,1.4999999999702935,0.11673051132001602
63.46547893898894,10.387808272738457,28.55482065975306,1.4999999998257294,0.12102133186780285
63.46547893898894,10.388451740935773,28.51478938688524,1.4999999993264237,0.12654136854649684
63.46547893898894,10.38909520913309,28.46927485332767,1.499999998832979,0.13304565326754458
63.46547893898894,10.389738677330406,28.418735694227692,1.4999999988738568,0.14037077545330978
63.46547893898894,10.390382145527722,28.37048715476922,1.4999999990862143,0.14760006998841327
63.46547893898894,10.391025613725038,28.322344309660785,1.50000000006076,0.1551973973540825
63.46547893898894,10.391669081922354,28.276067835235786,1.500000000967742,0.1626797728679908
63.46547893898894,10.39231255011967,28.23725470991233,1.500000000377346,0.16898415055676308
63.46547893898894,10.392956018316985,28.202567592976582,1.4999999985920844,0.17474786395133368
63.46547893898894,10.3935994865143,28.170447948050047,1.499999996691007,0.1802277210512059
63.46547893898894,10.394242954711617,28.139566272989857,1.4999999959941048,0.1856369382280869
63.46547893898894,10.394886422908932,28.111558684588672,1.4999999957541053,0.1906918317130047
63.46547893898894,10.395529891106248,28.095351902845657,1.499999991115382,0.1938551612844401
63.46547893898894,10.396173359303566,28.0705303711638,1.4999999961447124,0.1986249423690553
63.46547893898894,10.396816827500881,28.032918231553364,1.5000000173561845,0.20567601966256652
63.46547893898894,10.397460295698197,27.995350554765228,1.5000000284149753,0.21281126880404624
63.46547893898894,10.398103763895513,27.960689409340645,1.5000000132717795,0.21963842035665854
63.46547893898894,10.398747232092829,27.92856095396662,1.4999999731372256,0.22602089972986453
63.46547893898894,10.399390700290144,27.89972533166464,1.4999999071221755,0.23178041576823183
63.46547893898894,10.40003416848746,27.872934014648507,1.4999998671411496,0.2371824685709399
63.46547893898894,10.400677636684776,27.852642857498925,1.4999998667452639,0.24131588098307513
63.46547893898894,10.401321104882092,27.828288565730688,1.4999998143028979,0.24641655680871785
63.46547893898894,10.401964573079407,27.79961809087805,1.499999576272256,0.2525293394999838
63.46547893898894,10.402608041276725,27.772514646577516,1.499999438246886,0.2583264650891652
63.46547893898894,10.40325150947404,27.7481263387491,1.499999507357823,0.2635686527424405
63.46547893898894,10.403894977671357,27.733759043626584,1.4999993709209098,0.26672967962418237
63.46547893898894,10.404538445868672,27.72280041303424,1.4999988877399468,0.2692176832698109
63.46547893898894,10.405181914065988,27.70325140451947,1.4999986327286035,0.2736198874410505
63.46547893898894,10.405825382263304,27.67773573987454,1.499998954917454,0.2793638547787631
63.46547893898894,10.40646885046062,27.646929821967174,1.4999990091656712,0.2862821037777358
63.46547893898894,10.407112318657935,27.616248365516086,1.4999986987554936,0.2932222479482997
63.46547893898894,10.407755786855251,27.586527365361963,1.499998434142365,0.30011924661798006
63.46547893898894,10.408399255052567,27.55696612799657,1.4999985721639553,0.30702929412326907
63.46547893898894,10.409042723249883,27.53260069904661,1.4999979933266707,0.3127162508908959
63.46547893898894,10.4096861914472,27.51242133690345,1.4999973406019023,0.3174184055443812
63.46547893898894,10.410329659644516,27.50104280864663,1.4999973862980922,0.3200331986379557
63.46547893898894,10.410973127841832,27.484074230864522,1.4999977866558265,0.3240914797179574
63.46547893898894,10.411616596039147,27.460628959051533,1.499997162273976,0.32978923529024495
63.46547893898894,10.412260064236463,27.43137558010213,1.4999915817593048,0.33684426742489537
63.46547893898894,10.412903532433779,27.39981652171642,1.4999886590876572,0.34445163987397615
63.46547893898894,10.413547000631095,27.366419536793067,1.5000265882170198,0.35270608008404253
63.46547893898894,10.41419046882841,27.54169802882441,1.5134736767384167,0.3921126576790952
63.46572788752672,10.379121297048009,29.072043383923965,1.4999999935179653,0.06488464904847784
63.46572788752672,10.379764770844538,29.046300173114307,1.4999999987006443,0.06707156000355546
63.46572788752672,10.38040824464107,29.007474513746594,1.499999999756901,0.07048686862502418
63.46572788752672,10.381051718437599,28.969922765600856,1.5000000000207392,0.07404176113105336
63.46572788752672,10.381695192234128,28.93141382004443,1.500000000065897,0.07780127573428038
63.46572788752672,10.382338666030657,28.894705281368786,1.5000000000571545,0.0813904730369651
63.46572788752672,10.382982139827186,28.8584123648496,1.500000000027423,0.08501440939609317
63.46572788752672,10.383625613623717,28.82347692861305,1.5000000000038063,0.08862566215209036
63.46572788752672,10.384269087420247,28.78444670158599,1.499999999984919,0.09290656049632498
63.46572788752672,10.384912561216776,28.741374597424745,1.4999999999647462,0.09782556994628643
63.46572788752672,10.385556035013305,28.69855589230168,1.499999999964721,0.10284316693972678
63.46572788752672,10.386199508809836,28.657752796544887,1.4999999999954519,0.10773024108652948
63.46572788752672,10.386842982606366,28.625845658788894,1.5000000000072737,0.11164410629197696
63.46572788752672,10.387486456402895,28.596954840527626,1.4999999999771403,0.1153539746811708
63.46572788752672,10.388129930199424,28.564279050343238,1.4999999998518188,0.11974570730163425
63.46572788752672,10.388773403995954,28.522334931612153,1.4999999995342057,0.12554342416379494
63.46572788752672,10.389416877792485,28.474021749932618,1.499999999453572,0.13236099468883822
63.46572788752672,10.390060351589014,28.42357762562056,1.4999999994508935,0.13963324880322225
63.46572788752672,10.390703825385543,28.375834104975503,1.4999999995298658,0.14673386409852676
63.46572788752672,10.391347299182073,28.329792267119497,1.5000000000868428,0.15391854438746982
63.46572788752672,10.391990772978602,28.285183128821703,1.5000000006405725,0.1611152087024702
63.46572788752672,10.392634246775133,28.244599193633725,1.500000000629419,0.16779124776574245
63.46572788752672,10.393277720571662,28.210790360384156,1.4999999993072783,0.1733919761195508
63.46572788752672,10.393921194368192,28.18130727891192,1.4999999973322942,0.1783994671605038
63.46572788752672,10.39456466816472,28.162072603140782,1.4999999912680162,0.18177429300672618
63.46572788752672,10.395208141961252,28.143285852054817,1.499999989350615,0.18519740246291128
63.46572788752672,10.395851615757781,28.11734629665158,1.4999999974797473,0.18997762675352506
63.46572788752672,10.39649508955431,28.082175651353815,1.5000000173316417,0.19643596765288182
63.46572788752672,10.39713856335084,28.045686692094066,1.5000000287641735,0.20320593484115207
63.46572788752672,10.397782037147369,28.010996568422975,1.5000000195617718,0.20976165691544837
63.46572788752672,10.3984255109439,27.979868071108942,1.4999999796332648,0.2158151880150321
63.46572788752672,10.39906898474043,27.9506374248826,1.499999928640629,0.22155307517082656
63.46572788752672,10.399712458536959,27.921747575647842,1.4999999037620273,0.2272958347029442
63.46572788752672,10.400355932333488,27.893405279318888,1.499999916982506,0.2329930459407041
63.46572788752672,10.400999406130019,27.8656810460422,1.4999998994813282,0.23866811804484717
63.46572788752672,10.401642879926548,27.835151444295054,1.4999997493505508,0.24504977689249852
63.46572788752672,10.402286353723078,27.806908918743595,1.4999996425920716,0.2510180548309903
63.46572788752672,10.402929827519607,27.783120304263356,1.4999997024543776,0.2560613616467873
63.46572788752672,10.403573301316136,27.768320647595317,1.4999996562395765,0.25921564166275146
63.46572788752672,10.404216775112667,27.759140242748607,1.4999993688182947,0.26121487636840024
63.46572788752672,10.404860248909197,27.748099716089115,1.4999991846800496,0.26366891216082183
63.46572788752672,10.405503722705726,27.727742613286065,1.4999993694676406,0.26819024901109934
63.46572788752672,10.406147196502255,27.700350299855096,1.4999994335812694,0.27426108350153505
63.46572788752672,10.406790670298784,27.669821796314725,1.4999992828888364,0.281054097250919
63.46572788752672,10.407434144095316,27.64000240580613,1.4999991387570286,0.28776385254308856
63.46572788752672,10.408077617891845,27.612844509302878,1.499999115361468,0.294002109819497
63.46572788752672,10.408721091688374,27.58861305119939,1.4999986684873192,0.29958627958567197
63.46572788752672,10.409364565484903,27.565901998684858,1.4999982925938427,0.30484852614327634
63.46572788752672,10.410008039281434,27.545144203275957,1.4999983042917333,0.3096652660459736
63.46572788752672,10.410651513077964,27.525933857076833,1.4999989825853228,0.3141663080293021
63.46572788752672,10.411294986874493,27.501598412253355,1.5000002662767697,0.3199894436667546
63.46572788752672,10.411938460671022,27.473540288675878,1.4999996625544805,0.3267347880155292
63.46572788752672,10.412581934467552,27.441623191764688,1.4999932832678344,0.3343445696759552
63.46572788752672,10.413225408264083,27.448722284697983,1.5007504003826069,0.334718661962639
63.4659768360645,10.379442881716217,29.061924510030465,1.4999999458943527,0.06582290089295219
63.4659768360645,10.38008636111207,29.04960935955745,1.49999999962767,0.06677203120262504
63.4659768360645,10.380729840507923,29.016639213111212,1.499999999344442,0.06965571984312181
63.4659768360645,10.381373319903776,28.977499367797932,1.499999999956996,0.07329730124939551
63.4659768360645,10.38201679929963,28.939565437811247,1.4999999999839315,0.07695994935496714
63.4659768360645,10.382660278695482,28.902302751236665,1.4999999999592064,0.08060530702118537
63.4659768360645,10.383303758091335,28.865168598601354,1.499999999937454,0.08434076070687767
63.4659768360645,10.383947237487188,28.827459987417377,1.4999999999294813,0.08826939981288753
63.4659768360645,10.384590716883041,28.78510027834892,1.4999999999012248,0.09292027701889888
63.4659768360645,10.385234196278894,28.741351066780666,1.4999999998837805,0.09787866620511419
63.4659768360645,10.385877675674747,28.699381418340085,1.4999999999080496,0.102738150281265
63.4659768360645,10.3865211550706,28.663332668265788,1.4999999999684497,0.10699439624742574
63.4659768360645,10.387164634466453,28.634194649310142,1.500000000042242,0.11054644868670233
63.4659768360645,10.387808113862306,28.60462496311306,1.5000000000496077,0.11434568812210227
63.4659768360645,10.38845159325816,28.56732504621881,1.499999999954063,0.11934455637369237
63.4659768360645,10.389095072654014,28.522168941605724,1.4999999998064384,0.1255466754057219
63.4659768360645,10.389738552049867,28.473205633752563,1.4999999997556144,0.13242402333934536
63.4659768360645,10.39038203144572,28.424274479822543,1.499999999770083,0.13947075969143896
63.4659768360645,10.391025510841573,28.381624561074428,1.4999999999290132,0.14584486953421352
63.4659768360645,10.391668990237426,28.33875172361179,1.499999999946284,0.15249983139905138
63.4659768360645,10.392312469633278,28.297360274117665,1.499999999894436,0.15915696149136194
63.4659768360645,10.392955949029131,28.259782590524267,1.4999999992522925,0.1653284437280564
63.4659768360645,10.393599428424984,28.227254284646346,1.499999996035652,0.17066447111754335
63.4659768360645,10.394242907820837,28.20474970503981,1.4999999920655243,0.1744160091726016
63.4659768360645,10.39488638721669,28.182685881346703,1.499999992282023,0.1782172542496022
63.4659768360645,10.395529866612543,28.155139976811988,1.5000000031459775,0.1830986230167552
63.4659768360645,10.396173346008396,28.122975367058242,1.5000000182448958,0.18889365835460237
63.4659768360645,10.39681682540425,28.089488390993196,1.5000000232973953,0.19497750203524922
63.4659768360645,10.397460304800102,28.056261707434,1.5000000133752043,0.2011064062880824
63.4659768360645,10.398103784195955,28.027768338181595,1.4999999650887654,0.2065079316235098
63.4659768360645,10.398747263591808,27.999318551955685,1.4999999438698537,0.21200816183259866
63.4659768360645,10.399390742987661,27.970651729764693,1.4999999552289602,0.21761383138468998
63.4659768360645,10.400034222383514,27.94212601096083,1.4999999998624443,0.22326208740359071
63.4659768360645,10.400677701779367,27.912248640207075,1.5000001536470076,0.2292181376164094
63.4659768360645,10.40132118117522,27.880900923499695,1.5000001680236255,0.2356293268275075
63.4659768360645,10.401964660571073,27.849990824833778,1.5000001501972848,0.2420416281953519
63.4659768360645,10.402608139966926,27.823015277984414,1.5000002288138738,0.24767056145869182
63.4659768360645,10.403251619362779,27.80341659051906,1.5000007381680625,0.2517558966967136
63.4659768360645,10.403895098758632,27.79283754118828,1.500000753040634,0.2539538832918651
63.4659768360645,10.404538578154485,27.7838831113237,1.5000007332237637,0.2558556707000232
63.4659768360645,10.405182057550338,27.769087745729838,1.5000008084661818,0.25907297142271396
63.4659768360645,10.405825536946192,27.745225001568492,1.5000014647039708,0.2642868514703687
63.4659768360645,10.406469016342045,27.71764953362289,1.5000013439907702,0.27032707505031084
63.4659768360645,10.407112495737898,27.688723639092135,1.5000011458097249,0.2767172023218864
63.4659768360645,10.407755975133751,27.663998858104524,1.500000879041241,0.28228197726604076
63.4659768360645,10.408399454529604,27.640247963174296,1.5000015194694907,0.2877038480247804
63.4659768360645,10.409042933925457,27.61768844626398,1.5000013215973285,0.2928762657984772
63.4659768360645,10.40968641332131,27.59646111188373,1.5000014028743673,0.29776419473600724
63.4659768360645,10.410329892717163,27.575483391410746,1.5000040828050996,0.3026460220379428
63.4659768360645,10.410973372113016,27.550098354179134,1.500009367699426,0.30866707006175825
63.4659768360645,10.41161685150887,27.52099063819351,1.5000127651800141,0.3156103267968954
63.4659768360645,10.412260330904722,27.48570495423421,1.5000418844008878,0.3239950962946358
63.4659768360645,10.412903810300575,27.556356191804305,1.5027964508495448,0.32092780591139386
63.46622578460228,10.379764471980824,,,
63.46622578460228,10.38040795697611,29.041616351180274,1.500000004758905,0.06750370596053089
63.46622578460228,10.381051441971396,29.025694672848516,1.4999999989119241,0.06887409070056653
63.46622578460228,10.381694926966683,28.985732144082128,1.49999999977248,0.07253490023047587
63.46622578460228,10.382338411961967,28.94766136041211,1.499999999823602,0.07619228410347496
63.46622578460228,10.382981896957254,28.909836679913752,1.4999999998175912,0.0799023327823264
63.46622578460228,10.383625381952541,28.87195607632693,1.4999999999180302,0.08367482889980689
63.46622578460228,10.384268866947826,28.834540980512493,1.4999999998349474,0.08754275931379478
63.46622578460228,10.384912351943113,28.79155097265325,1.4999999997789497,0.0922409111690303
63.46622578460228,10.385555836938398,28.748135730998502,1.4999999997911804,0.09710881302419012
63.46622578460228,10.386199321933685,28.706884629522648,1.4999999998733546,0.10182362784500036
63.46622578460228,10.38684280692897,28.671360857062403,1.4999999999023768,0.10600131090932079
63.46622578460228,10.387486291924256,28.642125300816947,1.4999999999953486,0.10955834519839774
63.46622578460228,10.388129776919541,28.606440089065327,1.500000000033754,0.1141451797473911
63.46622578460228,10.388773261914828,28.561582871393302,1.4999999999560227,0.12012831160610477
63.46622578460228,10.389416746910113,28.514138413340525,1.499999999838197,0.1266006218793241
63.46622578460228,10.3900602319054,28.466511521009757,1.499999999847627,0.13326854123149895
63.46622578460228,10.390703716900687,28.427582753996393,1.5000000001846394,0.1389300874888989
63.46622578460228,10.391347201895972,28.39248566840247,1.5000000005393486,0.14421172972878632
63.46622578460228,10.391990686891258,28.353084830554415,1.5000000002242388,0.15034934811412645
63.46622578460228,10.392634171886543,28.31467360218413,1.4999999993497959,0.15650756534145488
63.46622578460228,10.39327765688183,28.276800770638406,1.4999999931403658,0.1625552344889039
63.46622578460228,10.393921141877115,28.241907398863823,1.499999990060711,0.16818884777409535
63.46622578460228,10.394564626872402,28.21698916004673,1.4999999912670463,0.17228928786098294
63.46622578460228,10.395208111867687,28.18940774759934,1.500000004277403,0.1770081508566292
63.46622578460228,10.395851596862974,28.156839510401802,1.5000000372780815,0.18279048565412934
63.46622578460228,10.39649508185826,28.12395790796528,1.5000000403574745,0.18865628632954382
63.46622578460228,10.397138566853545,28.092596174736915,1.5000000236455817,0.19430110469951634
63.46622578460228,10.397782051848832,28.067447698999366,1.4999999605700851,0.19894758367410376
63.46622578460228,10.398425536844117,28.04837704706169,1.4999998606902893,0.2026181200105344
63.46622578460228,10.399069021839404,28.02250289332305,1.4999998826250351,0.20761055371730236
63.46622578460228,10.399712506834689,27.994455809988068,1.499999979053955,0.21306325810234347
63.46622578460228,10.400355991829976,27.9631050451345,1.5000002513499564,0.219165597425507
63.46622578460228,10.40099947682526,27.931861758484743,1.500000563350933,0.2252996159162567
63.46622578460228,10.401642961820547,27.900758464089368,1.5000006000594226,0.23161635487019414
63.46622578460228,10.402286446815834,27.870854124498013,1.5000005589031788,0.23775947518062085
63.46622578460228,10.40292993181112,27.84698341596596,1.5000012676985746,0.24266566029527303
63.46622578460228,10.403573416806406,27.82860432940321,1.5000024448121372,0.2464311746263516
63.46622578460228,10.404216901801691,27.81852227812155,1.5000026280015417,0.24846810464312274
63.46622578460228,10.404860386796978,27.804883043538883,1.5000022044635817,0.25133643414588663
63.46622578460228,10.405503871792263,27.780708277737126,1.5000038347185822,0.25654769181680004
63.46622578460228,10.40614735678755,27.754246514007257,1.5000046106021443,0.2622688275098155
63.46622578460228,10.406790841782835,27.727344287516868,1.5000038862724323,0.26810502318974405
63.46622578460228,10.407434326778121,27.706354875953153,1.5000019058566858,0.2727350212012053
63.46622578460228,10.408077811773408,27.69073757394849,1.5000034494413892,0.27629466577040274
63.46622578460228,10.408721296768693,27.670249484798248,1.5000062497547766,0.28097158607831957
63.46622578460228,10.40936478176398,27.649899401168607,1.5000064644865512,0.2856118879035982
63.46622578460228,10.410008266759265,27.631647622107128,1.5000115314068112,0.28985631961171004
63.46622578460228,10.410651751754552,27.60859263373918,1.5000212722233373,0.29534127283389305
63.46622578460228,10.411295236749837,27.56891175082017,1.5000101895575044,0.30448957807363813
63.46622578460228,10.411938721745123,27.556071203019556,1.5006669785988263,0.30895934885564474
63.46622578460228,10.412582206740408,,,
63.46647473314006,10.380729558436823,29.0451180675262,1.4999999990654647,0.06719666102197719
63.46647473314006,10.381373049031652,29.029457168370072,1.4999999996911093,0.06853000196420395
63.46647473314006,10.382016539626479,28.993359603705635,1.499999999665145,0.07185434430883655
63.46647473314006,10.382660030221308,28.955124713569973,1.4999999997630329,0.07551767874894941
63.46647473314006,10.383303520816137,28.91696444364735,1.499999999943304,0.07920799344046954
63.46647473314006,10.383947011410966,28.88019287455222,1.499999999927943,0.08282012845764561
63.46647473314006,10.384590502005794,28.84254426250849,1.4999999998022584,0.08669620435139322
63.46647473314006,10.385233992600622,28.800275846921213,1.499999999748234,0.09126962453462872
63.46647473314006,10.38587748319545,28.758774068014226,1.4999999997976916,0.09585508237472111
63.46647473314006,10.38652097379028,28.717411334809178,1.4999999998701194,0.10056476898328315
63.46647473314006,10.387164464385108,28.680918000597977,1.4999999998862548,0.1048511719329413
63.46647473314006,10.387807954979936,28.6444778390515,1.4999999999520262,0.10932771662662195
63.46647473314006,10.388451445574765,28.59930042526397,1.499999999946649,0.11515296133748706
63.46647473314006,10.389094936169593,28.55302858063082,1.4999999999058453,0.12128432011275635
63.46647473314006,10.389738426764422,28.506884456028335,1.499999999864096,0.12754242056219472
63.46647473314006,10.39038191735925,28.46879625305736,1.5000000001918536,0.13287785091201024
63.46647473314006,10.391025407954078,28.43857624057475,1.5000000009228427,0.1372799154273409
63.46647473314006,10.391668898548907,28.406950580368154,1.5000000007934893,0.14204429808488478
63.46647473314006,10.392312389143736,28.370557147846355,1.4999999997209168,0.14771308967368457
63.46647473314006,10.392955879738565,28.33273271399952,1.4999999934212638,0.15362911130927862
63.46647473314006,10.393599370333392,28.291954973125303,1.4999999859769841,0.16004475444776547
63.46647473314006,10.394242860928221,28.25551396231846,1.4999999889407876,0.16588686325317636
63.46647473314006,10.39488635152305,28.22539367586304,1.5000000026032436,0.1708481490501993
63.46647473314006,10.39552984211788,28.191113448157694,1.500000038799483,0.1767578327223872
63.46647473314006,10.396173332712706,28.157872346029052,1.5000000590227909,0.18262718091969743
63.46647473314006,10.396816823307535,28.126877260435695,1.5000000348907352,0.18810327734127097
63.46647473314006,10.397460313902364,28.102385957220744,1.4999999641598496,0.19248947386303888
63.46647473314006,10.398103804497193,28.08686045264585,1.4999998397702072,0.1953736415033051
63.46647473314006,10.39874729509202,28.0703427774071,1.499999805159474,0.19853222793367742
63.46647473314006,10.39939078568685,28.045606810256263,1.499999922756141,0.20326498413441066
63.46647473314006,10.400034276281678,28.016030157668943,1.5000002233117116,0.20892459931957277
63.46647473314006,10.400677766876507,27.982922938027837,1.5000006084110973,0.2152633442794697
63.46647473314006,10.401321257471336,27.952475970634552,1.5000007290239392,0.22119266565480528
63.46647473314006,10.401964748066163,27.922724303489893,1.5000005598997053,0.22717884485713444
63.46647473314006,10.402608238660992,27.897317175234523,1.5000009582657001,0.23230806836249174
63.46647473314006,10.403251729255821,27.87505930766182,1.5000021350471926,0.23682739864278288
63.46647473314006,10.40389521985065,27.85580676647981,1.5000029969372142,0.2407281613300405
63.46647473314006,10.404538710445477,27.84038779271297,1.5000025581364,0.24386719949768607
63.46647473314006,10.405182201040306,27.815388187603222,1.5000040306223614,0.24915098846348915
63.46647473314006,10.405825691635135,27.788523006122634,1.500005665966914,0.2548934674016556
63.46647473314006,10.406469182229964,27.762981485022415,1.5000049380403349,0.2603609578921687
63.46647473314006,10.407112672824791,27.74318723252449,1.5000018917873725,0.26462313003565807
63.46647473314006,10.40775616341962,27.7316051847916,1.5000010089677493,0.267184895753877
63.46647473314006,10.408399654014449,27.720445905171086,1.5000044450269334,0.2697364130459357
63.46647473314006,10.409043144609278,27.703405856955616,1.500008489328587,0.27361587344376087
63.46647473314006,10.409686635204107,27.68789981061081,1.5000159344473256,0.2772185094603441
63.46647473314006,10.410330125798934,27.656752550405095,1.500013909147932,0.2843695551417021
63.46647473314006,10.410973616393763,27.608820686179595,1.5000043765104814,0.2952770525745732
63.46647473314006,10.411617106988592,27.649709085090784,1.502019087839944,0.29295316987204706
63.46672368167785,10.381051165494371,29.052406681886808,1.4999999704897418,0.06657661746940689
63.46672368167785,10.381694661688853,29.025061322187398,1.500000003053386,0.06892758473629407
63.46672368167785,10.382338157883332,28.999212512891347,1.4999999998891227,0.07132729845754804
63.46672368167785,10.382981654077813,28.961509497592484,1.5000000001023326,0.07488404154498092
63.46672368167785,10.383625150272294,28.925209211084244,1.500000000128007,0.07833826439431771
63.46672368167785,10.384268646466776,28.888882257086646,1.5000000000331208,0.08189572375657234
63.46672368167785,10.384912142661255,28.85097620015557,1.4999999998914262,0.08578094953703623
63.46672368167785,10.385555638855736,28.81121001957432,1.4999999998512217,0.09001234791521026
63.46672368167785,10.386199135050218,28.7699348759888,1.4999999998946987,0.09455463870833593
63.46672368167785,10.386842631244697,28.727957575907027,1.4999999999391485,0.09933684204604602
63.46672368167785,10.387486127439178,28.686265519948876,1.4999999999226281,0.10427617112434936
63.46672368167785,10.38812962363366,28.640284438438165,1.4999999998956903,0.10998616119638922
63.46672368167785,10.388773119828139,28.593213887596445,1.4999999998866247,0.11601772643771217
63.46672368167785,10.38941661602262,28.548537284369726,1.4999999999021123,0.12188461308622638
63.46672368167785,10.390060112217101,28.509827984503026,1.500000000152035,0.12708497496138346
63.46672368167785,10.390703608411581,28.479593721734677,1.5000000007710537,0.13127626373742943
63.46672368167785,10.391347104606062,28.45245654510773,1.5000000009760646,0.13521172816350324
63.46672368167785,10.391990600800543,28.422846071170365,1.5000000000135694,0.13967197636673595
63.46672368167785,10.392634096995023,28.38735072036501,1.499999994665989,0.14510089388651248
63.46672368167785,10.393277593189504,28.347237929855943,1.4999999879809858,0.1512891488818668
63.46672368167785,10.393921089383985,28.305997683258703,1.4999999879514483,0.15774545361260947
63.46672368167785,10.394564585578465,28.26771789986932,1.5000000019080495,0.1638783906086057
63.46672368167785,10.395208081772946,28.23044049576943,1.500000032835862,0.1700969104974914
63.46672368167785,10.395851577967427,28.19500407257697,1.500000053426882,0.1761834325616521
63.46672368167785,10.396495074161908,28.163464086709066,1.5000000385489283,0.18168659854370864
63.46672368167785,10.397138570356388,28.137830056686596,1.4999999639482369,0.18616723947401034
63.46672368167785,10.39778206655087,28.121012430086637,1.4999998588175234,0.189143658763992
63.46672368167785,10.39842556274535,28.107370315667684,1.4999998141525166,0.1916371448084801
63.46672368167785,10.39906905893983,28.09053086316198,1.499999905439296,0.1947947079507874
63.46672368167785,10.399712555134311,28.065287994599487,1.50000018427277,0.199541548464638
63.46672368167785,10.400356051328792,28.034989197961686,1.5000004425638656,0.2052433971082752
63.46672368167785,10.400999547523272,28.003351763470242,1.500000495477635,0.2112478244585041
63.46672368167785,10.401643043717753,27.974269352736314,1.5000002084596404,0.21687332221019018
63.46672368167785,10.402286539912234,27.949041954321753,1.5000001743244693,0.2218529141716304
63.46672368167785,10.402930036106714,27.925781560287792,1.5000006339113172,0.22649287884776564
63.46672368167785,10.403573532301195,27.903072979206044,1.5000010198507898,0.23106658024442805
63.46672368167785,10.404217028495676,27.880426604525596,1.5000008321981693,0.23565206523500254
63.46672368167785,10.404860524690156,27.853661037805367,1.5000019754148615,0.24119546177946868
63.46672368167785,10.405504020884637,27.82538648631152,1.5000034653851526,0.24713386505926382
63.46672368167785,10.406147517079118,27.7995489813962,1.500003085553737,0.25259357508592933
63.46672368167785,10.4067910132736,27.779512805748237,1.4999995225535074,0.2568262569360622
63.46672368167785,10.407434509468079,27.768062197205104,1.4999966940924445,0.2592507848433645
63.46672368167785,10.40807800566256,27.76090084093973,1.4999966557017168,0.26080954796509465
63.46672368167785,10.408721501857041,27.752839790855717,1.500000919534963,0.26263920321409795
63.46672368167785,10.40936499805152,27.73623231205251,1.500003755230301,0.26641013828401533
63.46672368167785,10.410008494246002,27.69203236222116,1.4999276613474521,0.2761178593993709
63.46672368167785,10.410651990440483,27.66052781841054,1.5005464409036644,0.28505020914302315
63.46672368167785,10.411295486634963,,,
63.46697263021563,10.381372778148922,29.040310651792925,1.4999999199319844,0.06770050816674315
63.46697263021563,10.382016279943164,29.01679200195173,1.500000006377327,0.06969009938584109
63.46697263021563,10.382659781737406,29.001910511277625,1.5000000005775351,0.07106029241617896
63.46697263021563,10.38330328353165,28.966780920289708,1.5000000004812666,0.0743186442971765
63.46697263021563,10.383946785325891,28.93110075109893,1.5000000005983245,0.07768154115350326
63.46697263021563,10.384590287120133,28.89575504722787,1.5000000002927443,0.08115158032043253
63.46697263021563,10.385233788914377,28.85922833783856,1.5000000002185816,0.08489022244483485
63.46697263021563,10.385877290708619,28.819232684813038,1.5000000002463079,0.08913468905664015
63.46697263021563,10.38652079250286,28.77805501201328,1.5000000002995784,0.09366251850606311
63.46697263021563,10.387164294297103,28.73648782770105,1.5000000001574663,0.09839163355072231
63.46697263021563,10.387807796091346,28.692503232110464,1.5000000001110319,0.10358429722928113
63.46697263021563,10.388451297885588,28.644380093460374,1.5000000000756746,0.10953448983722722
63.46697263021563,10.38909479967983,28.596895140179203,1.5000000000554081,0.11556570954462615
63.46697263021563,10.389738301474074,28.55318398884555,1.5000000003347733,0.12125201834954498
63.46697263021563,10.390381803268316,28.519877590053675,1.500000000691794,0.125660550192875
63.46697263021563,10.391025305062557,28.49366472991339,1.5000000009150787,0.12925215210768923
63.46697263021563,10.391668806856801,28.467609094770335,1.500000000190166,0.13299900184777103
63.46697263021563,10.392312308651043,28.438167141634217,1.4999999963985673,0.1374064477001634
63.46697263021563,10.392955810445285,28.400653353969897,1.499999992872958,0.143083450211704
63.46697263021563,10.393599312239528,28.359666163907246,1.499999992111019,0.14936111359589155
63.46697263021563,10.39424281403377,28.319217834757936,1.5000000042477015,0.15566411694931134
63.46697263021563,10.394886315828012,28.281916049366718,1.5000000314041417,0.16162053742163365
63.46697263021563,10.395529817622254,28.244427126073358,1.5000000438928343,0.16787282189175895
63.46697263021563,10.396173319416498,28.20962401929511,1.5000000328413738,0.17379982938943708
63.46697263021563,10.39681682121074,28.17864896964624,1.499999949481325,0.1790871666520199
63.46697263021563,10.397460323004982,28.155765006707544,1.4999998663678311,0.18299212383154134
63.46697263021563,10.398103824799225,28.14147499387461,1.4999998426363024,0.18545963585816413
63.46697263021563,10.398747326593467,28.12712504395881,1.4999999222981917,0.1880280778181471
63.46697263021563,10.399390828387709,28.10571960795678,1.5000002864724866,0.1919793200103634
63.46697263021563,10.400034330181953,28.078758427775433,1.5000004414039325,0.1969608544817374
63.46697263021563,10.400677831976195,28.04915859373085,1.5000003304960932,0.20245990371824085
63.46697263021563,10.401321333770436,28.020776075920676,1.4999998761561413,0.20780866805291603
63.46697263021563,10.40196483556468,27.998474493409688,1.4999982989042748,0.21214547166779085
63.46697263021563,10.402608337358922,27.974886829224417,1.4999976341441912,0.21677425217002522
63.46697263021563,10.403251839153164,27.952058063587266,1.4999973635974913,0.22129581067549142
63.46697263021563,10.403895340947406,27.928273493901468,1.499997124427384,0.22602663662743763
63.46697263021563,10.40453884274165,27.90236096139169,1.4999944994809389,0.23120882933842332
63.46697263021563,10.405182344535891,27.87316184634463,1.4999959262533054,0.2372302307191731
63.46697263021563,10.405825846330133,27.84430550826118,1.4999967455086913,0.24323714320359682
63.46697263021563,10.406469348124377,27.820206139249347,1.4999952810654478,0.24826289812775448
63.46697263021563,10.407112849918619,27.805576664019878,1.4999835291126216,0.2512603607532739
63.46697263021563,10.40775635171286,27.80016535637883,1.4999833528360875,0.2523284788685104
63.46697263021563,10.408399853507104,27.795962856123865,1.499985358916546,0.2532027648945439
63.46697263021563,10.409043355301346,27.77509531905543,1.4999547384469336,0.25773535598158737
63.46697263021563,10.409686857095588,27.7317354293452,1.4999385025090926,0.267421859652245
63.46697263021563,10.41033035888983,27.742875808125838,1.5013918216829307,0.26827690461060877
63.46722157875341,10.38233790379475,29.01906723146787,1.5000000013009742,0.06949820948199124
63.46722157875341,10.382981411188865,28.99994759981426,1.500000001561565,0.07122973463999488
63.46722157875341,10.383624918582978,28.967062635016944,1.5000000012300094,0.07425538774018112
63.46722157875341,10.384268425977092,28.93394662783507,1.5000000007895755,0.07738565680041676
63.46722157875341,10.384911933371207,28.902771539075378,1.5000000002604847,0.08044834407951428
63.46722157875341,10.38555544076532,28.867685488312603,1.500000000571982,0.08401900405269261
63.46722157875341,10.386198948159434,28.82867689927143,1.500000000768927,0.08814588865500708
63.46722157875341,10.386842455553547,28.788921424381527,1.5000000006706171,0.0925035228860621
63.46722157875341,10.387485962947661,28.746987929604735,1.500000000294567,0.09718506787229707
63.46722157875341,10.388129470341775,28.7020029422822,1.5000000003124514,0.10245348235316103
63.46722157875341,10.388772977735888,28.653018603493145,1.500000000272192,0.10846459939099828
63.46722157875341,10.389416485130003,28.60616026303307,1.5000000005611431,0.1143651308165633
63.46722157875341,10.390059992524117,28.563657156912363,1.5000000014315615,0.11985207830680322
63.46722157875341,10.39070349991823,28.532800771520733,1.5000000014146024,0.12387959941783047
63.46722157875341,10.391347007312344,28.507189416298377,1.500000000506619,0.12734655564245728
63.46722157875341,10.391990514706457,28.480690829324125,1.499999993958323,0.13113309138098647
63.46722157875341,10.392634022100571,28.45239595565091,1.4999999907729762,0.13534712138116292
63.46722157875341,10.393277529494686,28.414516609307697,1.4999999925902414,0.14102940092666377
63.46722157875341,10.393921036888798,28.37421914121631,1.500000005407894,0.14715066190775783
63.46722157875341,10.394564544282913,28.335511221191883,1.5000000497662123,0.15309264524028912
63.46722157875341,10.395208051677027,28.30033777261543,1.5000000615781632,0.15867443230543557
63.46722157875341,10.39585155907114,28.26407811052409,1.5000000439066625,0.16469016134735454
63.46722157875341,10.396495066465254,28.229757947153246,1.4999999519717968,0.17041948216634445
63.46722157875341,10.397138573859369,28.198540377139064,1.4999997943997085,0.17563480894619918
63.46722157875341,10.397782081253482,28.176112709105247,1.4999997812039985,0.17939136908890074
63.46722157875341,10.398425588647596,28.161109213188787,1.4999998833525037,0.18193553185864997
63.46722157875341,10.399069096041709,28.140413978557167,1.5000002969746258,0.18563404074558792
63.46722157875341,10.399712603435823,28.115412629888766,1.5000008036520995,0.19020483030361238
63.46722157875341,10.400356110829938,28.087774684655265,1.500000756663994,0.19524361507120458
63.46722157875341,10.40099961822405,28.061246547132807,1.5000001167419663,0.2001211673593754
63.46722157875341,10.401643125618165,28.04289973565092,1.4999982536020715,0.20359684764785752
63.46722157875341,10.40228663301228,28.02506557198221,1.499995863510536,0.2070674511920165
63.46722157875341,10.402930140406392,28.00323293693147,1.4999948123567597,0.2113236468109695
63.46722157875341,10.403573647800506,27.97939685310714,1.4999949570624036,0.2159748010247193
63.46722157875341,10.404217155194619,27.951488705465636,1.4999887544446073,0.2213825107026259
63.46722157875341,10.404860662588733,27.92483563859231,1.4999873014204443,0.22666875381048804
63.46722157875341,10.405504169982848,27.89515843346434,1.4999910558844225,0.23275047448448646
63.46722157875341,10.40614767737696,27.868548854604384,1.4999958660004489,0.23823569378694126
63.46722157875341,10.406791184771075,27.84811457922373,1.4999856163745449,0.24242204368613027
63.46722157875341,10.40743469216519,27.836625674949598,1.4999643851636955,0.24467459430037694
63.46722157875341,10.408078199559302,27.83372005800606,1.4999646431979066,0.24515467796944215
63.46722157875341,10.408721706953417,27.809358750836,1.499908790829815,0.2502963269167829
63.46722157875341,10.40936521434753,27.778807672426396,1.500281920051631,0.25832480393304724
63.46722157875341,10.410008721741644,,,
63.46747052729119,10.382659533243777,29.0266123566903,1.4999999847078298,0.06884605973116871
63.46747052729119,10.383303046237872,28.996976650739494,1.5000000017316872,0.0715013255017761
63.46747052729119,10.383946559231967,28.967255543565834,1.5000000008240744,0.07423978994006036
63.46747052729119,10.384590072226061,28.93966109642215,1.5000000000079885,0.07686202087710747
63.46747052729119,10.385233585220156,28.910620128327025,1.500000000088329,0.07968651060818309
63.46747052729119,10.385877098214252,28.877372453817824,1.5000000006567622,0.08304261766550115
63.46747052729119,10.386520611208345,28.84083967101463,1.500000000898452,0.08687916158917325
63.46747052729119,10.38716412420244,28.801749591891358,1.500000000675891,0.09106181558286226
63.46747052729119,10.387807637196536,28.75897792123204,1.500000000303101,0.09579262589053526
63.46747052729119,10.38845115019063,28.71268937384177,1.500000000308411,0.10118433374289473
63.46747052729119,10.389094663184725,28.664874685199074,1.5000000006278862,0.1069844085581834
63.46747052729119,10.38973817617882,28.618671493023044,1.5000000017137527,0.11276087880216036
63.46747052729119,10.390381689172914,28.577406339686807,1.5000000018681474,0.11803225233663873
63.46747052729119,10.39102520216701,28.546820631925122,1.500000000635869,0.1219788529497752
63.46747052729119,10.391668715161105,28.51891544016043,1.4999999938640354,0.12574457127525665
63.46747052729119,10.392312228155198,28.49374100587218,1.4999999864262186,0.12931988338953326
63.46747052729119,10.392955741149294,28.464891084605313,1.4999999903612982,0.13355166045254574
63.46747052729119,10.393599254143387,28.427778129351818,1.5000000051207485,0.1390541939415353
63.46747052729119,10.394242767137483,28.39060333433337,1.5000000502340327,0.14460664319392413
63.46747052729119,10.394886280131578,28.353875980940806,1.500000078799315,0.15018418602933706
63.46747052729119,10.395529793125672,28.319925373536584,1.500000051416618,0.15554074587355046
63.46747052729119,10.396173306119767,28.28525895036804,1.4999999565564326,0.16119044897452287
63.46747052729119,10.396816819113862,28.25211734375543,1.4999997910634923,0.16661268365840132
63.46747052729119,10.397460332107956,28.22092654161791,1.499999730309931,0.17177410722433842
63.46747052729119,10.398103845102051,28.19765213772452,1.4999998577959892,0.17563686281270216
63.46747052729119,10.398747358096147,28.17491860894911,1.5000002638400904,0.17955048408998234
63.46747052729119,10.39939087109024,28.149350508546505,1.5000007766459613,0.18410277927139712
63.46747052729119,10.400034384084336,28.124362664400202,1.5000009221777986,0.18860775206793906
63.46747052729119,10.400677897078431,28.099061308241563,1.5000003823815717,0.19316011151914197
63.46747052729119,10.401321410072525,28.081322428161755,1.499998817828601,0.19640353823917286
63.46747052729119,10.40196492306662,28.06779000949997,1.4999971073565395,0.19895464491601844
63.46747052729119,10.402608436060715,28.05133884130037,1.499995576375781,0.20211037102713308
63.46747052729119,10.403251949054809,28.0295275729571,1.4999954741275279,0.20629549483369253
63.46747052729119,10.403895462048904,28.003000858279208,1.4999892102421608,0.2113472314093771
63.46747052729119,10.404538975043,27.974336317101454,1.4999838283456066,0.21684631409101796
63.46747052729119,10.405182488037093,27.947539122945987,1.4999886188238771,0.22214006824062535
63.46747052729119,10.405826001031189,27.920596199903272,1.4999992943717397,0.22760704184151243
63.46747052729119,10.406469514025284,27.89867742701414,1.5000007792359176,0.23204778568663295
63.46747052729119,10.407113027019378,27.880049732487407,1.4999858623040738,0.23579794618203856
63.46747052729119,10.407756540013473,27.86966801496929,1.499961935378799,0.2377631793022514
63.46747052729119,10.408400053007568,27.84933728781983,1.4999424770675227,0.2420341021806139
63.46747052729119,10.409043566001662,27.836774146209212,1.501016142538001,0.24776847682674027
63.46771947582897,10.382981168290407,29.03733315387716,1.4999999622593154,0.06791439602938697
63.46771947582897,10.383624686884593,28.99745515450487,1.4999999997861575,0.07146719203630116
63.46771947582897,10.384268205478778,28.972821996595055,1.4999999988219161,0.07373533382502498
63.46771947582897,10.384911724072964,28.94774183376995,1.4999999988564534,0.07608897316023787
63.46771947582897,10.385555242667149,28.920487762947566,1.4999999994823427,0.07872321154847564
63.46771947582897,10.386198761261333,28.889405849780033,1.5000000002404763,0.08182218769378047
63.46771947582897,10.38684227985552,28.854112837733467,1.5000000004288772,0.08542542142304213
63.46771947582897,10.387485798449704,28.814809876540522,1.5000000002241247,0.0895756761789456
63.46771947582897,10.388129317043889,28.771615575554886,1.4999999999970235,0.09433767976182722
63.46771947582897,10.388772835638076,28.724900271793352,1.5000000002240574,0.0997436795731914
63.46771947582897,10.38941635423226,28.677149331390833,1.500000001031884,0.10549668209668991
63.46771947582897,10.390059872826447,28.63172345186097,1.5000000014058932,0.1111180764411279
63.46771947582897,10.390703391420631,28.591968343947492,1.5000000002592673,0.11612818516093908
63.46771947582897,10.391346910014816,28.559981457030617,1.4999999950989507,0.1202413263863237
63.46771947582897,10.391990428609002,28.532669613028464,1.4999999881969073,0.1238958053521861
63.46771947582897,10.392633947203187,28.505774992034155,1.4999999879654355,0.1276528521992176
63.46771947582897,10.393277465797373,28.475089094360087,1.5000000029184948,0.13206576248853866
63.46771947582897,10.393920984391558,28.440937221147454,1.500000036324888,0.1370267051207869
63.46771947582897,10.394564502985743,28.406061329929607,1.5000000620008962,0.14216212842240877
63.46771947582897,10.39520802157993,28.371775734091948,1.500000045993885,0.1473372953793857
63.46771947582897,10.395851540174114,28.339076273622684,1.4999999576731409,0.15245640353558845
63.46771947582897,10.3964950587683,28.306068144605003,1.4999998387975972,0.1577431946563098
63.46771947582897,10.397138577362485,28.27352862023326,1.4999997863341292,0.1630281625659458
63.46771947582897,10.39778209595667,28.243143828721983,1.4999998964964243,0.1680236968434285
63.46771947582897,10.398425614550856,28.215532005399652,1.5000002173356304,0.1726434346914026
63.46771947582897,10.39906913314504,28.1881357592366,1.5000005189229335,0.17736683207721046
63.46771947582897,10.399712651739227,28.16175032288269,1.5000005582739988,0.18200174989129486
63.46771947582897,10.400356170333412,28.13754321552777,1.5000001020183777,0.18628415241156948
63.46771947582897,10.400999688927596,28.11836370109531,1.4999994683069953,0.18968024949997592
63.46771947582897,10.401643207521783,28.104596865751628,1.4999993478179157,0.1921556262133069
63.46771947582897,10.402286726115967,28.091555718921594,1.499999596936811,0.19456254994388808
63.46771947582897,10.402930244710154,28.07451667467174,1.4999999820885015,0.19775878390462842
63.46771947582897,10.403573763304339,28.051370409185516,1.4999959289831293,0.20209393767352776
63.46771947582897,10.404217281898523,28.02466201838784,1.499990593527096,0.20711885487374299
63.46771947582897,10.40486080049271,27.99726582072611,1.4999920480260744,0.21235782815397009
63.46771947582897,10.405504319086894,27.971934560613693,1.5000068748400326,0.21734604412998576
63.46771947582897,10.40614783768108,27.949382896581458,1.500022367784617,0.22185428290139156
63.46771947582897,10.406791356275265,27.9295071991513,1.5000269823800152,0.22583082921163455
63.46771947582897,10.40743487486945,27.91235768361255,1.5000122350260203,0.22922112538303624
63.46771947582897,10.408078393463637,27.897341715839545,1.5001933063391302,0.2328327688432688
63.46771947582897,10.408721912057821,27.912422872312558,1.50199039336962,0.2356941935607054
63.46796842436675,10.383302808934806,,,
63.46796842436675,10.38394633312919,29.00384465806077,1.4999999960408543,0.07089955351192263
63.46796842436675,10.384589857323576,28.98070924488598,1.4999999981101362,0.07299095137577374
63.46796842436675,10.385233381517962,28.959120703996177,1.49999999634082,0.07499883450898429
63.46796842436675,10.385876905712347,28.93267985175962,1.499999998896379,0.07753891231906279
63.46796842436675,10.386520429906733,28.902748437765545,1.499999999154929,0.08049527615417298
63.46796842436675,10.38716395410112,28.8672956159349,1.4999999990790804,0.08405254855355171
63.46796842436675,10.387807478295505,28.827672130366565,1.4999999989310187,0.08819988799216869
63.46796842436675,10.388451002489889,28.783431171997666,1.4999999995918027,0.09302884408141601
63.46796842436675,10.389094526684275,28.73695465116236,1.4999999996898379,0.09836657704406902
63.46796842436675,10.38973805087866,28.689136883642448,1.500000000030155,0.10409134515577853
63.46796842436675,10.390381575073047,28.645299750733116,1.499999999341857,0.10944229977883296
63.46796842436675,10.391025099267432,28.60597887771219,1.4999999940582085,0.11430385027479255
63.46796842436675,10.391668623461818,28.57331968005203,1.499999990360044,0.11845469835892417
63.46796842436675,10.392312147656202,28.545060032464658,1.4999999885781488,0.12219319515027896
63.46796842436675,10.392955671850588,28.514921566598534,1.5000000012657808,0.12634882594500607
63.46796842436675,10.393599196044974,28.480307116321764,1.500000027190476,0.1312816916307105
63.46796842436675,10.39424272023936,28.4467189609559,1.5000000379772946,0.13607929243859312
63.46796842436675,10.394886244433746,28.414085294858037,1.5000000257960977,0.14082686233585634
63.46796842436675,10.395529768628132,28.385826936056652,1.4999999248885445,0.14510569457976982
63.46796842436675,10.396173292822516,28.358443309823578,1.4999998208842962,0.14942945149900388
63.46796842436675,10.396816817016902,28.32625159094605,1.499999816707652,0.15456175673541372
63.46796842436675,10.397460341211287,28.294863975964088,1.4999999405591096,0.1596210347051535
63.46796842436675,10.398103865405673,28.264962307349652,1.5000004779624716,0.1644452476679938
63.46796842436675,10.398747389600059,28.23757414857988,1.5000005524128557,0.16898666021364828
63.46796842436675,10.399390913794445,28.20926108140371,1.5000003295793016,0.17382956644167324
63.46796842436675,10.40003443798883,28.18211788644011,1.4999996265281437,0.17851912788701654
63.46796842436675,10.400677962183215,28.156506045068483,1.499997454067642,0.18292497893614315
63.46796842436675,10.4013214863776,28.13903730316928,1.4999988783155378,0.18594190168742247
63.46796842436675,10.401965010571987,28.126591149123186,1.5000014279418208,0.1881265260342731
63.46796842436675,10.402608534766372,28.11206839253879,1.5000053572310295,0.19077143254051143
63.46796842436675,10.403252058960758,28.09214094170685,1.5000128327512379,0.19447730377696254
63.46796842436675,10.403895583155144,28.067933179722033,1.5000056458660294,0.1989333740134659
63.46796842436675,10.404539107349528,28.04199020863335,1.5000006634606868,0.20376381975127097
63.46796842436675,10.405182631543914,28.019131573549707,1.5000038459213483,0.20814726079485063
63.46796842436675,10.4058261557383,27.998556685405426,1.50007157457361,0.21233725391871586
63.46796842436675,10.406469679932686,27.977303121860594,1.500065999551682,0.21647306159868018
63.46796842436675,10.407113204127072,27.95926290700144,1.500066157040549,0.2199998046245394
63.46796842436675,10.407756728321457,27.949023073051574,1.5005018320028327,0.22329750988068287
63.46821737290453,10.384267984971832,29.014953499137473,1.4999999914920605,0.06990871839766549
63.46821737290453,10.384911514766527,28.99397020669981,1.4999999937498731,0.0717829610004106
63.46821737290453,10.385555044561222,28.97080424740201,1.499999997797174,0.07391948428414787
63.46821737290453,10.386198574355918,28.94646600560332,1.4999999989219719,0.07621537845984765
63.46821737290453,10.386842104150613,28.916064860404,1.4999999983819983,0.079192908905995
63.46821737290453,10.387485633945309,28.8798837843109,1.4999999980361518,0.08279426253370821
63.46821737290453,10.388129163740004,28.83856632518819,1.4999999986624504,0.08708877564164161
63.46821737290453,10.3887726935347,28.79445442516831,1.4999999997963065,0.09181959311140503
63.46821737290453,10.389416223329395,28.7492021930331,1.4999999993208404,0.09697077020189722
63.46821737290453,10.39005975312409,28.703340753568305,1.4999999986959789,0.10239041030700696
63.46821737290453,10.390703282918786,28.660814495284193,1.499999992455507,0.10747818390609659
63.46821737290453,10.391346812713481,28.61939942384739,1.499999986931101,0.11255764510911564
63.46821737290453,10.391990342508176,28.585088801890333,1.499999988859094,0.1168866428394264
63.46821737290453,10.392633872302872,28.55333164042863,1.5000000012373085,0.12106412214881414
63.46821737290453,10.393277402097567,28.517723513012662,1.5000000429182898,0.12598422218865662
63.46821737290453,10.393920931892263,28.482307093280596,1.5000000460924185,0.13097981868817377
63.46821737290453,10.394564461686958,28.44999872486411,1.5000000188013787,0.13553373874377522
63.46821737290453,10.395207991481653,28.42348218394134,1.4999999138099134,0.13938339770830252
63.46821737290453,10.395851521276349,28.40334644443363,1.4999996951048828,0.14247213598304295
63.46821737290453,10.396495051071044,28.378315764384585,1.4999997351840748,0.14640077426045964
63.46821737290453,10.39713858086574,28.347886077640922,1.499999929896991,0.1512100361169582
63.46821737290453,10.397782110660435,28.317635790200658,1.5000005670278502,0.15597966806979455
63.46821737290453,10.39842564045513,28.287863576375457,1.5000012515232424,0.16069763181572394
63.46821737290453,10.399069170249826,28.26077410752921,1.500000645750248,0.16515201178496874
63.46821737290453,10.399712700044521,28.23211622463619,1.499999517058554,0.1699891874842602
63.46821737290453,10.400356229839216,28.203776224980018,1.4999961628053686,0.1747630168975427
63.46821737290453,10.400999759633912,28.17793185761779,1.499994631683997,0.17913542137293445
63.46821737290453,10.401643289428607,28.160777630927512,1.499999218237874,0.1820454231854482
63.46821737290453,10.402286819223303,28.146238626353814,1.5000063414426899,0.18458956708806032
63.46821737290453,10.402930349017998,28.127876364043935,1.5000255657323323,0.1879532935508874
63.46821737290453,10.403573878812693,28.106659690658756,1.5000249871984646,0.19182559975481947
63.46821737290453,10.404217408607389,28.082534407017768,1.5000069931827333,0.1961897561768739
63.46821737290453,10.404860938402084,28.06134893336537,1.4999909312737132,0.20010171396903526
63.46821737290453,10.40550446819678,28.044850651825193,1.4999974631910697,0.2033075076044711
63.46821737290453,10.406147997991475,28.02808445514242,1.5001312670471116,0.20685825104047392
63.46821737290453,10.40679152778617,28.00956702207217,1.5001525391671704,0.21044233115808073
63.46821737290453,10.407435057580866,28.003189011447468,1.5007602525755597,0.2131712259168309
63.468466321442314,10.384589642412678,29.027565566433303,1.499999992520916,0.06878126286272658
63.468466321442314,10.385233177807793,29.00565629443194,1.4999999990152393,0.07072993027419452
63.468466321442314,10.385876713202908,28.984329716521604,1.5000000005376752,0.07265092099903182
63.468466321442314,10.386520248598023,28.95922928534025,1.499999999554395,0.07499768715655859
63.468466321442314,10.387163783993138,28.9272985905451,1.4999999985436991,0.0780909765838687
63.468466321442314,10.387807319388251,28.889358321510425,1.4999999985205141,0.08186855713491224
63.468466321442314,10.388450854783366,28.848118612207553,1.499999999591959,0.08609405211776762
63.468466321442314,10.389094390178482,28.80529230822239,1.5000000001939773,0.09063769221882267
63.468466321442314,10.389737925573597,28.761708448500485,1.4999999989938986,0.09553783585629678
63.468466321442314,10.390381460968712,28.718597076528212,1.4999999926806526,0.10051744126201392
63.468466321442314,10.391024996363827,28.67491013402877,1.4999999852359092,0.10570549819728829
63.468466321442314,10.391668531758942,28.632330866241883,1.4999999872815863,0.1109123259114293
63.468466321442314,10.392312067154055,28.59506811555614,1.5000000022423874,0.11561183096325128
63.468466321442314,10.39295560254917,28.55639470196794,1.500000045988919,0.1207433464891107
63.468466321442314,10.393599137944285,28.519486820277354,1.5000000717847666,0.1258056110442727
63.468466321442314,10.3942426733394,28.48598478795996,1.5000000326450431,0.1304701406849917
63.468466321442314,10.394886208734516,28.45838062415711,1.4999999166478302,0.13432915057935904
63.468466321442314,10.39552974412963,28.43845581392623,1.4999996785875576,0.13722486739613596
63.468466321442314,10.396173279524746,28.420493171257803,1.4999996010253835,0.13994403957501572
63.468466321442314,10.39681681491986,28.396981744739286,1.4999998749014165,0.14357689908244792
63.468466321442314,10.397460350314974,28.368975255834837,1.5000005966998673,0.1479015708371524
63.468466321442314,10.39810388571009,28.33993904632372,1.5000015187630498,0.15238837535010008
63.468466321442314,10.398747421105204,28.31061907460102,1.5000014476604477,0.15699095109337802
63.468466321442314,10.39939095650032,28.28317439332562,1.4999998121042986,0.16145812293188197
63.468466321442314,10.400034491895434,28.25471784948514,1.4999958466386392,0.16614716304854177
63.468466321442314,10.40067802729055,28.226601481712283,1.4999923735210297,0.1708209374522239
63.468466321442314,10.401321562685665,28.201014064109604,1.4999947167811396,0.1751222129707362
63.468466321442314,10.40196509808078,28.18215928505206,1.5000044498836111,0.17832498568506938
63.468466321442314,10.402608633475893,28.16227775741475,1.5000269408726257,0.1818525793425681
63.468466321442314,10.403252168871008,28.142484244916957,1.5000396970254986,0.18541522404617877
63.468466321442314,10.403895704266123,28.121798514149184,1.5000190725555358,0.18909555821562257
63.468466321442314,10.404539239661238,28.101215103682392,1.4999792145732698,0.19273753686033845
63.468466321442314,10.405182775056353,28.085477253798487,1.4999426658084931,0.19558804397868676
63.468466321442314,10.405826310451468,28.07343273188307,1.4999567533962337,0.19791080523327073
63.468466321442314,10.406469845846583,28.06045723916043,1.500134716083363,0.2007471212636959
63.468466321442314,10.407113381241698,,,
63.468715269980095,10.384911305451896,29.037835702579873,1.5000000050011337,0.06786093793115061
63.468715269980095,10.385554846447539,29.015260251730922,1.5000000100759225,0.0698468973218572
63.468715269980095,10.386198387443184,28.99353641542822,1.5000000075812423,0.07178460349330006
63.468715269980095,10.386841928438827,28.967808713091145,1.5000000028432465,0.07417053775956921
63.468715269980095,10.387485469434472,28.93477386597789,1.5000000003679557,0.0773439413030421
63.468715269980095,10.388129010430115,28.896948270028307,1.5000000007389869,0.08105748353488734
63.468715269980095,10.38877255142576,28.85684909123108,1.5000000014073485,0.08512476860901672
63.468715269980095,10.389416092421403,28.815813958941405,1.5000000008999488,0.08947013150779885
63.468715269980095,10.390059633417048,28.774440679564716,1.4999999973717797,0.09406560427083042
63.468715269980095,10.39070317441269,28.73088292345393,1.4999999911992858,0.09906418730157912
63.468715269980095,10.391346715408336,28.687273860037752,1.49999999032807,0.10422166976136586
63.468715269980095,10.391990256403979,28.64492110653961,1.5000000032923722,0.10938318516757374
63.468715269980095,10.392633797399622,28.6037126126361,1.5000000357416086,0.11462031555457126
63.468715269980095,10.393277338395267,28.563775471610555,1.5000000673851681,0.11989815131309062
63.468715269980095,10.39392087939091,28.52723257723329,1.5000000561256164,0.12483803624635356
63.468715269980095,10.394564420386555,28.495954522075895,1.4999999642000306,0.12910094348445497
63.468715269980095,10.395207961382198,28.473452918463448,1.4999997814466761,0.1322066515735888
63.468715269980095,10.395851502377843,28.455550181280575,1.4999996617726186,0.13475945306608736
63.468715269980095,10.396495043373486,28.436950711381236,1.499999813207518,0.13751183637627218
63.468715269980095,10.39713858436913,28.413041670384345,1.5000004101267161,0.14111380774682383
63.468715269980095,10.397782125364774,28.38633520085594,1.500001272060269,0.14514063177259556
63.468715269980095,10.398425666360419,28.358398970463412,1.5000015884460016,0.14940014431794046
63.468715269980095,10.399069207356062,28.330821620960723,1.5000004658793296,0.1537036477469769
63.468715269980095,10.399712748351705,28.304137358100053,1.4999972607369758,0.15800487420628176
63.468715269980095,10.40035628934735,28.276031384568448,1.4999933737965114,0.16259764440987723
63.468715269980095,10.400999830342993,28.248988639062908,1.4999930705958135,0.16706897262365175
63.468715269980095,10.401643371338638,28.22492489545899,1.5000007336530874,0.17109471395776843
63.468715269980095,10.402286912334281,28.203291125093678,1.5000178194840987,0.17479722997821948
63.468715269980095,10.402930453329926,28.182206044407323,1.500033906574471,0.1784860428382671
63.468715269980095,10.40357399432557,28.161544775233622,1.5000276032234712,0.1821050494818008
63.468715269980095,10.404217535321214,28.141770190165268,1.499965832363951,0.18546785967209234
63.468715269980095,10.404861076316857,28.126975594203937,1.499830450754322,0.1878139965239148
63.468715269980095,10.405504617312502,28.115967329931998,1.4997417381397393,0.1896059251048769
63.468715269980095,10.406148158308145,28.10645928220502,1.4998093278175306,0.19146005841818028
63.468964218517876,10.385876520685931,29.015722935604902,1.500000022096092,0.06984266008929974
63.468964218517876,10.386520067282214,28.988514518740065,1.5000000193010723,0.07229157942710555
63.468964218517876,10.387163613878496,28.966079491086468,1.5000000095943444,0.07433925057099487
63.468964218517876,10.387807160474779,28.9358756195396,1.5000000044458015,0.07722357452301183
63.468964218517876,10.388450707071062,28.898757746839898,1.500000004727493,0.08083173333712189
63.468964218517876,10.389094253667345,28.861115711900144,1.5000000035684928,0.08463788222683638
63.468964218517876,10.389737800263626,28.827844308159417,1.4999999996674271,0.08817332612831424
63.468964218517876,10.39038134685991,28.789259503378883,1.5000000003885838,0.09244234251629614
63.468964218517876,10.391024893456192,28.746148552500472,1.499999998656424,0.09736463638305029
63.468964218517876,10.391668440052475,28.702397489605907,1.5000000072158122,0.10249270779192012
63.468964218517876,10.392311986648757,28.65893696559339,1.5000000330228869,0.10768980847347567
63.468964218517876,10.39295553324504,28.618704168480303,1.5000000520121302,0.11277497919107168
63.468964218517876,10.393599079841323,28.578814840370075,1.5000000572822365,0.11800287914137851
63.468964218517876,10.394242626437606,28.54244571737846,1.4999999796821606,0.1228102877040004
63.468964218517876,10.394886173033887,28.511327512026714,1.499999897644214,0.12695599433760613
63.468964218517876,10.39552971963017,28.49030943959871,1.4999998104765813,0.12979116750297093
63.468964218517876,10.396173266226453,28.472318368661238,1.4999998655931148,0.1323091474077179
63.468964218517876,10.396816812822737,28.44931409092168,1.5000004091302463,0.13567699095943808
63.468964218517876,10.397460359419018,28.4223946419987,1.500000867558438,0.13966915252068265
63.468964218517876,10.3981039060153,28.39579202816938,1.5000013002130617,0.14360696101809994
63.468964218517876,10.398747452611584,28.370490058018227,1.5000006463826052,0.14742659834648592
63.468964218517876,10.399390999207867,28.350348149601146,1.499998057743396,0.15060518035611353
63.468964218517876,10.400034545804148,28.326415951223197,1.4999967272973018,0.15446227141998106
63.468964218517876,10.400678092400431,28.299507423732543,1.499995058690227,0.1588392833600839
63.468964218517876,10.401321638996714,28.274207585453226,1.4999998986406704,0.16298308199844494
63.468964218517876,10.401965185592998,28.251161360792366,1.5000105112301392,0.16677735031431784
63.468964218517876,10.402608732189279,28.230210445143378,1.5000168784268841,0.17031264170050067
63.468964218517876,10.403252278785562,28.208102551814967,1.5000205984921808,0.17410397604120736
63.468964218517876,10.403895825381845,28.18841704860366,1.4999627670789624,0.1773613199612475
63.468964218517876,10.404539371978128,28.175564646595404,1.4997852713184154,0.17917778648718935
63.468964218517876,10.405182918574411,28.16471530282512,1.4995798053019187,0.18055791483337538
63.468964218517876,10.405826465170692,,,
63.46921316705566,10.386198200523133,29.027433061329152,1.4999999853792947,0.06872198678249034
63.46921316705566,10.386841752720162,28.986958733057214,1.5000000238943945,0.0724682571848418
63.46921316705566,10.387485304917194,28.959912183295398,1.5000000151442077,0.07494803489986399
63.46921316705566,10.388128857114225,28.932730220450384,1.5000000073924684,0.07752572183880242
63.46921316705566,10.388772409311256,28.89884430702718,1.5000000048995095,0.08081355670611348
63.46921316705566,10.389415961508286,28.870463246890942,1.4999999985833044,0.08369267796224693
63.46921316705566,10.390059513705317,28.841287437796016,1.4999999980666434,0.08675853109945138
63.46921316705566,10.390703065902349,28.803978361006795,1.5000000035409784,0.09085080362012538
63.46921316705566,10.39134661809938,28.761429555891187,1.500000010932944,0.0956571639408148
63.46921316705566,10.391990170296411,28.717146683849872,1.5000000394515443,0.10074171516313292
63.46921316705566,10.392633722493441,28.674542558720177,1.5000000521033832,0.1057785976808417
63.46921316705566,10.393277274690472,28.635085525937793,1.5000000440684125,0.11072776373188258
63.46921316705566,10.393920826887504,28.596318216854566,1.4999999776466848,0.11570148498197794
63.46921316705566,10.394564379084535,28.560639002558766,1.499999860716561,0.12032829624730113
63.46921316705566,10.395207931281565,28.52976814371055,1.4999998781762847,0.1243923948398201
63.46921316705566,10.395851483478596,28.508066827972662,1.4999999439650082,0.12728352319314234
63.46921316705566,10.396495035675628,28.484018979256437,1.5000004164129948,0.13065821752677761
63.46921316705566,10.397138587872659,28.45708206168629,1.5000010645187625,0.13457112078834224
63.46921316705566,10.39778214006969,28.429979373744274,1.5000009566720276,0.1385252067498637
63.46921316705566,10.39842569226672,28.40547004541538,1.500000428005082,0.14210350538217467
63.46921316705566,10.399069244463751,28.387192513155696,1.4999978539701462,0.14486842318247653
63.46921316705566,10.399712796660783,28.371218413364463,1.499996224877592,0.1473873672653409
63.46921316705566,10.400356348857814,28.349410216639612,1.4999976988082984,0.1508785708211441
63.46921316705566,10.400999901054844,28.32501226487317,1.5000014713842529,0.15480484874797706
63.46921316705566,10.401643453251875,28.30144857710465,1.5000152150949917,0.15860247545369327
63.46921316705566,10.402287005448906,28.27942914218093,1.5000159860718802,0.1621514564292951
63.46921316705566,10.402930557645938,28.258598579045167,1.5000073564795233,0.16558640731506818
63.46921316705566,10.40357410984297,28.23905493950375,1.4999533470819162,0.1687278344985703
63.46921316705566,10.404217662039999,28.2258974070462,1.4997268432674662,0.17037466206169774
63.46921316705566,10.40486121423703,28.20705379051996,1.499570369236319,0.17303817171776628
63.469462115593444,10.386519885959306,29.03715373069106,1.5000003729845675,0.06793539770981895
63.469462115593444,10.387163443757196,28.99861867515363,1.499999962228044,0.0713240403074922
63.469462115593444,10.387807001555084,28.958243706588476,1.5000000116136742,0.07512151001035135
63.469462115593444,10.388450559352973,28.93115534994751,1.5000000033687049,0.07767909872270606
63.469462115593444,10.389094117150862,28.90627647943872,1.4999999955288654,0.08009475442972752
63.469462115593444,10.389737674948751,28.881747702983702,1.4999999922446627,0.08254901158176645
63.469462115593444,10.39038123274664,28.853112451036733,1.4999999962089876,0.08552464084683473
63.469462115593444,10.39102479054453,28.81615596008529,1.5000000081081544,0.08952006252542728
63.469462115593444,10.391668348342417,28.77476754295502,1.50000003629464,0.09409339486354881
63.469462115593444,10.392311906140307,28.731820466165306,1.5000000545149488,0.09895769176859838
63.469462115593444,10.392955463938195,28.69037716231416,1.5000000367247035,0.10382052258258463
63.469462115593444,10.393599021736085,28.65222951433319,1.4999999670160948,0.10852286725306066
63.469462115593444,10.394242579533973,28.61559500224681,1.4999998473691267,0.11313078759828331
63.469462115593444,10.394886137331863,28.580727478879595,1.499999806987922,0.11761709793385045
63.469462115593444,10.395529695129751,28.549362288298457,1.4999999524354204,0.12172905468110977
63.469462115593444,10.39617325292764,28.521637002125797,1.5000004019463244,0.12547086393394247
63.469462115593444,10.39681681072553,28.49267189762011,1.5000010346281187,0.12953080486676774
63.469462115593444,10.397460368523419,28.46548218699232,1.5000011220335772,0.13341679213946647
63.469462115593444,10.398103926321308,28.440563502242856,1.5000001958811666,0.1369893332408005
63.469462115593444,10.398747484119196,28.421476810732052,1.49999761233405,0.13975297451365792
63.469462115593444,10.399391041917086,28.40679098697148,1.4999953244826112,0.1419462756147349
63.469462115593444,10.400034599714974,28.392318963991432,1.4999963406992618,0.14418769268246429
63.469462115593444,10.400678157512864,28.37280580416189,1.500002190602032,0.14726479893082273
63.469462115593444,10.401321715310752,28.351414767244144,1.5000174891278677,0.15064357584768176
63.469462115593444,10.401965273108642,28.32919266036371,1.5000268239543797,0.15414242772394185
63.469462115593444,10.40260883090653,28.307870471667574,1.5000123770046854,0.1574822177913609
63.469462115593444,10.40325238870442,28.289213175024756,1.4999522009997932,0.16035239327214346
63.469462115593444,10.403895946502308,28.26887975784868,1.4997525324017134,0.16311954151930494
63.469462115593444,10.404539504300198,,,
63.469711064131225,10.386841576994618,,,
63.469711064131225,10.387485140393474,29.012703453811174,1.4999999276845921,0.06997656233623674
63.469711064131225,10.388128703792331,28.967289543011717,1.4999999738961631,0.07424026917391323
63.469711064131225,10.388772267191188,28.936553915287092,1.4999999896897338,0.07715412178123993
63.469711064131225,10.389415830590044,28.915046355790743,1.4999999832955644,0.07919687758560365
63.469711064131225,10.390059393988901,28.89149796009956,1.499999982725787,0.08153311367665764
63.469711064131225,10.390702957387758,28.861293224039343,1.4999999938488693,0.08466309488324651
63.469711064131225,10.391346520786614,28.82280266241061,1.5000000096983053,0.08874253380286334
63.469711064131225,10.39199008418547,28.78228628034516,1.500000028302452,0.09314201434462713
63.469711064131225,10.392633647584328,28.741567898077815,1.5000000231896364,0.09770593001096989
63.469711064131225,10.393277210983184,28.70526778027466,1.4999999661335592,0.10197560496101744
63.469711064131225,10.39392077438204,28.669023454697285,1.4999998682996345,0.10640847384364088
63.469711064131225,10.394564337780897,28.633318463739847,1.499999794884216,0.11087869580604455
63.469711064131225,10.395207901179754,28.599867625394932,1.4999998552971106,0.1151551726469725
63.469711064131225,10.39585146457861,28.56890162819074,1.5000001167655883,0.11917350630407644
63.469711064131225,10.396495027977467,28.538238543315867,1.5000005806239114,0.12331786584137601
63.469711064131225,10.397138591376324,28.508395112499265,1.500000812873832,0.12745348797709713
63.469711064131225,10.39778215477518,28.480945591066583,1.5000001948686874,0.13129571864224426
63.469711064131225,10.398425718174037,28.457706863147234,1.4999983876247296,0.1345392728584118
63.469711064131225,10.399069281572894,28.44207972199464,1.4999958753794063,0.13674283833547968
63.469711064131225,10.39971284497175,28.42874811217093,1.4999952957243337,0.13868479803562642
63.469711064131225,10.400356408370607,28.413436709730846,1.4999995260043777,0.14100522299475526
63.469711064131225,10.400999971769464,28.394442863026985,1.500009756890721,0.14392785236437985
63.469711064131225,10.40164353516832,28.374048912287545,1.5000263093952744,0.1470555509094783
63.469711064131225,10.402287098567177,28.35353491816529,1.500027794776544,0.15018720013412898
63.469711064131225,10.402930661966034,28.33263143512053,1.4999713989968557,0.15330765457898543
63.469711064131225,10.40357422536489,28.305872170093906,1.4998528695004005,0.15719880852658732
63.469960012669006,10.387806842629168,29.02320627871433,1.5000002773217582,0.06911884857568326
63.469960012669006,10.388450411629101,28.982124967954583,1.4999999310688648,0.07281245211048
63.469960012669006,10.389093980629035,28.946903022449934,1.4999999712400056,0.0761687959137698
63.469960012669006,10.389737549628968,28.925917170077284,1.4999999659714074,0.07814914702179249
63.469960012669006,10.390381118628902,28.899549070684255,1.4999999786029108,0.08076655552704949
63.469960012669006,10.391024687628837,28.861713778482617,1.499999991653701,0.08462463264164809
63.469960012669006,10.39166825662877,28.82175524319574,1.4999999975851765,0.08880221573539428
63.469960012669006,10.392311825628704,28.782673159097463,1.5000000032062417,0.09298748820789457
63.469960012669006,10.392955394628638,28.74958988844343,1.499999965739728,0.0967009231396615
63.469960012669006,10.393598963628571,28.721753531880914,1.499999874534865,0.10002834578348672
63.469960012669006,10.394242532628505,28.688219112573737,1.4999998056440158,0.1041138216175664
63.469960012669006,10.39488610162844,28.65399127071469,1.4999998130068726,0.10836362126708633
63.469960012669006,10.395529670628374,28.620835199278584,1.5000000438155667,0.11250496106461604
63.469960012669006,10.396173239628308,28.590429859897327,1.500000181272943,0.11638525184405658
63.469960012669006,10.396816808628241,28.55996787542233,1.5000003730036855,0.12046894391657872
63.469960012669006,10.397460377628175,28.529464588186265,1.5000000662686168,0.12462530023120005
63.469960012669006,10.398103946628108,28.500600074066366,1.4999983562129973,0.12854611148847253
63.469960012669006,10.398747515628044,28.47800515637089,1.499997195087499,0.13163013188066733
63.469960012669006,10.399391084627977,28.463536028130576,1.4999959332632082,0.1336109716371906
63.469960012669006,10.40003465362791,28.44876977393602,1.499998588162846,0.13573037971343274
63.469960012669006,10.400678222627844,28.431819700064274,1.5000029613319574,0.13829037890457077
63.469960012669006,10.401321791627778,28.41184435538053,1.5000069422681048,0.14126766199507093
63.469960012669006,10.401965360627711,28.392783409896243,1.5000236115610703,0.1440878585069787
63.469960012669006,10.402608929627647,28.36973855717481,1.4999839836217497,0.14748300632177402
63.469960012669006,10.40325249862758,,,
63.47020896120679,10.388128550464437,29.03421314695631,1.5000008336647634,0.06824371661897909
63.47020896120679,10.388772125065557,28.99715573408559,1.49999992786416,0.07139978744793259
63.47020896120679,10.389415699666678,28.961262597267584,1.499999962547752,0.07481619499997264
63.47020896120679,10.390059274267799,28.93563634371152,1.4999999742350525,0.07727167630499546
63.47020896120679,10.39070284886892,28.89857987995922,1.4999999891939586,0.08094527269760139
63.47020896120679,10.39134642347004,28.858868784729687,1.499999990167016,0.08494209856775801
63.47020896120679,10.39198999807116,28.82047059430058,1.4999999902483272,0.0889032823794241
63.47020896120679,10.392633572672281,28.788175485666656,1.4999999697378323,0.09234333002071955
63.47020896120679,10.393277147273402,28.76364214371245,1.4999998893466067,0.09512613525263029
63.47020896120679,10.393920721874522,28.738661769747562,1.499999838782309,0.09808718847398269
63.47020896120679,10.394564296475643,28.707071653209724,1.4999998420066432,0.1018898404386313
63.47020896120679,10.395207871076764,28.674455707034035,1.5000000265920084,0.10584061540064155
63.47020896120679,10.395851445677886,28.6422156544252,1.500000215164849,0.10978149215536158
63.47020896120679,10.396495020279007,28.612194591896923,1.5000001416119526,0.1135714388974134
63.47020896120679,10.397138594880127,28.581562255993482,1.499999937040075,0.11761815929751175
63.47020896120679,10.397782169481248,28.551037525699122,1.4999984936497894,0.12166377976910583
63.47020896120679,10.398425744082369,28.522411536762164,1.4999970291350457,0.12549289568149352
63.47020896120679,10.39906931868349,28.499991018575308,1.4999973744568618,0.12850879284310096
63.47020896120679,10.39971289328461,28.483339977127248,1.4999992826287305,0.13077952799663858
63.47020896120679,10.40035646788573,28.46548267369999,1.5000035449180291,0.1333556083596782
63.47020896120679,10.401000042486851,28.44756692388376,1.500004184346474,0.1360114336856026
63.47020896120679,10.401643617087972,28.427085608924347,1.5000029790272613,0.13896361275642755
63.47020896120679,10.402287191689092,28.403689404495495,1.499990993554275,0.1423609305003619
63.47045790974457,10.388450263899445,,,
63.47045790974457,10.389093844101863,29.0077447575213,1.5000001472002613,0.07049966282942205
63.47045790974457,10.38973742430428,28.973937372940746,1.499999993323876,0.07366119479080731
63.47045790974457,10.390381004506697,28.93681816081796,1.5000000064259242,0.07727052168588867
63.47045790974457,10.391024584709115,28.89706006651539,1.5000000043242818,0.0811780868646607
63.47045790974457,10.391668164911533,28.858789309849996,1.4999999975610854,0.08498742562281097
63.47045790974457,10.39231174511395,28.82579539809268,1.4999999850328394,0.08834603490401621
63.47045790974457,10.392955325316366,28.800501269533417,1.499999937029941,0.09103378540338565
63.47045790974457,10.393598905518784,28.778280069726197,1.4999999033841456,0.09352249547624186
63.47045790974457,10.394242485721202,28.75405196228873,1.4999999332611473,0.09633349955235375
63.47045790974457,10.394886065923618,28.724502089662458,1.5000000781886873,0.09979380665501143
63.47045790974457,10.395529646126036,28.6936019149495,1.5000002575189855,0.1034430354656892
63.47045790974457,10.396173226328454,28.662396663497002,1.5000002857942838,0.1072068947591077
63.47045790974457,10.396816806530872,28.632229151792032,1.499999992359045,0.11097668802493642
63.47045790974457,10.397460386733288,28.602316819187383,1.4999988639243385,0.11483155914514478
63.47045790974457,10.398103966935706,28.57257479900272,1.4999975917745356,0.11872366191948956
63.47045790974457,10.398747547138123,28.54479952164845,1.4999976656095813,0.12240531467741905
63.47045790974457,10.39939112734054,28.52138724102828,1.50000032780537,0.1255417593878523
63.47045790974457,10.400034707542957,28.50083048716271,1.5000057887677882,0.1283937974327456
63.47045790974457,10.400678287745375,28.481521541499387,1.5000101231926117,0.13115866714428276
63.47045790974457,10.401321867947793,28.461726114200786,1.5000056282837837,0.13399693262015286
63.47045790974457,10.401965448150209,,,
63.47070685828235,10.389415568738185,29.020102811806392,1.5000004717495548,0.06946353431985183
63.47070685828235,10.390059154542008,28.983293522718643,1.5000000306703543,0.07283772043182045
63.47070685828235,10.390702740345832,28.94378235648283,1.500000026902137,0.07664846790953775
63.47070685828235,10.391346326149655,28.90362863138097,1.5000000275223615,0.08056795121903551
63.47070685828235,10.391989911953479,28.867229047209403,1.5000000048225122,0.08415016970783781
63.47070685828235,10.392633497757302,28.838089161328302,1.5000000599165753,0.08707560572510945
63.47070685828235,10.393277083561125,28.815642558883084,1.5000000596540897,0.08942482652857293
63.47070685828235,10.393920669364949,28.79363486090863,1.5000000951358532,0.0918448240119393
63.47070685828235,10.394564255168772,28.76525780353045,1.5000002233160432,0.09503981580472624
63.47070685828235,10.395207840972596,28.735040250377704,1.500000298232111,0.0984850884053016
63.47070685828235,10.395851426776419,28.705080706849397,1.5000003573055056,0.10195260427577593
63.47070685828235,10.396495012580242,28.676066549369008,1.5000001601744881,0.10541720013760394
63.47070685828235,10.397138598384066,28.650288419311277,1.500000118635008,0.10865871947435166
63.47070685828235,10.397782184187891,28.620659913817093,1.499999479550242,0.11245517865087953
63.47070685828235,10.398425769991714,28.591645414459876,1.4999991970046063,0.1162238205246777
63.47070685828235,10.399069355795538,28.56665420222932,1.500001522341562,0.11950920188671704
63.47070685828235,10.399712941599361,28.54553228225976,1.500011121548693,0.12238686321003932
63.47070685828235,10.400356527403185,28.525423659843526,1.5000203304357898,0.12520916125260284
63.47070685828235,10.401000113207008,28.500961615795536,1.5000234120395879,0.12859721664975868
63.47070685828235,10.401643699010831,,,
63.47095580682013,10.389737298974685,29.033710023753713,1.500000713223823,0.06829319742793537
63.47095580682013,10.390380890380024,28.995185072793554,1.5000000935626814,0.07178389772974468
63.47095580682013,10.391024481785363,28.954575186650896,1.500000054055908,0.07567425663806959
63.47095580682013,10.391668073190703,28.91588510912276,1.4999999523506236,0.07939122430206287
63.47095580682013,10.392311664596043,28.881935635938415,1.5000000364399675,0.08264496306003234
63.47095580682013,10.392955256001382,28.854135623133033,1.5000001789335882,0.08541846653668142
63.47095580682013,10.393598847406722,28.831663128379592,1.500000242051728,0.08774400769724469
63.47095580682013,10.39424243881206,28.803265943486426,1.5000004010921353,0.09080277432690848
63.47095580682013,10.3948860302174,28.770499962512854,1.5000005422505174,0.09442594286884685
63.47095580682013,10.395529621622739,28.739931180426076,1.5000003315045427,0.09784580762931538
63.47095580682013,10.39617321302808,28.71262779888963,1.5000000385600067,0.10096583413633893
63.47095580682013,10.396816804433419,28.691210147523307,1.499999568005574,0.10355289737896867
63.47095580682013,10.397460395838758,28.668985963279265,1.5000006841208284,0.10634843943600618
63.47095580682013,10.398103987244097,28.640883172898207,1.5000010819636986,0.10993053601036694
63.47095580682013,10.398747578649436,28.61625113027916,1.5000033352249285,0.11310845940709943
63.47095580682013,10.399391170054775,28.59716392215282,1.5000138956611475,0.11567589916376975
63.47095580682013,10.400034761460116,28.571201649829057,1.5000292974533311,0.11919119729661942
63.47095580682013,10.400678352865455,,,
63.47120475535791,10.390059034811529,,,
63.47120475535791,10.390702631818494,29.008730635479957,1.500000099746795,0.07057064217895131
63.47120475535791,10.391346228825459,28.9691320348143,1.499999896443586,0.07429597731862245
63.47120475535791,10.391989825832423,28.932958627690248,1.4999998848111569,0.07765255053963696
63.47120475535791,10.392633422839388,28.899318150700115,1.5000000326945755,0.08086426023816355
63.47120475535791,10.393277019846353,28.870980408363824,1.5000002233885126,0.08368617212390853
63.47120475535791,10.393920616853318,28.841130982664374,1.5000004541741423,0.08678088558011954
63.47120475535791,10.394564213860283,28.80706474327043,1.5000007971098883,0.09043233472084303
63.47120475535791,10.395207810867248,28.77490153181759,1.500000609150608,0.09394021223416481
63.47120475535791,10.395851407874213,28.746914846155388,1.4999999290097819,0.09702391085305956
63.47120475535791,10.396495004881178,28.725946319209307,1.4999990000499195,0.09942001601529898
63.47120475535791,10.397138601888143,28.70876781906454,1.4999988608898764,0.10148092457360859
63.47120475535791,10.397782198895108,28.68935374697714,1.5000010156938568,0.10390291443874416
63.47120475535791,10.398425795902073,28.66613961558645,1.5000037844513485,0.1068395957525544
63.47120475535791,10.399069392909038,28.643938029123373,1.5000167130948845,0.10974404406333453
63.47120475535791,10.399712989916003,28.603061191597668,1.5000560240351568,0.11518253871693268
63.47120475535791,10.400356586922967,,,
63.4714537038957,10.391024378857583,29.024146903223347,1.4999998571033117,0.06912618596349515
63.4714537038957,10.391667981466282,28.98615714810606,1.4999996765348782,0.07259947645087704
63.4714537038957,10.392311584074983,28.94985299970561,1.4999997217768428,0.0759483578500652
63.4714537038957,10.392955186683682,28.915667389913622,1.499999909704582,0.07920532490633429
63.4714537038957,10.393598789292383,28.882731536292503,1.5000002228675446,0.0825162174139158
63.4714537038957,10.394242391901082,28.84785106361943,1.500000659020301,0.08615335347461536
63.4714537038957,10.394885994509783,28.8138019850675,1.5000007902149568,0.08977652459375912
63.4714537038957,10.395529597118484,28.783896411730925,1.5000001560177711,0.09299479388006723
63.4714537038957,10.396173199727183,28.761254441107354,1.4999986277499926,0.09545130395468153
63.4714537038957,10.396816802335884,28.744529282983347,1.4999973125616064,0.09731760559084289
63.4714537038957,10.397460404944583,28.729618936007142,1.4999975262220482,0.09906859251280585
63.4714537038957,10.398104007553284,28.712313900948292,1.5000006494816063,0.10119343182565081
63.4714537038957,10.398747610161983,28.680193354525507,1.500026507755281,0.10535280943011409
63.4714537038957,10.399391212770684,,,
63.47170265243348,10.391346131497453,,,
63.47170265243348,10.391989739707999,29.002348901754974,1.499998249714313,0.07108858968586415
63.47170265243348,10.392633347918544,28.965472989615762,1.4999985426333944,0.07446730215006042
63.47170265243348,10.393276956129089,28.930668775974713,1.4999991592009638,0.0777501541442764
63.47170265243348,10.393920564339632,28.89691832011923,1.5000002375220505,0.08113546380866543
63.47170265243348,10.394564172550178,28.8612209071083,1.5000008120321804,0.08485734709957939
63.47170265243348,10.395207780760723,28.82801205764886,1.5000008356150083,0.08835747790644721
63.47170265243348,10.395851388971268,28.800961072623313,1.4999994319654892,0.09119654969012737
63.47170265243348,10.396494997181813,28.78269306606432,1.4999957073360455,0.09311976976432446
63.47170265243348,10.397138605392358,28.76970381769662,1.4999948670800005,0.09448736739822597
63.47170265243348,10.397782213602904,28.75258278049858,1.4999929084107222,0.09648845079282105
63.47170265243348,10.398425821813447,28.71413676227269,1.5000266889316614,0.10144032492939543
63.47170265243348,10.399069430023992,,,
63.47195160097126,10.39166788973827,,,
63.47195160097126,10.39231150355077,,,
63.47195160097126,10.39295511736327,28.982874741822783,1.4999968855240042,0.0728430631468523
63.47195160097126,10.39359873117577,28.94752764643001,1.499998308264313,0.0761566506019849
63.47195160097126,10.39424234498827,28.913336573137958,1.5000003353494433,0.07957286471073205
63.47195160097126,10.394885958800769,28.878173151095403,1.5000014633223113,0.08320459062190916
63.47195160097126,10.395529572613269,28.847976503945883,1.5000023843679462,0.08628144436057728
63.47195160097126,10.396173186425766,28.823299095472848,1.4999988409265639,0.08882385858318857
63.47195160097126,10.396816800238266,28.807376586962768,1.499992860315923,0.09043821134731314
63.47195160097126,10.397460414050766,28.790094511686736,1.4999870336818875,0.09233211324002191
63.47195160097126,10.398104027863265,,,
63.47220054950904,10.3919896535802,,,
63.47220054950904,10.392633272994765,,,
63.47220054950904,10.393276892409327,,,
63.47220054950904,10.393920511823891,28.965946656861583,1.4999980088759637,0.074400545509275
63.47220054950904,10.394564131238456,28.931533627399766,1.5000010483676012,0.07781667140377098
63.47220054950904,10.395207750653018,28.89968656909456,1.5000043840808854,0.0809888575613043
63.47220054950904,10.395851370067582,28.871553440563673,1.5000057196134442,0.08378525006853837
63.47220054950904,10.396494989482147,28.847326986745482,1.4999996125569797,0.08624003835984974
63.47220054950904,10.397138608896709,28.82796561941673,1.4999890885163891,0.08826476001112697
63.47220054950904,10.397782228311273,,,
63.47244949804682,10.392955048040143,,,
63.47244949804682,10.39359867305688,,,
63.47244949804682,10.394242298073618,,,
63.47244949804682,10.394885923090355,,,
63.47244949804682,10.395529548107094,,,
63.47244949804682,10.396173173123831,,,
63.47244949804682,10.396816798140568,,,
63.4726984465846,10.393276828687071,,,
63.4726984465846,10.393920459306093,,,
63.4726984465846,10.394564089925113,,,
63.4726984465846,10.395207720544136,,,
63.4726984465846,10.395851351163156,,,
63.4726984465846,10.396494981782178,,,
63.47294739512238,10.393598614935716,,,
63.47294739512238,10.394242251157129,,,
63.47294739512238,10.394885887378544,,,
63.47294739512238,10.395529523599958,,,
63.47294739512238,10.396173159821373,,,
63.47319634366016,10.394564048610155,,,
63.47319634366016,10.395207690434072,,,
63.473445292197944,10.394885851665334,,,
